 #NTuple/Z0                                                                      
 output from Ecalc9f version   2.09
  settings: 
    particle type:            2
    pzmin/pzmax:    0.0000000000000000      /   100.00000000000000     
    transverse cuts:    0.0000000000000000        0.0000000000000000     
    longitudinal cut:    0.0000000000000000     
    RF frequency (MHz):    704.00000000000000     
    sigma cut:    4.0000000000000000     
    subtract out amplitude correlation
    wrnew9 =  F

regn #   Z           Bz          eperp       elong       e6D         Ldim        Pzavg       beta        alpha       betaL       alphaL      n0          n1          n2          Lcan(eVs)   sigmaE      sigmaT      corrE       corrT       sigmaE_c    xavg        yavg        Dx          Dy          Dr          Dr2
     1  0.0000E+00  0.2857E-02  0.2569E-03  0.1880E-02  0.1229E-09  0.3349E+00  0.1956E+00  0.3957E-01  0.2285E-01  0.4552E+00 -0.2417E-01  0.2065E+05  0.2065E+05  0.2065E+05  0.5961E-03  0.8156E-02  0.8156E-10  0.8171E+00  0.3992E-08  0.8131E-02 -0.7797E-03 -0.1769E-02 -0.9574E-02 -0.6856E-04  0.3828E-02  0.2827E-02
     2  0.6500E+00  0.2826E-02  0.2525E-03  0.1885E-02  0.1189E-09  0.3233E+00  0.1966E+00  0.2702E-01  0.9065E-01  0.4607E+00  0.1006E-01  0.2038E+05  0.2038E+05  0.2038E+05  0.5708E-03  0.8140E-02  0.8204E-10  0.7077E+00  0.8197E-08  0.8122E-02 -0.8364E-03 -0.1745E-02 -0.8731E-02  0.9263E-05  0.5775E-02  0.2886E-02
     3  0.1300E+01  0.2776E-02  0.2498E-03  0.1885E-02  0.1176E-09  0.3137E+00  0.1982E+00  0.3239E-01 -0.2401E-01  0.4591E+00  0.4602E-01  0.2013E+05  0.2013E+05  0.2013E+05  0.5462E-03  0.8211E-02  0.8183E-10  0.8031E+00  0.1377E-07  0.8189E-02 -0.9379E-03 -0.1798E-02 -0.7360E-02  0.4205E-03  0.2143E-02  0.3113E-02
     4  0.1950E+01  0.2830E-02  0.2440E-03  0.1883E-02  0.1128E-09  0.3180E+00  0.1993E+00  0.3202E-01  0.6446E-01  0.4466E+00  0.7494E-01  0.2002E+05  0.2002E+05  0.2002E+05  0.5310E-03  0.8405E-02  0.8053E-10  0.1365E+01  0.1590E-07  0.8349E-02 -0.9521E-03 -0.1794E-02 -0.7197E-02  0.5038E-03  0.5533E-02  0.3035E-02
     5  0.2600E+01  0.2863E-02  0.2421E-03  0.1888E-02  0.1116E-09  0.3146E+00  0.2000E+00  0.3084E-01  0.4861E-01  0.4271E+00  0.7980E-01  0.1991E+05  0.1991E+05  0.1991E+05  0.5254E-03  0.8672E-02  0.7899E-10  0.1858E+01  0.1906E-07  0.8573E-02 -0.9332E-03 -0.1768E-02 -0.8285E-02 -0.1498E-03  0.4312E-02  0.2770E-02
     6  0.3250E+01  0.2784E-02  0.2390E-03  0.1888E-02  0.1095E-09  0.3149E+00  0.2004E+00  0.3120E-01  0.1253E-01  0.4089E+00  0.6396E-01  0.1978E+05  0.1978E+05  0.1978E+05  0.5260E-03  0.8918E-02  0.7708E-10  0.2408E+01  0.1811E-07  0.8763E-02 -0.9623E-03 -0.1766E-02 -0.7435E-02 -0.1359E-03  0.4549E-02  0.2659E-02
     7  0.3900E+01  0.2793E-02  0.2365E-03  0.1887E-02  0.1077E-09  0.3149E+00  0.2003E+00  0.3132E-01  0.2981E-01  0.3970E+00  0.3311E-01  0.1969E+05  0.1969E+05  0.1969E+05  0.5122E-03  0.9088E-02  0.7582E-10  0.2870E+01  0.1669E-07  0.8877E-02 -0.9969E-03 -0.1794E-02 -0.7638E-02 -0.6246E-04  0.5176E-02  0.2671E-02
     8  0.4550E+01  0.2873E-02  0.2348E-03  0.1882E-02  0.1063E-09  0.3141E+00  0.1998E+00  0.3088E-01  0.2113E-01  0.3950E+00 -0.2945E-02  0.1960E+05  0.1960E+05  0.1960E+05  0.4963E-03  0.9140E-02  0.7540E-10  0.3293E+01  0.1364E-07  0.8866E-02 -0.9357E-03 -0.1785E-02 -0.7502E-02  0.1317E-03  0.4997E-02  0.2537E-02
     9  0.5200E+01  0.2828E-02  0.2320E-03  0.1873E-02  0.1035E-09  0.3114E+00  0.1988E+00  0.3076E-01  0.5270E-02  0.4010E+00 -0.2874E-01  0.1949E+05  0.1949E+05  0.1949E+05  0.5047E-03  0.9066E-02  0.7578E-10  0.3564E+01  0.1044E-07  0.8751E-02 -0.9001E-03 -0.1764E-02 -0.7444E-02  0.7722E-04  0.5325E-02  0.2474E-02
    10  0.5850E+01  0.2762E-02  0.2305E-03  0.1868E-02  0.1020E-09  0.3123E+00  0.1977E+00  0.3112E-01 -0.4053E-02  0.4105E+00 -0.3426E-01  0.1941E+05  0.1941E+05  0.1941E+05  0.4927E-03  0.8952E-02  0.7666E-10  0.3753E+01  0.6162E-08  0.8606E-02 -0.9149E-03 -0.1773E-02 -0.7818E-02 -0.2791E-03  0.6286E-02  0.2558E-02
    11  0.6500E+01  0.2842E-02  0.2273E-03  0.1864E-02  0.9863E-10  0.3145E+00  0.1965E+00  0.3091E-01  0.7582E-02  0.4170E+00 -0.2560E-01  0.1933E+05  0.1933E+05  0.1933E+05  0.4780E-03  0.8788E-02  0.7743E-10  0.3523E+01  0.1625E-08  0.8488E-02 -0.8545E-03 -0.1789E-02 -0.7164E-02  0.2709E-03  0.6001E-02  0.2595E-02
    12  0.7150E+01  0.2878E-02  0.2259E-03  0.1855E-02  0.9604E-10  0.3109E+00  0.1954E+00  0.3082E-01 -0.5520E-02  0.4209E+00 -0.6782E-02  0.1927E+05  0.1927E+05  0.1927E+05  0.4802E-03  0.8648E-02  0.7794E-10  0.3268E+01 -0.2197E-08  0.8389E-02 -0.7949E-03 -0.1782E-02 -0.7871E-02  0.1172E-02  0.5728E-02  0.2571E-02
    13  0.7800E+01  0.2773E-02  0.2254E-03  0.1854E-02  0.9476E-10  0.3097E+00  0.1945E+00  0.3060E-01  0.1211E-01  0.4172E+00  0.7226E-02  0.1923E+05  0.1923E+05  0.1923E+05  0.4802E-03  0.8584E-02  0.7789E-10  0.2786E+01 -0.5078E-08  0.8395E-02 -0.7898E-03 -0.1788E-02 -0.8152E-02  0.3129E-03  0.5722E-02  0.2600E-02
    14  0.8450E+01  0.2783E-02  0.2243E-03  0.1849E-02  0.9295E-10  0.3113E+00  0.1939E+00  0.3038E-01 -0.6127E-02  0.4121E+00  0.9813E-02  0.1920E+05  0.1920E+05  0.1920E+05  0.4763E-03  0.8540E-02  0.7751E-10  0.2222E+01 -0.6273E-08  0.8420E-02 -0.7712E-03 -0.1777E-02 -0.8339E-02 -0.2183E-03  0.5839E-02  0.2570E-02
    15  0.9100E+01  0.2885E-02  0.2238E-03  0.1842E-02  0.9178E-10  0.3129E+00  0.1938E+00  0.3083E-01  0.1221E-01  0.4091E+00 -0.8445E-03  0.1916E+05  0.1916E+05  0.1916E+05  0.4779E-03  0.8504E-02  0.7712E-10  0.1764E+01 -0.6690E-08  0.8430E-02 -0.7533E-03 -0.1765E-02 -0.8129E-02 -0.9843E-04  0.6069E-02  0.2543E-02
    16  0.9750E+01  0.2840E-02  0.2225E-03  0.1833E-02  0.8965E-10  0.3169E+00  0.1941E+00  0.3008E-01  0.4336E-01  0.4122E+00 -0.1978E-01  0.1911E+05  0.1911E+05  0.1911E+05  0.4854E-03  0.8427E-02  0.7710E-10  0.1212E+01 -0.5606E-08  0.8391E-02 -0.7735E-03 -0.1772E-02 -0.8324E-02  0.2077E-04  0.4200E-02  0.2622E-02
    17  0.1040E+02  0.2749E-02  0.2209E-03  0.1826E-02  0.8778E-10  0.3178E+00  0.1949E+00  0.3027E-01 -0.2007E-01  0.4215E+00 -0.3541E-01  0.1906E+05  0.1906E+05  0.1906E+05  0.4801E-03  0.8328E-02  0.7752E-10  0.8949E+00 -0.1928E-08  0.8308E-02 -0.8078E-03 -0.1783E-02 -0.8780E-02  0.3816E-03  0.5097E-02  0.2773E-02
    18  0.1105E+02  0.2831E-02  0.2197E-03  0.1822E-02  0.8688E-10  0.3193E+00  0.1960E+00  0.3295E-01  0.7811E-01  0.4355E+00 -0.3500E-01  0.1902E+05  0.1902E+05  0.1902E+05  0.4830E-03  0.8210E-02  0.7837E-10  0.6956E+00  0.8201E-09  0.8198E-02 -0.8214E-03 -0.1792E-02 -0.8113E-02  0.2779E-03  0.3726E-02  0.2907E-02
    19  0.1170E+02  0.2892E-02  0.2182E-03  0.1820E-02  0.8553E-10  0.3205E+00  0.1971E+00  0.2871E-01  0.1883E-01  0.4478E+00 -0.2139E-01  0.1898E+05  0.1898E+05  0.1898E+05  0.4947E-03  0.8124E-02  0.7918E-10  0.7392E+00  0.5451E-08  0.8111E-02 -0.8650E-03 -0.1769E-02 -0.8260E-02 -0.4031E-04  0.3787E-02  0.2988E-02
    20  0.1235E+02  0.2783E-02  0.2175E-03  0.1817E-02  0.8531E-10  0.3219E+00  0.1985E+00  0.3335E-01  0.1469E-01  0.4549E+00  0.9160E-02  0.1893E+05  0.1893E+05  0.1893E+05  0.4855E-03  0.8100E-02  0.7944E-10  0.9192E+00  0.8611E-08  0.8079E-02 -0.9329E-03 -0.1774E-02 -0.7610E-02  0.3322E-03  0.3174E-02  0.3139E-02
    21  0.1300E+02  0.2766E-02  0.2155E-03  0.1820E-02  0.8411E-10  0.3240E+00  0.1996E+00  0.3132E-01  0.6397E-01  0.4507E+00  0.4180E-01  0.1890E+05  0.1890E+05  0.1890E+05  0.4790E-03  0.8194E-02  0.7899E-10  0.1159E+01  0.1191E-07  0.8163E-02 -0.9568E-03 -0.1795E-02 -0.7815E-02 -0.1777E-03  0.4651E-02  0.3197E-02
    22  0.1365E+02  0.2882E-02  0.2159E-03  0.1824E-02  0.8469E-10  0.3233E+00  0.2005E+00  0.3110E-01  0.3081E-01  0.4393E+00  0.6223E-01  0.1886E+05  0.1886E+05  0.1886E+05  0.4825E-03  0.8370E-02  0.7797E-10  0.1580E+01  0.1413E-07  0.8313E-02 -0.9584E-03 -0.1783E-02 -0.8575E-02  0.5938E-03  0.3085E-02  0.3045E-02
    23  0.1430E+02  0.2853E-02  0.2147E-03  0.1824E-02  0.8435E-10  0.3224E+00  0.2011E+00  0.3169E-01  0.1731E-01  0.4232E+00  0.6792E-01  0.1881E+05  0.1881E+05  0.1881E+05  0.4862E-03  0.8589E-02  0.7642E-10  0.2103E+01  0.1466E-07  0.8490E-02 -0.9877E-03 -0.1782E-02 -0.7586E-02  0.4366E-04  0.4069E-02  0.2948E-02
    24  0.1495E+02  0.2751E-02  0.2139E-03  0.1822E-02  0.8401E-10  0.3238E+00  0.2013E+00  0.3143E-01  0.3616E-01  0.4075E+00  0.5377E-01  0.1876E+05  0.1876E+05  0.1876E+05  0.4817E-03  0.8779E-02  0.7497E-10  0.2466E+01  0.1517E-07  0.8646E-02 -0.1017E-02 -0.1786E-02 -0.7680E-02 -0.1596E-04  0.4496E-02  0.2880E-02
    25  0.1560E+02  0.2822E-02  0.2135E-03  0.1824E-02  0.8419E-10  0.3224E+00  0.2011E+00  0.3084E-01  0.2245E-01  0.3987E+00  0.2670E-01  0.1873E+05  0.1873E+05  0.1873E+05  0.4691E-03  0.8916E-02  0.7416E-10  0.2939E+01  0.1396E-07  0.8730E-02 -0.9885E-03 -0.1786E-02 -0.7484E-02 -0.7192E-04  0.3876E-02  0.2749E-02
    26  0.1625E+02  0.2897E-02  0.2114E-03  0.1818E-02  0.8248E-10  0.3235E+00  0.2005E+00  0.3110E-01  0.1553E-02  0.3974E+00 -0.1681E-02  0.1865E+05  0.1865E+05  0.1865E+05  0.4746E-03  0.8938E-02  0.7392E-10  0.3295E+01  0.1191E-07  0.8711E-02 -0.9630E-03 -0.1779E-02 -0.7645E-02 -0.3533E-03  0.4860E-02  0.2681E-02
    27  0.1690E+02  0.2787E-02  0.2101E-03  0.1815E-02  0.8141E-10  0.3231E+00  0.1997E+00  0.3150E-01  0.4178E-02  0.4007E+00 -0.2120E-01  0.1858E+05  0.1858E+05  0.1858E+05  0.4694E-03  0.8887E-02  0.7421E-10  0.3418E+01  0.8432E-08  0.8644E-02 -0.9596E-03 -0.1772E-02 -0.7732E-02  0.1903E-03  0.5045E-02  0.2675E-02
    28  0.1755E+02  0.2761E-02  0.2089E-03  0.1814E-02  0.8036E-10  0.3231E+00  0.1987E+00  0.3105E-01  0.7058E-02  0.4070E+00 -0.2830E-01  0.1855E+05  0.1855E+05  0.1855E+05  0.4589E-03  0.8793E-02  0.7491E-10  0.3445E+01  0.5182E-08  0.8545E-02 -0.9265E-03 -0.1793E-02 -0.7646E-02  0.1756E-03  0.5067E-02  0.2722E-02
    29  0.1820E+02  0.2892E-02  0.2082E-03  0.1807E-02  0.7947E-10  0.3223E+00  0.1977E+00  0.3135E-01 -0.6198E-02  0.4140E+00 -0.2368E-01  0.1851E+05  0.1851E+05  0.1851E+05  0.4633E-03  0.8669E-02  0.7565E-10  0.3419E+01  0.1774E-08  0.8424E-02 -0.8795E-03 -0.1794E-02 -0.7467E-02  0.4744E-03  0.5053E-02  0.2721E-02
    30  0.1885E+02  0.2856E-02  0.2075E-03  0.1803E-02  0.7832E-10  0.3218E+00  0.1967E+00  0.3108E-01  0.1295E-01  0.4170E+00 -0.1039E-01  0.1848E+05  0.1848E+05  0.1848E+05  0.4629E-03  0.8560E-02  0.7609E-10  0.3140E+01 -0.1460E-08  0.8353E-02 -0.8633E-03 -0.1765E-02 -0.7780E-02  0.1518E-03  0.5276E-02  0.2683E-02
    31  0.1950E+02  0.2737E-02  0.2063E-03  0.1795E-02  0.7664E-10  0.3224E+00  0.1960E+00  0.3098E-01 -0.5157E-02  0.4163E+00  0.3067E-02  0.1844E+05  0.1844E+05  0.1844E+05  0.4507E-03  0.8484E-02  0.7609E-10  0.2829E+01 -0.4199E-08  0.8318E-02 -0.8387E-03 -0.1771E-02 -0.8237E-02 -0.1760E-03  0.5476E-02  0.2700E-02
    32  0.2015E+02  0.2831E-02  0.2051E-03  0.1787E-02  0.7524E-10  0.3266E+00  0.1956E+00  0.3132E-01  0.9496E-02  0.4129E+00  0.7813E-02  0.1842E+05  0.1842E+05  0.1842E+05  0.4606E-03  0.8446E-02  0.7576E-10  0.2448E+01 -0.5470E-08  0.8322E-02 -0.8121E-03 -0.1792E-02 -0.7830E-02  0.5597E-04  0.5478E-02  0.2738E-02
    33  0.2080E+02  0.2910E-02  0.2044E-03  0.1783E-02  0.7410E-10  0.3271E+00  0.1956E+00  0.3100E-01  0.2456E-01  0.4099E+00  0.2020E-02  0.1839E+05  0.1839E+05  0.1839E+05  0.4673E-03  0.8425E-02  0.7541E-10  0.2023E+01 -0.5584E-08  0.8341E-02 -0.8276E-03 -0.1785E-02 -0.7956E-02  0.3668E-03  0.4478E-02  0.2743E-02
    34  0.2145E+02  0.2775E-02  0.2039E-03  0.1777E-02  0.7313E-10  0.3284E+00  0.1959E+00  0.3094E-01  0.8540E-02  0.4112E+00 -0.1355E-01  0.1836E+05  0.1836E+05  0.1836E+05  0.4574E-03  0.8377E-02  0.7529E-10  0.1566E+01 -0.4716E-08  0.8327E-02 -0.8475E-03 -0.1774E-02 -0.8258E-02 -0.1191E-03  0.4704E-02  0.2780E-02
    35  0.2210E+02  0.2760E-02  0.2038E-03  0.1774E-02  0.7293E-10  0.3282E+00  0.1966E+00  0.3171E-01  0.3347E-01  0.4186E+00 -0.2683E-01  0.1835E+05  0.1835E+05  0.1835E+05  0.4574E-03  0.8300E-02  0.7566E-10  0.1206E+01 -0.2325E-08  0.8269E-02 -0.8416E-03 -0.1780E-02 -0.7775E-02 -0.1274E-04  0.4185E-02  0.2852E-02
    36  0.2275E+02  0.2913E-02  0.2029E-03  0.1769E-02  0.7176E-10  0.3287E+00  0.1976E+00  0.3079E-01  0.3810E-01  0.4296E+00 -0.3059E-01  0.1831E+05  0.1831E+05  0.1831E+05  0.4676E-03  0.8203E-02  0.7627E-10  0.1034E+01  0.6509E-09  0.8181E-02 -0.8879E-03 -0.1786E-02 -0.8616E-02 -0.5268E-03  0.4379E-02  0.3017E-02
    37  0.2340E+02  0.2849E-02  0.2020E-03  0.1770E-02  0.7131E-10  0.3307E+00  0.1987E+00  0.3210E-01  0.1068E-01  0.4399E+00 -0.2024E-01  0.1827E+05  0.1827E+05  0.1827E+05  0.4595E-03  0.8133E-02  0.7690E-10  0.9172E+00  0.3758E-08  0.8115E-02 -0.9282E-03 -0.1770E-02 -0.8438E-02  0.2410E-03  0.3425E-02  0.3099E-02
    38  0.2405E+02  0.2725E-02  0.2011E-03  0.1771E-02  0.7084E-10  0.3311E+00  0.1998E+00  0.3175E-01  0.5298E-01  0.4463E+00  0.6806E-03  0.1825E+05  0.1825E+05  0.1825E+05  0.4610E-03  0.8113E-02  0.7726E-10  0.1070E+01  0.7022E-08  0.8089E-02 -0.9402E-03 -0.1790E-02 -0.8185E-02 -0.8889E-04  0.4245E-02  0.3220E-02
    39  0.2470E+02  0.2854E-02  0.2002E-03  0.1774E-02  0.7054E-10  0.3319E+00  0.2008E+00  0.3174E-01  0.2904E-01  0.4461E+00  0.2598E-01  0.1820E+05  0.1820E+05  0.1820E+05  0.4691E-03  0.8165E-02  0.7714E-10  0.1305E+01  0.9896E-08  0.8130E-02 -0.9883E-03 -0.1793E-02 -0.8300E-02  0.3651E-03  0.2977E-02  0.3276E-02
    40  0.2535E+02  0.2915E-02  0.1999E-03  0.1776E-02  0.7074E-10  0.3306E+00  0.2015E+00  0.3145E-01  0.3004E-01  0.4382E+00  0.4915E-01  0.1817E+05  0.1817E+05  0.1817E+05  0.4614E-03  0.8295E-02  0.7636E-10  0.1683E+01  0.1180E-07  0.8237E-02 -0.1018E-02 -0.1780E-02 -0.7412E-02 -0.9522E-04  0.3704E-02  0.3209E-02
    41  0.2600E+02  0.2758E-02  0.1998E-03  0.1777E-02  0.7102E-10  0.3299E+00  0.2021E+00  0.3174E-01  0.3228E-01  0.4249E+00  0.5788E-01  0.1813E+05  0.1813E+05  0.1813E+05  0.4565E-03  0.8469E-02  0.7520E-10  0.2027E+01  0.1332E-07  0.8387E-02 -0.1032E-02 -0.1781E-02 -0.7580E-02 -0.2978E-03  0.3762E-02  0.3112E-02
    42  0.2665E+02  0.2771E-02  0.1997E-03  0.1780E-02  0.7110E-10  0.3285E+00  0.2022E+00  0.3110E-01  0.2751E-01  0.4115E+00  0.5203E-01  0.1809E+05  0.1809E+05  0.1809E+05  0.4494E-03  0.8647E-02  0.7403E-10  0.2410E+01  0.1328E-07  0.8532E-02 -0.1021E-02 -0.1792E-02 -0.7952E-02  0.3415E-03  0.3459E-02  0.3004E-02
    43  0.2730E+02  0.2932E-02  0.1994E-03  0.1782E-02  0.7123E-10  0.3283E+00  0.2021E+00  0.3122E-01  0.1302E-01  0.4014E+00  0.3404E-01  0.1806E+05  0.1806E+05  0.1806E+05  0.4614E-03  0.8778E-02  0.7316E-10  0.2733E+01  0.1259E-07  0.8632E-02 -0.1021E-02 -0.1794E-02 -0.7704E-02  0.1629E-04  0.3776E-02  0.2919E-02
    44  0.2795E+02  0.2836E-02  0.1989E-03  0.1779E-02  0.7102E-10  0.3282E+00  0.2016E+00  0.3130E-01  0.1431E-01  0.3968E+00  0.7435E-02  0.1802E+05  0.1802E+05  0.1802E+05  0.4532E-03  0.8834E-02  0.7272E-10  0.3058E+01  0.1126E-07  0.8655E-02 -0.1021E-02 -0.1775E-02 -0.7528E-02  0.3049E-03  0.4177E-02  0.2828E-02
    45  0.2860E+02  0.2719E-02  0.1979E-03  0.1768E-02  0.7014E-10  0.3266E+00  0.2009E+00  0.3118E-01  0.1318E-01  0.3997E+00 -0.1454E-01  0.1796E+05  0.1796E+05  0.1796E+05  0.4401E-03  0.8783E-02  0.7284E-10  0.3287E+01  0.8713E-08  0.8577E-02 -0.9895E-03 -0.1792E-02 -0.7073E-02 -0.2945E-03  0.4406E-02  0.2844E-02
    46  0.2925E+02  0.2881E-02  0.1971E-03  0.1762E-02  0.6943E-10  0.3284E+00  0.2000E+00  0.3114E-01  0.3567E-02  0.4066E+00 -0.2485E-01  0.1792E+05  0.1792E+05  0.1792E+05  0.4500E-03  0.8692E-02  0.7349E-10  0.3436E+01  0.6420E-08  0.8465E-02 -0.9629E-03 -0.1784E-02 -0.7361E-02 -0.2768E-04  0.4557E-02  0.2830E-02
    47  0.2990E+02  0.2916E-02  0.1967E-03  0.1756E-02  0.6864E-10  0.3252E+00  0.1991E+00  0.3149E-01  0.4527E-02  0.4120E+00 -0.2043E-01  0.1788E+05  0.1788E+05  0.1788E+05  0.4357E-03  0.8594E-02  0.7402E-10  0.3417E+01  0.2770E-08  0.8367E-02 -0.9394E-03 -0.1771E-02 -0.8084E-02 -0.1181E-03  0.4823E-02  0.2815E-02
    48  0.3055E+02  0.2731E-02  0.1953E-03  0.1748E-02  0.6723E-10  0.3279E+00  0.1983E+00  0.3122E-01  0.7417E-02  0.4153E+00 -0.1112E-01  0.1785E+05  0.1785E+05  0.1785E+05  0.4375E-03  0.8494E-02  0.7435E-10  0.3275E+01  0.2630E-09  0.8288E-02 -0.8986E-03 -0.1787E-02 -0.8182E-02 -0.3088E-03  0.5313E-02  0.2852E-02
    49  0.3120E+02  0.2793E-02  0.1941E-03  0.1742E-02  0.6607E-10  0.3293E+00  0.1976E+00  0.3144E-01 -0.2162E-03  0.4148E+00 -0.3855E-03  0.1781E+05  0.1781E+05  0.1781E+05  0.4460E-03  0.8426E-02  0.7436E-10  0.2944E+01 -0.2542E-08  0.8260E-02 -0.8843E-03 -0.1779E-02 -0.7460E-02  0.3635E-03  0.4406E-02  0.2839E-02
    50  0.3185E+02  0.2952E-02  0.1932E-03  0.1736E-02  0.6479E-10  0.3308E+00  0.1973E+00  0.3120E-01  0.1250E-01  0.4123E+00  0.5438E-02  0.1778E+05  0.1778E+05  0.1778E+05  0.4419E-03  0.8385E-02  0.7412E-10  0.2574E+01 -0.4034E-08  0.8259E-02 -0.8975E-03 -0.1785E-02 -0.7932E-02  0.2717E-03  0.4684E-02  0.2893E-02
    51  0.3250E+02  0.2804E-02  0.1922E-03  0.1732E-02  0.6376E-10  0.3312E+00  0.1973E+00  0.3175E-01  0.1050E-01  0.4105E+00  0.2385E-02  0.1776E+05  0.1776E+05  0.1776E+05  0.4324E-03  0.8359E-02  0.7387E-10  0.2223E+01 -0.4462E-08  0.8266E-02 -0.8738E-03 -0.1791E-02 -0.7719E-02  0.5886E-04  0.4412E-02  0.2893E-02
    52  0.3315E+02  0.2721E-02  0.1915E-03  0.1725E-02  0.6279E-10  0.3307E+00  0.1975E+00  0.3145E-01  0.2460E-01  0.4114E+00 -0.7078E-02  0.1773E+05  0.1773E+05  0.1773E+05  0.4447E-03  0.8314E-02  0.7372E-10  0.1859E+01 -0.3710E-08  0.8249E-02 -0.8790E-03 -0.1783E-02 -0.7918E-02 -0.1315E-03  0.4651E-02  0.2917E-02
    53  0.3380E+02  0.2917E-02  0.1913E-03  0.1719E-02  0.6216E-10  0.3309E+00  0.1981E+00  0.3154E-01  0.2993E-01  0.4158E+00 -0.1748E-01  0.1770E+05  0.1770E+05  0.1770E+05  0.4386E-03  0.8257E-02  0.7382E-10  0.1590E+01 -0.2303E-08  0.8210E-02 -0.9138E-03 -0.1767E-02 -0.8584E-02 -0.2781E-04  0.3996E-02  0.2971E-02
    54  0.3445E+02  0.2891E-02  0.1906E-03  0.1718E-02  0.6178E-10  0.3305E+00  0.1990E+00  0.3145E-01  0.2195E-01  0.4233E+00 -0.2429E-01  0.1768E+05  0.1768E+05  0.1768E+05  0.4308E-03  0.8193E-02  0.7421E-10  0.1341E+01  0.2477E-09  0.8159E-02 -0.9278E-03 -0.1788E-02 -0.7559E-02 -0.1408E-03  0.3177E-02  0.3108E-02
    55  0.3510E+02  0.2711E-02  0.1896E-03  0.1717E-02  0.6105E-10  0.3322E+00  0.1999E+00  0.3194E-01  0.2428E-01  0.4320E+00 -0.1941E-01  0.1766E+05  0.1766E+05  0.1766E+05  0.4433E-03  0.8130E-02  0.7471E-10  0.1217E+01  0.3344E-08  0.8102E-02 -0.9649E-03 -0.1797E-02 -0.8061E-02 -0.1094E-03  0.3927E-02  0.3263E-02
    56  0.3575E+02  0.2837E-02  0.1894E-03  0.1718E-02  0.6109E-10  0.3320E+00  0.2009E+00  0.3207E-01  0.3808E-01  0.4383E+00 -0.5446E-02  0.1764E+05  0.1764E+05  0.1764E+05  0.4357E-03  0.8103E-02  0.7510E-10  0.1251E+01  0.6475E-08  0.8073E-02 -0.9955E-03 -0.1772E-02 -0.7786E-02  0.4884E-03  0.3379E-02  0.3281E-02
    57  0.3640E+02  0.2948E-02  0.1890E-03  0.1722E-02  0.6097E-10  0.3315E+00  0.2018E+00  0.3167E-01  0.3851E-01  0.4396E+00  0.1413E-01  0.1761E+05  0.1761E+05  0.1761E+05  0.4333E-03  0.8130E-02  0.7512E-10  0.1355E+01  0.9049E-08  0.8096E-02 -0.1016E-02 -0.1792E-02 -0.7825E-02 -0.2990E-03  0.3446E-02  0.3370E-02
    58  0.3705E+02  0.2758E-02  0.1887E-03  0.1727E-02  0.6111E-10  0.3312E+00  0.2025E+00  0.3143E-01  0.3182E-01  0.4357E+00  0.3207E-01  0.1758E+05  0.1758E+05  0.1758E+05  0.4363E-03  0.8220E-02  0.7479E-10  0.1654E+01  0.1075E-07  0.8169E-02 -0.1042E-02 -0.1793E-02 -0.8058E-02  0.2749E-03  0.3292E-02  0.3361E-02
    59  0.3770E+02  0.2757E-02  0.1881E-03  0.1730E-02  0.6109E-10  0.3297E+00  0.2030E+00  0.3155E-01  0.1834E-01  0.4273E+00  0.4537E-01  0.1755E+05  0.1755E+05  0.1755E+05  0.4314E-03  0.8353E-02  0.7407E-10  0.2038E+01  0.1221E-07  0.8276E-02 -0.1052E-02 -0.1784E-02 -0.7475E-02  0.3542E-04  0.3291E-02  0.3261E-02
    60  0.3835E+02  0.2950E-02  0.1873E-03  0.1732E-02  0.6079E-10  0.3291E+00  0.2032E+00  0.3161E-01  0.3411E-01  0.4160E+00  0.4815E-01  0.1752E+05  0.1752E+05  0.1752E+05  0.4300E-03  0.8500E-02  0.7306E-10  0.2376E+01  0.1208E-07  0.8398E-02 -0.1068E-02 -0.1786E-02 -0.7841E-02 -0.4359E-03  0.4090E-02  0.3188E-02
    61  0.3900E+02  0.2838E-02  0.1867E-03  0.1730E-02  0.6059E-10  0.3288E+00  0.2031E+00  0.3085E-01  0.2338E-01  0.4054E+00  0.3683E-01  0.1749E+05  0.1749E+05  0.1749E+05  0.4234E-03  0.8631E-02  0.7210E-10  0.2778E+01  0.1163E-07  0.8496E-02 -0.1057E-02 -0.1781E-02 -0.7415E-02  0.1479E-03  0.3460E-02  0.3058E-02
    62  0.3965E+02  0.2713E-02  0.1865E-03  0.1728E-02  0.6053E-10  0.3260E+00  0.2028E+00  0.3128E-01  0.4308E-02  0.3998E+00  0.1979E-01  0.1744E+05  0.1744E+05  0.1744E+05  0.4201E-03  0.8705E-02  0.7155E-10  0.3087E+01  0.9435E-08  0.8536E-02 -0.1050E-02 -0.1793E-02 -0.7478E-02 -0.2289E-04  0.3761E-02  0.3020E-02
    63  0.4030E+02  0.2897E-02  0.1856E-03  0.1724E-02  0.5986E-10  0.3256E+00  0.2022E+00  0.3135E-01  0.1848E-01  0.3981E+00  0.4634E-04  0.1740E+05  0.1740E+05  0.1740E+05  0.4175E-03  0.8715E-02  0.7138E-10  0.3312E+01  0.7261E-08  0.8523E-02 -0.1033E-02 -0.1787E-02 -0.7696E-02  0.3611E-03  0.4122E-02  0.2962E-02
    64  0.4095E+02  0.2911E-02  0.1848E-03  0.1718E-02  0.5925E-10  0.3250E+00  0.2014E+00  0.3106E-01  0.8094E-02  0.4016E+00 -0.1478E-01  0.1737E+05  0.1737E+05  0.1737E+05  0.4138E-03  0.8659E-02  0.7172E-10  0.3446E+01  0.5232E-08  0.8453E-02 -0.1002E-02 -0.1786E-02 -0.7261E-02 -0.1211E-03  0.4180E-02  0.2937E-02
    65  0.4160E+02  0.2721E-02  0.1847E-03  0.1709E-02  0.5889E-10  0.3246E+00  0.2007E+00  0.3144E-01  0.5283E-02  0.4072E+00 -0.2066E-01  0.1733E+05  0.1733E+05  0.1733E+05  0.4159E-03  0.8558E-02  0.7217E-10  0.3442E+01  0.2590E-08  0.8348E-02 -0.9915E-03 -0.1783E-02 -0.7611E-02 -0.6339E-04  0.4291E-02  0.2968E-02
    66  0.4225E+02  0.2823E-02  0.1841E-03  0.1700E-02  0.5821E-10  0.3246E+00  0.1999E+00  0.3107E-01  0.9907E-02  0.4124E+00 -0.1472E-01  0.1730E+05  0.1730E+05  0.1730E+05  0.4082E-03  0.8450E-02  0.7262E-10  0.3350E+01  0.8612E-10  0.8250E-02 -0.9646E-03 -0.1780E-02 -0.7207E-02  0.1548E-03  0.4242E-02  0.2980E-02
