 #NTuple/Z0                                                                      
 output from Ecalc9f version   2.09
  settings: 
    particle type:            2
    pzmin/pzmax:    0.0000000000000000      /   100.00000000000000     
    transverse cuts:    0.0000000000000000        0.0000000000000000     
    longitudinal cut:    0.0000000000000000     
    RF frequency (MHz):    704.00000000000000     
    sigma cut:    4.0000000000000000     
    subtract out amplitude correlation
    wrnew9 =  F

regn #   Z           Bz          eperp       elong       e6D         Ldim        Pzavg       beta        alpha       betaL       alphaL      n0          n1          n2          Lcan(eVs)   sigmaE      sigmaT      corrE       corrT       sigmaE_c    xavg        yavg        Dx          Dy          Dr          Dr2
     1  0.0000E+00  0.2871E-02  0.2717E-03  0.1928E-02  0.1423E-09  0.2916E+00  0.2009E+00  0.4063E-01  0.4325E-01  0.4922E+00 -0.6543E-01  0.2086E+05  0.2086E+05  0.2086E+05  0.5516E-03  0.8139E-02  0.8449E-10  0.1148E+01 -0.9108E-08  0.8090E-02 -0.9560E-03 -0.1777E-02 -0.8887E-02 -0.4646E-03  0.3516E-02  0.3217E-02
     2  0.6500E+00  0.2841E-02  0.2655E-03  0.1938E-02  0.1352E-09  0.2837E+00  0.2023E+00  0.2744E-01  0.1858E+00  0.5234E+00 -0.1309E+00  0.2058E+05  0.2058E+05  0.2058E+05  0.5355E-03  0.7970E-02  0.8671E-10  0.6973E+00 -0.5177E-08  0.7952E-02 -0.1043E-02 -0.1778E-02 -0.8345E-02  0.2012E-03  0.5638E-02  0.3558E-02
     3  0.1300E+01  0.2804E-02  0.2648E-03  0.1940E-02  0.1354E-09  0.2685E+00  0.2041E+00  0.3012E-01 -0.5305E-01  0.5709E+00 -0.1565E+00  0.2028E+05  0.2028E+05  0.2028E+05  0.4861E-03  0.7703E-02  0.8996E-10  0.4890E+00  0.9349E-09  0.7694E-02 -0.1148E-02 -0.1803E-02 -0.5879E-02  0.3909E-03 -0.3044E-02  0.4069E-02
     4  0.1950E+01  0.2872E-02  0.2593E-03  0.1944E-02  0.1301E-09  0.2697E+00  0.2056E+00  0.3215E-01  0.5005E-01  0.6153E+00 -0.1367E+00  0.2013E+05  0.2013E+05  0.2013E+05  0.4765E-03  0.7446E-02  0.9307E-10  0.5002E+00  0.5125E-08  0.7437E-02 -0.1128E-02 -0.1801E-02 -0.7185E-02  0.2061E-03  0.2232E-02  0.4399E-02
     5  0.2600E+01  0.2850E-02  0.2556E-03  0.1962E-02  0.1273E-09  0.2690E+00  0.2068E+00  0.3042E-01  0.7145E-01  0.6460E+00 -0.8950E-01  0.2002E+05  0.2002E+05  0.2002E+05  0.4916E-03  0.7287E-02  0.9574E-10  0.3554E+00  0.1278E-07  0.7283E-02 -0.1166E-02 -0.1799E-02 -0.9078E-02  0.6330E-03  0.1734E-02  0.4711E-02
     6  0.3250E+01  0.2793E-02  0.2536E-03  0.1973E-02  0.1269E-09  0.2685E+00  0.2076E+00  0.2976E-01  0.3951E-01  0.6593E+00 -0.1504E-01  0.1988E+05  0.1988E+05  0.1988E+05  0.4738E-03  0.7231E-02  0.9702E-10  0.5187E+00  0.1732E-07  0.7222E-02 -0.1226E-02 -0.1793E-02 -0.7210E-02 -0.1093E-02  0.9523E-03  0.4935E-02
     7  0.3900E+01  0.2873E-02  0.2508E-03  0.1976E-02  0.1251E-09  0.2692E+00  0.2081E+00  0.2966E-01  0.3252E-01  0.6509E+00  0.7143E-01  0.1976E+05  0.1976E+05  0.1976E+05  0.4662E-03  0.7326E-02  0.9657E-10  0.8335E+00  0.1979E-07  0.7304E-02 -0.1216E-02 -0.1796E-02 -0.6558E-02  0.3372E-03  0.4018E-03  0.4809E-02
     8  0.4550E+01  0.2869E-02  0.2478E-03  0.1985E-02  0.1226E-09  0.2653E+00  0.2082E+00  0.2971E-01  0.1434E-01  0.6189E+00  0.1464E+00  0.1963E+05  0.1963E+05  0.1963E+05  0.4566E-03  0.7605E-02  0.9463E-10  0.1094E+01  0.2247E-07  0.7569E-02 -0.1225E-02 -0.1811E-02 -0.7766E-02  0.5905E-03  0.1649E-02  0.4547E-02
     9  0.5200E+01  0.2786E-02  0.2446E-03  0.1987E-02  0.1203E-09  0.2648E+00  0.2078E+00  0.3004E-01  0.2118E-01  0.5689E+00  0.1914E+00  0.1949E+05  0.1949E+05  0.1949E+05  0.4472E-03  0.8009E-02  0.9133E-10  0.1481E+01  0.2588E-07  0.7949E-02 -0.1206E-02 -0.1791E-02 -0.7528E-02 -0.1178E-03  0.2196E-02  0.3993E-02
    10  0.5850E+01  0.2861E-02  0.2428E-03  0.1987E-02  0.1192E-09  0.2622E+00  0.2071E+00  0.2967E-01  0.2954E-01  0.5162E+00  0.1963E+00  0.1939E+05  0.1939E+05  0.1939E+05  0.4423E-03  0.8434E-02  0.8743E-10  0.2029E+01  0.2685E-07  0.8330E-02 -0.1186E-02 -0.1793E-02 -0.7068E-02 -0.2220E-03  0.2923E-02  0.3555E-02
    11  0.6500E+01  0.2896E-02  0.2422E-03  0.1983E-02  0.1189E-09  0.2588E+00  0.2059E+00  0.2931E-01  0.2193E-01  0.4688E+00  0.1542E+00  0.1927E+05  0.1927E+05  0.1927E+05  0.4254E-03  0.8795E-02  0.8363E-10  0.2552E+01  0.2620E-07  0.8636E-02 -0.1165E-02 -0.1807E-02 -0.7356E-02  0.3184E-03  0.2575E-02  0.3240E-02
    12  0.7150E+01  0.2784E-02  0.2405E-03  0.1977E-02  0.1178E-09  0.2582E+00  0.2046E+00  0.2936E-01  0.5184E-02  0.4385E+00  0.7709E-01  0.1916E+05  0.1916E+05  0.1916E+05  0.4276E-03  0.9037E-02  0.8100E-10  0.3189E+01  0.2440E-07  0.8798E-02 -0.1095E-02 -0.1796E-02 -0.7187E-02 -0.2776E-03  0.3153E-02  0.2915E-02
    13  0.7800E+01  0.2833E-02  0.2383E-03  0.1967E-02  0.1158E-09  0.2597E+00  0.2031E+00  0.2990E-01 -0.3544E-02  0.4310E+00 -0.1413E-01  0.1905E+05  0.1905E+05  0.1905E+05  0.4315E-03  0.9076E-02  0.8015E-10  0.3574E+01  0.2127E-07  0.8779E-02 -0.1072E-02 -0.1778E-02 -0.7251E-02  0.1645E-04  0.4023E-02  0.2787E-02
    14  0.8450E+01  0.2919E-02  0.2363E-03  0.1961E-02  0.1141E-09  0.2596E+00  0.2015E+00  0.3015E-01  0.6480E-02  0.4480E+00 -0.9655E-01  0.1896E+05  0.1896E+05  0.1896E+05  0.4128E-03  0.8940E-02  0.8161E-10  0.3873E+01  0.1755E-07  0.8590E-02 -0.1042E-02 -0.1802E-02 -0.7288E-02  0.3256E-03  0.4331E-02  0.2858E-02
    15  0.9100E+01  0.2799E-02  0.2342E-03  0.1946E-02  0.1114E-09  0.2609E+00  0.2001E+00  0.3015E-01  0.2246E-02  0.4833E+00 -0.1511E+00  0.1888E+05  0.1888E+05  0.1888E+05  0.4142E-03  0.8630E-02  0.8446E-10  0.3981E+01  0.1271E-07  0.8252E-02 -0.9611E-03 -0.1805E-02 -0.7473E-02  0.4383E-05  0.5176E-02  0.2932E-02
    16  0.9750E+01  0.2800E-02  0.2317E-03  0.1936E-02  0.1084E-09  0.2614E+00  0.1989E+00  0.3043E-01 -0.3914E-02  0.5277E+00 -0.1579E+00  0.1881E+05  0.1881E+05  0.1881E+05  0.4273E-03  0.8235E-02  0.8812E-10  0.4001E+01  0.7296E-08  0.7849E-02 -0.9312E-03 -0.1774E-02 -0.7190E-02 -0.3895E-04  0.6131E-02  0.3064E-02
    17  0.1040E+02  0.2932E-02  0.2298E-03  0.1927E-02  0.1059E-09  0.2643E+00  0.1980E+00  0.3092E-01  0.3623E-02  0.5690E+00 -0.1221E+00  0.1876E+05  0.1876E+05  0.1876E+05  0.4174E-03  0.7862E-02  0.9147E-10  0.3927E+01  0.2394E-08  0.7480E-02 -0.9492E-03 -0.1785E-02 -0.7758E-02 -0.3110E-03  0.7315E-02  0.3406E-02
    18  0.1105E+02  0.2827E-02  0.2283E-03  0.1917E-02  0.1038E-09  0.2671E+00  0.1975E+00  0.3077E-01  0.2085E-01  0.5936E+00 -0.5449E-01  0.1873E+05  0.1873E+05  0.1873E+05  0.4086E-03  0.7599E-02  0.9336E-10  0.3727E+01 -0.2345E-08  0.7249E-02 -0.8988E-03 -0.1802E-02 -0.7154E-02  0.3556E-03  0.6908E-02  0.3595E-02
    19  0.1170E+02  0.2768E-02  0.2272E-03  0.1910E-02  0.1018E-09  0.2669E+00  0.1974E+00  0.3053E-01  0.1238E-01  0.5980E+00  0.2504E-01  0.1869E+05  0.1869E+05  0.1869E+05  0.4242E-03  0.7486E-02  0.9363E-10  0.3357E+01 -0.6378E-08  0.7199E-02 -0.8802E-03 -0.1793E-02 -0.7292E-02  0.1593E-03  0.6484E-02  0.3639E-02
    20  0.1235E+02  0.2933E-02  0.2262E-03  0.1902E-02  0.9953E-10  0.2683E+00  0.1978E+00  0.3116E-01  0.1548E-01  0.5837E+00  0.8979E-01  0.1866E+05  0.1866E+05  0.1866E+05  0.4259E-03  0.7534E-02  0.9228E-10  0.3040E+01 -0.9345E-08  0.7306E-02 -0.9341E-03 -0.1783E-02 -0.8241E-02 -0.7102E-03  0.7265E-02  0.3666E-02
    21  0.1300E+02  0.2861E-02  0.2259E-03  0.1892E-02  0.9813E-10  0.2689E+00  0.1985E+00  0.3120E-01  0.4162E-01  0.5542E+00  0.1241E+00  0.1864E+05  0.1864E+05  0.1864E+05  0.4096E-03  0.7689E-02  0.8953E-10  0.2589E+01 -0.1101E-07  0.7527E-02 -0.9365E-03 -0.1784E-02 -0.7570E-02  0.7028E-03  0.5158E-02  0.3533E-02
    22  0.1365E+02  0.2744E-02  0.2246E-03  0.1884E-02  0.9563E-10  0.2684E+00  0.1995E+00  0.3019E-01  0.4148E-01  0.5208E+00  0.1195E+00  0.1860E+05  0.1860E+05  0.1860E+05  0.4196E-03  0.7876E-02  0.8633E-10  0.2104E+01 -0.1199E-07  0.7772E-02 -0.9495E-03 -0.1812E-02 -0.8181E-02 -0.2957E-03  0.3849E-02  0.3491E-02
    23  0.1430E+02  0.2919E-02  0.2228E-03  0.1876E-02  0.9321E-10  0.2722E+00  0.2009E+00  0.3103E-01 -0.4113E-02  0.4951E+00  0.7678E-01  0.1855E+05  0.1855E+05  0.1855E+05  0.4351E-03  0.8027E-02  0.8356E-10  0.1705E+01 -0.1138E-07  0.7961E-02 -0.1014E-02 -0.1792E-02 -0.7833E-02  0.1682E-03  0.4190E-02  0.3442E-02
    24  0.1495E+02  0.2896E-02  0.2223E-03  0.1865E-02  0.9193E-10  0.2726E+00  0.2025E+00  0.3229E-01  0.7230E-01  0.4859E+00  0.9844E-02  0.1852E+05  0.1852E+05  0.1852E+05  0.4232E-03  0.8075E-02  0.8201E-10  0.1342E+01 -0.9055E-08  0.8035E-02 -0.1082E-02 -0.1786E-02 -0.6854E-02 -0.7479E-04  0.2944E-02  0.3531E-02
    25  0.1560E+02  0.2733E-02  0.2215E-03  0.1861E-02  0.9042E-10  0.2744E+00  0.2040E+00  0.2934E-01  0.7946E-01  0.4958E+00 -0.5897E-01  0.1848E+05  0.1848E+05  0.1848E+05  0.4138E-03  0.8024E-02  0.8220E-10  0.1007E+01 -0.6209E-08  0.8002E-02 -0.1103E-02 -0.1806E-02 -0.8272E-02 -0.4057E-03  0.2282E-02  0.3711E-02
    26  0.1625E+02  0.2896E-02  0.2206E-03  0.1859E-02  0.8965E-10  0.2727E+00  0.2056E+00  0.3012E-01 -0.2623E-02  0.5243E+00 -0.1110E+00  0.1842E+05  0.1842E+05  0.1842E+05  0.4266E-03  0.7869E-02  0.8395E-10  0.8287E+00 -0.2731E-08  0.7854E-02 -0.1126E-02 -0.1801E-02 -0.7955E-02  0.9438E-03  0.3018E-03  0.3919E-02
    27  0.1690E+02  0.2928E-02  0.2187E-03  0.1860E-02  0.8813E-10  0.2716E+00  0.2071E+00  0.3110E-01  0.5109E-01  0.5615E+00 -0.1294E+00  0.1836E+05  0.1836E+05  0.1836E+05  0.4272E-03  0.7656E-02  0.8643E-10  0.6753E+00  0.1046E-08  0.7646E-02 -0.1221E-02 -0.1805E-02 -0.7467E-02 -0.3492E-03  0.1564E-02  0.4413E-02
    28  0.1755E+02  0.2733E-02  0.2167E-03  0.1868E-02  0.8714E-10  0.2735E+00  0.2083E+00  0.2976E-01  0.5896E-01  0.5985E+00 -0.1132E+00  0.1831E+05  0.1831E+05  0.1831E+05  0.4043E-03  0.7446E-02  0.8915E-10  0.5341E+00  0.6693E-08  0.7440E-02 -0.1240E-02 -0.1789E-02 -0.7071E-02 -0.3288E-03  0.1357E-02  0.4700E-02
    29  0.1820E+02  0.2866E-02  0.2173E-03  0.1876E-02  0.8810E-10  0.2704E+00  0.2093E+00  0.2939E-01  0.5035E-01  0.6241E+00 -0.6459E-01  0.1824E+05  0.1824E+05  0.1824E+05  0.4095E-03  0.7304E-02  0.9109E-10  0.6709E+00  0.1133E-07  0.7293E-02 -0.1237E-02 -0.1813E-02 -0.7643E-02  0.5250E-03 -0.1976E-04  0.4991E-02
    30  0.1885E+02  0.2951E-02  0.2163E-03  0.1887E-02  0.8802E-10  0.2684E+00  0.2099E+00  0.2875E-01  0.3856E-01  0.6332E+00  0.4091E-02  0.1818E+05  0.1818E+05  0.1818E+05  0.4153E-03  0.7283E-02  0.9199E-10  0.9628E+00  0.1488E-07  0.7261E-02 -0.1296E-02 -0.1810E-02 -0.7696E-02  0.1410E-04  0.6623E-03  0.5195E-02
    31  0.1950E+02  0.2744E-02  0.2154E-03  0.1893E-02  0.8796E-10  0.2677E+00  0.2101E+00  0.2895E-01  0.1993E-01  0.6216E+00  0.7909E-01  0.1811E+05  0.1811E+05  0.1811E+05  0.3905E-03  0.7403E-02  0.9141E-10  0.1222E+01  0.1808E-07  0.7369E-02 -0.1277E-02 -0.1785E-02 -0.6963E-02  0.6394E-04  0.1053E-02  0.4895E-02
    32  0.2015E+02  0.2836E-02  0.2147E-03  0.1895E-02  0.8787E-10  0.2673E+00  0.2100E+00  0.2906E-01  0.3707E-01  0.5915E+00  0.1399E+00  0.1804E+05  0.1804E+05  0.1804E+05  0.4051E-03  0.7665E-02  0.8950E-10  0.1637E+01  0.2109E-07  0.7606E-02 -0.1275E-02 -0.1821E-02 -0.7109E-02 -0.1822E-03  0.1379E-02  0.4684E-02
    33  0.2080E+02  0.2968E-02  0.2147E-03  0.1896E-02  0.8822E-10  0.2653E+00  0.2095E+00  0.2834E-01  0.3262E-01  0.5498E+00  0.1711E+00  0.1798E+05  0.1798E+05  0.1798E+05  0.3943E-03  0.8013E-02  0.8673E-10  0.2154E+01  0.2365E-07  0.7916E-02 -0.1279E-02 -0.1795E-02 -0.7538E-02  0.6202E-04  0.1938E-02  0.4206E-02
    34  0.2145E+02  0.2760E-02  0.2148E-03  0.1886E-02  0.8856E-10  0.2636E+00  0.2087E+00  0.2853E-01  0.1192E-01  0.5044E+00  0.1668E+00  0.1790E+05  0.1790E+05  0.1790E+05  0.3833E-03  0.8369E-02  0.8325E-10  0.2735E+01  0.2428E-07  0.8215E-02 -0.1219E-02 -0.1790E-02 -0.7028E-02  0.1189E-03  0.1905E-02  0.3702E-02
    35  0.2210E+02  0.2810E-02  0.2143E-03  0.1878E-02  0.8837E-10  0.2615E+00  0.2077E+00  0.2882E-01  0.1705E-01  0.4663E+00  0.1273E+00  0.1782E+05  0.1782E+05  0.1782E+05  0.3958E-03  0.8665E-02  0.8022E-10  0.3332E+01  0.2401E-07  0.8446E-02 -0.1218E-02 -0.1821E-02 -0.7060E-02  0.1618E-03  0.2383E-02  0.3507E-02
    36  0.2275E+02  0.2978E-02  0.2134E-03  0.1867E-02  0.8767E-10  0.2600E+00  0.2064E+00  0.2874E-01  0.1160E-01  0.4425E+00  0.5762E-01  0.1774E+05  0.1774E+05  0.1774E+05  0.3762E-03  0.8838E-02  0.7813E-10  0.3822E+01  0.2206E-07  0.8554E-02 -0.1184E-02 -0.1788E-02 -0.7104E-02  0.3745E-04  0.2908E-02  0.3205E-02
    37  0.2340E+02  0.2779E-02  0.2121E-03  0.1858E-02  0.8657E-10  0.2604E+00  0.2051E+00  0.2922E-01 -0.4294E-02  0.4392E+00 -0.1894E-01  0.1766E+05  0.1766E+05  0.1766E+05  0.3777E-03  0.8852E-02  0.7766E-10  0.4194E+01  0.1817E-07  0.8513E-02 -0.1110E-02 -0.1784E-02 -0.7196E-02 -0.4625E-03  0.3757E-02  0.3041E-02
    38  0.2405E+02  0.2790E-02  0.2105E-03  0.1849E-02  0.8517E-10  0.2622E+00  0.2038E+00  0.2980E-01  0.2878E-02  0.4567E+00 -0.8712E-01  0.1759E+05  0.1759E+05  0.1759E+05  0.3843E-03  0.8705E-02  0.7900E-10  0.4436E+01  0.1310E-07  0.8320E-02 -0.1102E-02 -0.1807E-02 -0.7582E-02  0.3260E-03  0.4024E-02  0.3161E-02
    39  0.2470E+02  0.2985E-02  0.2087E-03  0.1838E-02  0.8344E-10  0.2633E+00  0.2025E+00  0.2994E-01  0.5784E-02  0.4874E+00 -0.1269E+00  0.1752E+05  0.1752E+05  0.1752E+05  0.3750E-03  0.8422E-02  0.8144E-10  0.4454E+01  0.7748E-08  0.8028E-02 -0.1069E-02 -0.1804E-02 -0.6553E-02  0.4579E-03  0.4183E-02  0.3283E-02
    40  0.2535E+02  0.2794E-02  0.2071E-03  0.1825E-02  0.8124E-10  0.2631E+00  0.2015E+00  0.3020E-01  0.4665E-02  0.5250E+00 -0.1311E+00  0.1744E+05  0.1744E+05  0.1744E+05  0.3760E-03  0.8060E-02  0.8443E-10  0.4307E+01  0.2856E-08  0.7685E-02 -0.1026E-02 -0.1782E-02 -0.7417E-02 -0.7014E-03  0.5653E-02  0.3429E-02
    41  0.2600E+02  0.2774E-02  0.2053E-03  0.1815E-02  0.7916E-10  0.2649E+00  0.2008E+00  0.3073E-01  0.1187E-02  0.5574E+00 -0.9851E-01  0.1740E+05  0.1740E+05  0.1740E+05  0.3703E-03  0.7739E-02  0.8696E-10  0.4073E+01 -0.2090E-08  0.7393E-02 -0.1001E-02 -0.1783E-02 -0.7886E-02  0.3498E-03  0.5601E-02  0.3655E-02
    42  0.2665E+02  0.2988E-02  0.2033E-03  0.1806E-02  0.7700E-10  0.2672E+00  0.2005E+00  0.3089E-01  0.1551E-01  0.5782E+00 -0.4090E-01  0.1736E+05  0.1736E+05  0.1736E+05  0.3797E-03  0.7488E-02  0.8850E-10  0.3696E+01 -0.6056E-08  0.7202E-02 -0.1004E-02 -0.1819E-02 -0.6571E-02  0.1644E-03  0.5513E-02  0.4017E-02
    43  0.2730E+02  0.2807E-02  0.2023E-03  0.1800E-02  0.7537E-10  0.2684E+00  0.2005E+00  0.3079E-01  0.1472E-01  0.5817E+00  0.2345E-01  0.1732E+05  0.1732E+05  0.1732E+05  0.3797E-03  0.7385E-02  0.8871E-10  0.3249E+01 -0.9164E-08  0.7164E-02 -0.1024E-02 -0.1788E-02 -0.7444E-02 -0.1604E-03  0.5672E-02  0.4061E-02
    44  0.2795E+02  0.2762E-02  0.2019E-03  0.1792E-02  0.7410E-10  0.2655E+00  0.2009E+00  0.3137E-01  0.2363E-01  0.5698E+00  0.7690E-01  0.1729E+05  0.1729E+05  0.1729E+05  0.3599E-03  0.7421E-02  0.8756E-10  0.2861E+01 -0.1141E-07  0.7253E-02 -0.9959E-03 -0.1772E-02 -0.8371E-02  0.3137E-03  0.5182E-02  0.3924E-02
    45  0.2860E+02  0.2988E-02  0.2012E-03  0.1787E-02  0.7305E-10  0.2669E+00  0.2016E+00  0.3058E-01  0.3824E-01  0.5450E+00  0.1043E+00  0.1727E+05  0.1727E+05  0.1727E+05  0.3833E-03  0.7557E-02  0.8534E-10  0.2402E+01 -0.1243E-07  0.7443E-02 -0.1021E-02 -0.1822E-02 -0.7005E-02 -0.4373E-03  0.4267E-02  0.4009E-02
    46  0.2925E+02  0.2819E-02  0.2007E-03  0.1780E-02  0.7187E-10  0.2680E+00  0.2027E+00  0.3089E-01  0.2177E-01  0.5181E+00  0.1001E+00  0.1723E+05  0.1723E+05  0.1723E+05  0.3828E-03  0.7719E-02  0.8272E-10  0.1972E+01 -0.1167E-07  0.7643E-02 -0.1107E-02 -0.1790E-02 -0.7998E-02  0.2215E-03  0.3345E-02  0.3930E-02
    47  0.2990E+02  0.2754E-02  0.1997E-03  0.1772E-02  0.7051E-10  0.2666E+00  0.2039E+00  0.3086E-01  0.4557E-01  0.4972E+00  0.6490E-01  0.1720E+05  0.1720E+05  0.1720E+05  0.3538E-03  0.7842E-02  0.8049E-10  0.1559E+01 -0.1065E-07  0.7796E-02 -0.1084E-02 -0.1785E-02 -0.7065E-02  0.1418E-03  0.2624E-02  0.3778E-02
    48  0.3055E+02  0.2987E-02  0.1991E-03  0.1765E-02  0.6940E-10  0.2699E+00  0.2053E+00  0.3035E-01  0.4463E-01  0.4888E+00  0.1200E-01  0.1716E+05  0.1716E+05  0.1716E+05  0.3906E-03  0.7894E-02  0.7919E-10  0.1166E+01 -0.8384E-08  0.7869E-02 -0.1138E-02 -0.1819E-02 -0.8082E-02 -0.3955E-03  0.2575E-02  0.3977E-02
    49  0.3120E+02  0.2829E-02  0.1988E-03  0.1760E-02  0.6881E-10  0.2679E+00  0.2067E+00  0.3027E-01  0.4569E-01  0.4963E+00 -0.4566E-01  0.1713E+05  0.1713E+05  0.1713E+05  0.3684E-03  0.7859E-02  0.7920E-10  0.9002E+00 -0.4485E-08  0.7844E-02 -0.1205E-02 -0.1794E-02 -0.7874E-02  0.6014E-03  0.1211E-02  0.4105E-02
    50  0.3185E+02  0.2751E-02  0.1978E-03  0.1754E-02  0.6809E-10  0.2674E+00  0.2081E+00  0.2964E-01  0.5501E-01  0.5190E+00 -0.8757E-01  0.1709E+05  0.1709E+05  0.1709E+05  0.3725E-03  0.7728E-02  0.8042E-10  0.8441E+00 -0.1345E-09  0.7715E-02 -0.1211E-02 -0.1805E-02 -0.6402E-02 -0.4541E-03  0.9448E-03  0.4337E-02
    51  0.3250E+02  0.2985E-02  0.1980E-03  0.1754E-02  0.6807E-10  0.2665E+00  0.2094E+00  0.2917E-01  0.5028E-01  0.5491E+00 -0.1035E+00  0.1705E+05  0.1705E+05  0.1705E+05  0.3745E-03  0.7556E-02  0.8241E-10  0.7869E+00  0.4201E-08  0.7544E-02 -0.1285E-02 -0.1800E-02 -0.8127E-02  0.5254E-05  0.9845E-03  0.4743E-02
    52  0.3315E+02  0.2835E-02  0.1970E-03  0.1758E-02  0.6775E-10  0.2640E+00  0.2104E+00  0.2891E-01  0.5009E-01  0.5787E+00 -0.8917E-01  0.1700E+05  0.1700E+05  0.1700E+05  0.3498E-03  0.7386E-02  0.8449E-10  0.7718E+00  0.8762E-08  0.7374E-02 -0.1280E-02 -0.1804E-02 -0.7324E-02  0.4160E-03  0.1231E-03  0.4997E-02
    53  0.3380E+02  0.2751E-02  0.1959E-03  0.1764E-02  0.6748E-10  0.2630E+00  0.2113E+00  0.2836E-01  0.5102E-01  0.5997E+00 -0.4956E-01  0.1694E+05  0.1694E+05  0.1694E+05  0.3747E-03  0.7277E-02  0.8607E-10  0.9949E+00  0.1282E-07  0.7257E-02 -0.1318E-02 -0.1817E-02 -0.6955E-02 -0.1217E-03  0.5485E-03  0.5344E-02
    54  0.3445E+02  0.2983E-02  0.1964E-03  0.1771E-02  0.6827E-10  0.2596E+00  0.2118E+00  0.2801E-01  0.5112E-01  0.6064E+00  0.7537E-02  0.1689E+05  0.1689E+05  0.1689E+05  0.3490E-03  0.7263E-02  0.8674E-10  0.1176E+01  0.1658E-07  0.7235E-02 -0.1352E-02 -0.1793E-02 -0.7261E-02  0.2266E-03  0.3111E-03  0.5388E-02
    55  0.3510E+02  0.2838E-02  0.1952E-03  0.1774E-02  0.6786E-10  0.2578E+00  0.2120E+00  0.2751E-01  0.4366E-01  0.5981E+00  0.6824E-01  0.1681E+05  0.1681E+05  0.1681E+05  0.3470E-03  0.7358E-02  0.8637E-10  0.1499E+01  0.1976E-07  0.7313E-02 -0.1316E-02 -0.1816E-02 -0.6886E-02 -0.2198E-03  0.8877E-03  0.5247E-02
    56  0.3575E+02  0.2754E-02  0.1958E-03  0.1773E-02  0.6843E-10  0.2545E+00  0.2119E+00  0.2752E-01  0.2880E-01  0.5743E+00  0.1170E+00  0.1675E+05  0.1675E+05  0.1675E+05  0.3565E-03  0.7572E-02  0.8485E-10  0.2011E+01  0.2224E-07  0.7493E-02 -0.1346E-02 -0.1802E-02 -0.7569E-02  0.3114E-03  0.1283E-02  0.4986E-02
    57  0.3640E+02  0.2982E-02  0.1952E-03  0.1771E-02  0.6841E-10  0.2556E+00  0.2115E+00  0.2769E-01  0.3552E-01  0.5408E+00  0.1451E+00  0.1668E+05  0.1668E+05  0.1668E+05  0.3315E-03  0.7847E-02  0.8254E-10  0.2450E+01  0.2329E-07  0.7733E-02 -0.1324E-02 -0.1806E-02 -0.6343E-02  0.2816E-04  0.1175E-02  0.4585E-02
    58  0.3705E+02  0.2837E-02  0.1951E-03  0.1765E-02  0.6833E-10  0.2525E+00  0.2108E+00  0.2728E-01  0.3139E-01  0.5040E+00  0.1453E+00  0.1661E+05  0.1661E+05  0.1661E+05  0.3468E-03  0.8143E-02  0.7981E-10  0.3000E+01  0.2346E-07  0.7979E-02 -0.1289E-02 -0.1807E-02 -0.7250E-02 -0.4110E-03  0.2382E-02  0.4168E-02
    59  0.3770E+02  0.2760E-02  0.1950E-03  0.1758E-02  0.6824E-10  0.2512E+00  0.2099E+00  0.2758E-01  0.1126E-01  0.4704E+00  0.1135E+00  0.1652E+05  0.1652E+05  0.1652E+05  0.3322E-03  0.8395E-02  0.7718E-10  0.3448E+01  0.2255E-07  0.8183E-02 -0.1281E-02 -0.1795E-02 -0.7121E-02  0.5426E-03  0.1937E-02  0.3843E-02
    60  0.3835E+02  0.2980E-02  0.1941E-03  0.1751E-02  0.6791E-10  0.2473E+00  0.2088E+00  0.2800E-01  0.1031E-01  0.4506E+00  0.5801E-01  0.1644E+05  0.1644E+05  0.1644E+05  0.3331E-03  0.8553E-02  0.7552E-10  0.3974E+01  0.2030E-07  0.8276E-02 -0.1241E-02 -0.1816E-02 -0.6613E-02 -0.1036E-03  0.2466E-02  0.3657E-02
    61  0.3900E+02  0.2831E-02  0.1931E-03  0.1744E-02  0.6703E-10  0.2501E+00  0.2076E+00  0.2837E-01  0.1222E-01  0.4461E+00 -0.4717E-02  0.1636E+05  0.1636E+05  0.1636E+05  0.3329E-03  0.8582E-02  0.7501E-10  0.4360E+01  0.1658E-07  0.8254E-02 -0.1214E-02 -0.1786E-02 -0.7621E-02 -0.3360E-03  0.3419E-02  0.3478E-02
    62  0.3965E+02  0.2770E-02  0.1912E-03  0.1733E-02  0.6574E-10  0.2488E+00  0.2065E+00  0.2873E-01  0.2073E-02  0.4585E+00 -0.6271E-01  0.1628E+05  0.1628E+05  0.1628E+05  0.3216E-03  0.8454E-02  0.7584E-10  0.4545E+01  0.1200E-07  0.8099E-02 -0.1164E-02 -0.1795E-02 -0.6550E-02  0.3379E-03  0.3050E-02  0.3484E-02
    63  0.4030E+02  0.2978E-02  0.1906E-03  0.1724E-02  0.6487E-10  0.2499E+00  0.2054E+00  0.2925E-01  0.7930E-02  0.4827E+00 -0.9827E-01  0.1622E+05  0.1622E+05  0.1622E+05  0.3335E-03  0.8234E-02  0.7769E-10  0.4573E+01  0.6703E-08  0.7866E-02 -0.1161E-02 -0.1818E-02 -0.7288E-02 -0.1791E-03  0.3886E-02  0.3705E-02
    64  0.4095E+02  0.2823E-02  0.1892E-03  0.1713E-02  0.6364E-10  0.2508E+00  0.2046E+00  0.2946E-01  0.4513E-02  0.5123E+00 -0.1048E+00  0.1618E+05  0.1618E+05  0.1618E+05  0.3214E-03  0.7969E-02  0.7993E-10  0.4550E+01  0.1559E-08  0.7594E-02 -0.1121E-02 -0.1784E-02 -0.7135E-02  0.5543E-03  0.3903E-02  0.3749E-02
    65  0.4160E+02  0.2783E-02  0.1880E-03  0.1699E-02  0.6222E-10  0.2513E+00  0.2039E+00  0.2999E-01  0.7317E-02  0.5406E+00 -0.8462E-01  0.1613E+05  0.1613E+05  0.1613E+05  0.3253E-03  0.7681E-02  0.8197E-10  0.4346E+01 -0.3225E-08  0.7333E-02 -0.1093E-02 -0.1806E-02 -0.6884E-02 -0.8177E-03  0.4842E-02  0.4038E-02
    66  0.4225E+02  0.2976E-02  0.1862E-03  0.1691E-02  0.6030E-10  0.2569E+00  0.2036E+00  0.3038E-01  0.9363E-02  0.5592E+00 -0.4214E-01  0.1608E+05  0.1608E+05  0.1608E+05  0.3356E-03  0.7443E-02  0.8334E-10  0.3910E+01 -0.6885E-08  0.7165E-02 -0.1110E-02 -0.1797E-02 -0.7545E-02 -0.9298E-04  0.4967E-02  0.4289E-02
    67  0.4290E+02  0.2816E-02  0.1851E-03  0.1681E-02  0.5883E-10  0.2551E+00  0.2035E+00  0.3046E-01  0.2168E-01  0.5653E+00  0.9773E-02  0.1605E+05  0.1605E+05  0.1605E+05  0.3173E-03  0.7315E-02  0.8361E-10  0.3456E+01 -0.9416E-08  0.7097E-02 -0.1092E-02 -0.1794E-02 -0.7221E-02  0.7822E-03  0.4112E-02  0.4385E-02
    68  0.4355E+02  0.2800E-02  0.1841E-03  0.1673E-02  0.5753E-10  0.2553E+00  0.2038E+00  0.3048E-01  0.1973E-01  0.5580E+00  0.5583E-01  0.1602E+05  0.1602E+05  0.1602E+05  0.3313E-03  0.7298E-02  0.8286E-10  0.2921E+01 -0.1147E-07  0.7145E-02 -0.1096E-02 -0.1813E-02 -0.6974E-02 -0.7964E-03  0.4585E-02  0.4496E-02
    69  0.4420E+02  0.2969E-02  0.1837E-03  0.1667E-02  0.5659E-10  0.2562E+00  0.2044E+00  0.3067E-01  0.2604E-01  0.5411E+00  0.8315E-01  0.1598E+05  0.1598E+05  0.1598E+05  0.3298E-03  0.7377E-02  0.8130E-10  0.2440E+01 -0.1158E-07  0.7272E-02 -0.1138E-02 -0.1779E-02 -0.7938E-02  0.2600E-03  0.3753E-02  0.4386E-02
    70  0.4485E+02  0.2809E-02  0.1837E-03  0.1656E-02  0.5598E-10  0.2547E+00  0.2053E+00  0.3044E-01  0.3992E-01  0.5202E+00  0.8699E-01  0.1596E+05  0.1596E+05  0.1596E+05  0.3133E-03  0.7493E-02  0.7921E-10  0.2085E+01 -0.1121E-07  0.7417E-02 -0.1137E-02 -0.1809E-02 -0.7414E-02  0.3703E-03  0.2916E-02  0.4377E-02
    71  0.4550E+02  0.2818E-02  0.1832E-03  0.1651E-02  0.5529E-10  0.2553E+00  0.2063E+00  0.2992E-01  0.4513E-01  0.5017E+00  0.6645E-01  0.1592E+05  0.1592E+05  0.1592E+05  0.3405E-03  0.7602E-02  0.7733E-10  0.1672E+01 -0.9744E-08  0.7555E-02 -0.1182E-02 -0.1819E-02 -0.7238E-02 -0.2446E-03  0.2259E-02  0.4410E-02
