 #NTuple/Z0                                                                     
  
 output from Ecalc9f version   2.09
  settings: 
    particle type:            2
    pzmin/pzmax:   0.000000000000000E+000 /   100.000000000000     
    transverse cuts:   0.000000000000000E+000  0.000000000000000E+000
    longitudinal cut:   0.000000000000000E+000
    RF frequency (MHz):    352.000000000000     
    sigma cut:   0.000000000000000E+000
    subtract out amplitude correlation
    wrnew9 =  F
 
regn #   Z           Bz          eperp       elong       e6D         Ldim        Pzavg       beta        alpha       betaL       alphaL      n0          n1          n2          Lcan(eVs)   sigmaE      sigmaT      corrE       corrT       sigmaE_c    xavg        yavg        Dx          Dy          Dr          Dr2
     1  0.0000E+00  0.1677E-03  0.1696E-01  0.4556E-01  0.1331E-04 -0.6764E+00  0.2876E+00  0.9743E+00 -0.9815E-02  0.4062E+00  0.1789E+00  0.1974E+06  0.1974E+06  0.1974E+06 -0.8029E-01  0.5641E-01  0.2944E-09  0.1850E+00  0.5924E-09  0.5567E-01 -0.4765E-01 -0.2040E-01  0.7589E-02 -0.7241E-03  0.1695E-01  0.8386E-01
     2  0.1800E+01  0.1478E-03  0.1654E-01  0.4671E-01  0.1347E-04 -0.6661E+00  0.2977E+00  0.1277E+01 -0.7746E-01  0.4165E+00  0.9490E-01  0.1942E+06  0.1942E+06  0.1942E+06 -0.7918E-01  0.6068E-01  0.2979E-09  0.5657E+00  0.1161E-08  0.5622E-01 -0.3879E-01 -0.1303E-01 -0.3919E-01  0.5730E-02  0.1080E+00  0.7557E-01
     3  0.3600E+01  0.1482E-03  0.1613E-01  0.4716E-01  0.1318E-04 -0.6433E+00  0.2967E+00  0.1013E+01 -0.6058E-01  0.4251E+00 -0.4992E-01  0.1941E+06  0.1941E+06  0.1941E+06 -0.7169E-01  0.6140E-01  0.3017E-09  0.6570E+00  0.9692E-09  0.5562E-01 -0.4617E-01 -0.1246E-01 -0.7283E-01 -0.1128E-01  0.9162E-01  0.8569E-01
     4  0.5400E+01  0.1667E-03  0.1569E-01  0.4662E-01  0.1254E-04 -0.6286E+00  0.2945E+00  0.1128E+01  0.1914E-01  0.4626E+00 -0.1592E+00  0.1924E+06  0.1924E+06  0.1924E+06 -0.6720E-01  0.5976E-01  0.3120E-09  0.6948E+00  0.3480E-09  0.5337E-01 -0.5298E-01 -0.2210E-01 -0.7769E-01 -0.1724E-01  0.1102E+00  0.1209E+00
     5  0.7200E+01  0.1498E-03  0.1517E-01  0.4436E-01  0.1128E-04 -0.6231E+00  0.2889E+00  0.1080E+01 -0.8086E-01  0.5243E+00 -0.1681E+00  0.1910E+06  0.1910E+06  0.1910E+06 -0.6815E-01  0.5431E-01  0.3276E-09  0.6544E+00  0.4018E-10  0.4840E-01 -0.4131E-01 -0.1694E-01 -0.6246E-01 -0.1880E-01  0.1068E+00  0.9295E-01
     6  0.9000E+01  0.1480E-03  0.1470E-01  0.4081E-01  0.9777E-05 -0.6232E+00  0.2830E+00  0.1049E+01  0.1489E-02  0.5832E+00 -0.9546E-01  0.1882E+06  0.1882E+06  0.1882E+06 -0.6446E-01  0.4776E-01  0.3357E-09  0.5615E+00  0.1728E-10  0.4305E-01 -0.4092E-01 -0.1061E-01 -0.1131E-01  0.2390E-02  0.9849E-01  0.9706E-01
     7  0.1080E+02  0.1657E-03  0.1446E-01  0.3791E-01  0.8597E-05 -0.6103E+00  0.2784E+00  0.1029E+01 -0.5798E-01  0.6077E+00 -0.2757E-01  0.1846E+06  0.1846E+06  0.1846E+06 -0.6021E-01  0.4425E-01  0.3337E-09  0.5147E+00 -0.2211E-09  0.4007E-01 -0.4566E-01 -0.1814E-01 -0.4265E-01  0.4020E-02  0.1178E+00  0.1401E+00
     8  0.1260E+02  0.1511E-03  0.1421E-01  0.3705E-01  0.8122E-05 -0.6000E+00  0.2745E+00  0.1021E+01 -0.1020E-01  0.6046E+00  0.3448E-01  0.1834E+06  0.1834E+06  0.1834E+06 -0.6097E-01  0.4362E-01  0.3326E-09  0.5158E+00 -0.6063E-09  0.3937E-01 -0.4213E-01 -0.1853E-01 -0.8172E-01 -0.2162E-01  0.1336E+00  0.1308E+00
     9  0.1440E+02  0.1482E-03  0.1382E-01  0.3795E-01  0.7834E-05 -0.5956E+00  0.2719E+00  0.1019E+01 -0.5582E-01  0.5771E+00  0.2589E-01  0.1835E+06  0.1835E+06  0.1835E+06 -0.5859E-01  0.4436E-01  0.3310E-09  0.5051E+00 -0.6804E-09  0.4053E-01 -0.4223E-01 -0.1292E-01 -0.5852E-01 -0.8495E-03  0.1184E+00  0.1147E+00
    10  0.1620E+02  0.1653E-03  0.1345E-01  0.3866E-01  0.7427E-05 -0.5876E+00  0.2700E+00  0.9647E+00 -0.1777E-01  0.5695E+00 -0.3769E-01  0.1829E+06  0.1829E+06  0.1829E+06 -0.5389E-01  0.4410E-01  0.3340E-09  0.4602E+00 -0.8906E-09  0.4101E-01 -0.4234E-01 -0.1554E-01 -0.4400E-01 -0.1309E-03  0.9715E-01  0.1127E+00
    11  0.1800E+02  0.1511E-03  0.1321E-01  0.3890E-01  0.7144E-05 -0.5758E+00  0.2687E+00  0.1023E+01 -0.1644E-01  0.5835E+00 -0.8262E-01  0.1824E+06  0.1824E+06  0.1824E+06 -0.5386E-01  0.4303E-01  0.3399E-09  0.4039E+00 -0.8639E-09  0.4063E-01 -0.3953E-01 -0.1849E-01 -0.4176E-01 -0.1400E-01  0.9212E-01  0.1096E+00
    12  0.1980E+02  0.1492E-03  0.1299E-01  0.3959E-01  0.6976E-05 -0.5674E+00  0.2679E+00  0.9705E+00 -0.8226E-01  0.6253E+00 -0.8185E-01  0.1832E+06  0.1832E+06  0.1832E+06 -0.5307E-01  0.4195E-01  0.3547E-09  0.4048E+00 -0.5185E-09  0.3952E-01 -0.4232E-01 -0.1355E-01 -0.5361E-01 -0.3509E-02  0.9179E-01  0.1164E+00
    13  0.2160E+02  0.1651E-03  0.1268E-01  0.3802E-01  0.6432E-05 -0.5595E+00  0.2666E+00  0.9796E+00  0.2415E-01  0.6678E+00 -0.3394E-01  0.1819E+06  0.1819E+06  0.1819E+06 -0.4838E-01  0.3988E-01  0.3602E-09  0.4105E+00 -0.3345E-09  0.3725E-01 -0.4412E-01 -0.1498E-01 -0.6152E-01  0.5131E-02  0.1043E+00  0.1391E+00
    14  0.2340E+02  0.1506E-03  0.1238E-01  0.3711E-01  0.6012E-05 -0.5471E+00  0.2653E+00  0.1006E+01 -0.7069E-01  0.6700E+00 -0.1894E-01  0.1811E+06  0.1811E+06  0.1811E+06 -0.4759E-01  0.3912E-01  0.3573E-09  0.4017E+00 -0.8693E-10  0.3661E-01 -0.3970E-01 -0.1850E-01 -0.4326E-01  0.8033E-03  0.9853E-01  0.1273E+00
    15  0.2520E+02  0.1506E-03  0.1215E-01  0.3708E-01  0.5674E-05 -0.5350E+00  0.2650E+00  0.9422E+00 -0.1041E-01  0.6678E+00 -0.2175E-01  0.1805E+06  0.1805E+06  0.1805E+06 -0.4670E-01  0.3868E-01  0.3569E-09  0.3621E+00  0.2524E-09  0.3664E-01 -0.4027E-01 -0.1336E-01 -0.6576E-01 -0.1766E-01  0.8871E-01  0.1205E+00
    16  0.2700E+02  0.1647E-03  0.1187E-01  0.3633E-01  0.5293E-05 -0.5282E+00  0.2647E+00  0.1009E+01 -0.2357E-01  0.6591E+00 -0.1827E-01  0.1794E+06  0.1794E+06  0.1794E+06 -0.4267E-01  0.3813E-01  0.3514E-09  0.3292E+00  0.4165E-09  0.3647E-01 -0.4566E-01 -0.1609E-01 -0.6057E-01 -0.1191E-01  0.9856E-01  0.1558E+00
    17  0.2880E+02  0.1498E-03  0.1154E-01  0.3572E-01  0.4941E-05 -0.5201E+00  0.2641E+00  0.9389E+00 -0.4272E-01  0.6605E+00 -0.2410E-01  0.1784E+06  0.1784E+06  0.1784E+06 -0.4215E-01  0.3778E-01  0.3495E-09  0.3367E+00  0.5513E-09  0.3608E-01 -0.3987E-01 -0.1817E-01 -0.5145E-01  0.1651E-02  0.7655E-01  0.1277E+00
    18  0.3060E+02  0.1525E-03  0.1138E-01  0.3585E-01  0.4816E-05 -0.5001E+00  0.2636E+00  0.9938E+00  0.5205E-02  0.6561E+00 -0.2025E-01  0.1779E+06  0.1779E+06  0.1779E+06 -0.4100E-01  0.3796E-01  0.3502E-09  0.3419E+00  0.9014E-09  0.3621E-01 -0.3968E-01 -0.1315E-01 -0.5574E-01 -0.3122E-02  0.9404E-01  0.1204E+00
    19  0.3240E+02  0.1641E-03  0.1117E-01  0.3527E-01  0.4517E-05 -0.4868E+00  0.2621E+00  0.9490E+00 -0.6553E-01  0.6493E+00  0.3801E-03  0.1773E+06  0.1773E+06  0.1773E+06 -0.3693E-01  0.3759E-01  0.3473E-09  0.3303E+00  0.1082E-08  0.3598E-01 -0.4509E-01 -0.1545E-01 -0.7204E-01 -0.7490E-03  0.8903E-01  0.1503E+00
    20  0.3420E+02  0.1490E-03  0.1096E-01  0.3478E-01  0.4355E-05 -0.4772E+00  0.2600E+00  0.9454E+00  0.7591E-02  0.6400E+00  0.3966E-02  0.1768E+06  0.1768E+06  0.1768E+06 -0.3645E-01  0.3778E-01  0.3445E-09  0.3684E+00  0.1135E-08  0.3579E-01 -0.3975E-01 -0.1825E-01 -0.6610E-01 -0.9666E-02  0.9895E-01  0.1287E+00
    21  0.3600E+02  0.1547E-03  0.1067E-01  0.3358E-01  0.4053E-05 -0.4679E+00  0.2583E+00  0.9476E+00 -0.4909E-01  0.6460E+00 -0.1059E-01  0.1753E+06  0.1753E+06  0.1753E+06 -0.3610E-01  0.3703E-01  0.3408E-09  0.3857E+00  0.9248E-09  0.3486E-01 -0.3850E-01 -0.1409E-01 -0.3965E-01 -0.3448E-02  0.9410E-01  0.1173E+00
    22  0.3780E+02  0.1629E-03  0.1049E-01  0.3316E-01  0.3828E-05 -0.4506E+00  0.2557E+00  0.9050E+00 -0.1541E-02  0.6471E+00 -0.1370E-01  0.1744E+06  0.1744E+06  0.1744E+06 -0.3231E-01  0.3659E-01  0.3406E-09  0.3874E+00  0.7133E-09  0.3440E-01 -0.4236E-01 -0.1481E-01 -0.5333E-01  0.8158E-02  0.9313E-01  0.1371E+00
    23  0.3960E+02  0.1484E-03  0.1034E-01  0.3296E-01  0.3680E-05 -0.4320E+00  0.2537E+00  0.9332E+00 -0.2691E-01  0.6531E+00 -0.1309E-01  0.1737E+06  0.1737E+06  0.1737E+06 -0.3121E-01  0.3624E-01  0.3426E-09  0.3918E+00  0.5416E-09  0.3396E-01 -0.3912E-01 -0.1776E-01 -0.7107E-01 -0.6905E-02  0.1113E+00  0.1320E+00
    24  0.4140E+02  0.1572E-03  0.1010E-01  0.3261E-01  0.3504E-05 -0.4227E+00  0.2523E+00  0.8946E+00 -0.3175E-01  0.6600E+00 -0.3051E-02  0.1729E+06  0.1729E+06  0.1729E+06 -0.3082E-01  0.3577E-01  0.3434E-09  0.3965E+00  0.2571E-09  0.3348E-01 -0.3904E-01 -0.1489E-01 -0.6047E-01 -0.1049E-01  0.1001E+00  0.1248E+00
    25  0.4320E+02  0.1612E-03  0.9938E-02  0.3251E-01  0.3364E-05 -0.4075E+00  0.2508E+00  0.8993E+00 -0.2550E-02  0.6582E+00 -0.2092E-02  0.1724E+06  0.1724E+06  0.1724E+06 -0.2776E-01  0.3548E-01  0.3437E-09  0.3824E+00 -0.3531E-10  0.3334E-01 -0.4120E-01 -0.1531E-01 -0.5537E-01  0.7352E-02  0.9922E-01  0.1368E+00
    26  0.4500E+02  0.1483E-03  0.9721E-02  0.3192E-01  0.3142E-05 -0.3906E+00  0.2495E+00  0.8984E+00 -0.3071E-01  0.6604E+00 -0.3808E-02  0.1716E+06  0.1716E+06  0.1716E+06 -0.2673E-01  0.3474E-01  0.3425E-09  0.3584E+00 -0.3565E-09  0.3287E-01 -0.3729E-01 -0.1653E-01 -0.5257E-01  0.4301E-02  0.9022E-01  0.1219E+00
    27  0.4680E+02  0.1596E-03  0.9533E-02  0.3113E-01  0.2923E-05 -0.3811E+00  0.2487E+00  0.8763E+00 -0.2935E-01  0.6652E+00 -0.3605E-01  0.1707E+06  0.1707E+06  0.1707E+06 -0.2578E-01  0.3383E-01  0.3403E-09  0.3247E+00 -0.4922E-09  0.3230E-01 -0.3890E-01 -0.1502E-01 -0.5929E-01 -0.1509E-01  0.8942E-01  0.1316E+00
    28  0.4860E+02  0.1589E-03  0.9338E-02  0.3012E-01  0.2696E-05 -0.3710E+00  0.2478E+00  0.8795E+00 -0.3858E-02  0.6825E+00 -0.6546E-01  0.1696E+06  0.1696E+06  0.1696E+06 -0.2392E-01  0.3257E-01  0.3399E-09  0.2891E+00 -0.5551E-09  0.3134E-01 -0.4155E-01 -0.1680E-01 -0.5800E-01 -0.1614E-02  0.8559E-01  0.1576E+00
    29  0.5040E+02  0.1492E-03  0.9158E-02  0.2967E-01  0.2533E-05 -0.3579E+00  0.2475E+00  0.8899E+00 -0.2630E-01  0.7032E+00 -0.5516E-01  0.1688E+06  0.1688E+06  0.1688E+06 -0.2335E-01  0.3165E-01  0.3424E-09  0.2665E+00 -0.3910E-09  0.3060E-01 -0.3675E-01 -0.1552E-01 -0.6389E-01  0.4602E-02  0.8372E-01  0.1342E+00
    30  0.5220E+02  0.1616E-03  0.8982E-02  0.2940E-01  0.2410E-05 -0.3434E+00  0.2474E+00  0.8720E+00 -0.1503E-01  0.7218E+00 -0.2717E-01  0.1680E+06  0.1680E+06  0.1680E+06 -0.2183E-01  0.3092E-01  0.3453E-09  0.2463E+00 -0.6277E-10  0.3002E-01 -0.3951E-01 -0.1468E-01 -0.5710E-01 -0.2136E-02  0.7631E-01  0.1526E+00
    31  0.5400E+02  0.1561E-03  0.8822E-02  0.2852E-01  0.2244E-05 -0.3337E+00  0.2468E+00  0.8746E+00 -0.2046E-01  0.7241E+00 -0.3612E-02  0.1667E+06  0.1667E+06  0.1667E+06 -0.2012E-01  0.3029E-01  0.3413E-09  0.2362E+00  0.3266E-09  0.2946E-01 -0.4144E-01 -0.1707E-01 -0.6899E-01 -0.7680E-02  0.9040E-01  0.1784E+00
    32  0.5580E+02  0.1511E-03  0.8602E-02  0.2837E-01  0.2134E-05 -0.3207E+00  0.2457E+00  0.8586E+00 -0.6579E-02  0.7098E+00  0.6634E-02  0.1660E+06  0.1660E+06  0.1660E+06 -0.1984E-01  0.3041E-01  0.3383E-09  0.2384E+00  0.5683E-09  0.2959E-01 -0.3664E-01 -0.1585E-01 -0.5632E-01 -0.1121E-02  0.7491E-01  0.1399E+00
    33  0.5760E+02  0.1626E-03  0.8438E-02  0.2747E-01  0.2003E-05 -0.3056E+00  0.2450E+00  0.8738E+00 -0.9223E-02  0.7017E+00 -0.1657E-01  0.1649E+06  0.1649E+06  0.1649E+06 -0.1836E-01  0.3019E-01  0.3320E-09  0.2607E+00  0.8037E-09  0.2923E-01 -0.3891E-01 -0.1451E-01 -0.4599E-01  0.9175E-02  0.8070E-01  0.1526E+00
    34  0.5940E+02  0.1534E-03  0.8305E-02  0.2700E-01  0.1898E-05 -0.2935E+00  0.2434E+00  0.8470E+00 -0.3221E-01  0.6938E+00 -0.3244E-01  0.1642E+06  0.1642E+06  0.1642E+06 -0.1657E-01  0.3012E-01  0.3288E-09  0.2786E+00  0.7980E-09  0.2904E-01 -0.3989E-01 -0.1652E-01 -0.7355E-01 -0.5665E-02  0.9097E-01  0.1645E+00
    35  0.6120E+02  0.1540E-03  0.8141E-02  0.2630E-01  0.1796E-05 -0.2806E+00  0.2419E+00  0.8440E+00  0.9396E-02  0.6943E+00 -0.2883E-01  0.1632E+06  0.1632E+06  0.1632E+06 -0.1649E-01  0.2973E-01  0.3263E-09  0.2951E+00  0.9761E-09  0.2853E-01 -0.3686E-01 -0.1641E-01 -0.6498E-01 -0.8424E-02  0.9480E-01  0.1480E+00
    36  0.6300E+02  0.1622E-03  0.7943E-02  0.2619E-01  0.1722E-05 -0.2695E+00  0.2405E+00  0.8571E+00 -0.1900E-01  0.6994E+00 -0.3530E-01  0.1624E+06  0.1624E+06  0.1624E+06 -0.1525E-01  0.2964E-01  0.3280E-09  0.3209E+00  0.9814E-09  0.2826E-01 -0.3838E-01 -0.1491E-01 -0.4843E-01  0.1166E-01  0.8992E-01  0.1525E+00
    37  0.6480E+02  0.1515E-03  0.7803E-02  0.2570E-01  0.1620E-05 -0.2523E+00  0.2390E+00  0.8233E+00 -0.2021E-01  0.7005E+00 -0.1089E-01  0.1614E+06  0.1614E+06  0.1614E+06 -0.1344E-01  0.2927E-01  0.3258E-09  0.3239E+00  0.6064E-09  0.2784E-01 -0.3764E-01 -0.1607E-01 -0.5942E-01  0.4324E-02  0.8698E-01  0.1520E+00
    38  0.6660E+02  0.1574E-03  0.7659E-02  0.2505E-01  0.1513E-05 -0.2425E+00  0.2377E+00  0.8315E+00  0.4538E-02  0.6875E+00 -0.6653E-02  0.1605E+06  0.1605E+06  0.1605E+06 -0.1350E-01  0.2895E-01  0.3194E-09  0.3128E+00  0.2685E-09  0.2764E-01 -0.3664E-01 -0.1614E-01 -0.6631E-01 -0.5755E-02  0.9454E-01  0.1493E+00
    39  0.6840E+02  0.1603E-03  0.7474E-02  0.2414E-01  0.1392E-05 -0.2339E+00  0.2368E+00  0.8355E+00 -0.1616E-01  0.6894E+00 -0.1674E-01  0.1594E+06  0.1594E+06  0.1594E+06 -0.1222E-01  0.2823E-01  0.3147E-09  0.3013E+00 -0.9550E-11  0.2704E-01 -0.3879E-01 -0.1553E-01 -0.5400E-01 -0.3965E-02  0.8915E-01  0.1661E+00
    40  0.7020E+02  0.1511E-03  0.7314E-02  0.2351E-01  0.1290E-05 -0.2205E+00  0.2363E+00  0.8131E+00 -0.2523E-01  0.7047E+00 -0.1902E-01  0.1586E+06  0.1586E+06  0.1586E+06 -0.1123E-01  0.2740E-01  0.3146E-09  0.2827E+00 -0.2327E-09  0.2635E-01 -0.3615E-01 -0.1644E-01 -0.5537E-01  0.1291E-01  0.8118E-01  0.1583E+00
    41  0.7200E+02  0.1603E-03  0.7173E-02  0.2293E-01  0.1197E-05 -0.2054E+00  0.2359E+00  0.8088E+00 -0.1184E-02  0.7032E+00 -0.2798E-01  0.1577E+06  0.1577E+06  0.1577E+06 -0.1083E-01  0.2684E-01  0.3106E-09  0.2492E+00 -0.1902E-09  0.2603E-01 -0.3683E-01 -0.1514E-01 -0.6015E-01  0.1460E-02  0.8003E-01  0.1642E+00
    42  0.7380E+02  0.1572E-03  0.7050E-02  0.2243E-01  0.1125E-05 -0.1963E+00  0.2356E+00  0.8238E+00  0.3495E-02  0.7071E+00 -0.1231E-01  0.1569E+06  0.1569E+06  0.1569E+06 -0.9242E-02  0.2631E-01  0.3083E-09  0.2270E+00 -0.8756E-10  0.2564E-01 -0.3893E-01 -0.1640E-01 -0.6643E-01 -0.4421E-02  0.8205E-01  0.1892E+00
    43  0.7560E+02  0.1527E-03  0.6892E-02  0.2206E-01  0.1058E-05 -0.1861E+00  0.2351E+00  0.8235E+00 -0.1558E-01  0.6996E+00 -0.8380E-02  0.1562E+06  0.1562E+06  0.1562E+06 -0.9238E-02  0.2611E-01  0.3046E-09  0.2153E+00  0.2565E-09  0.2553E-01 -0.3602E-01 -0.1667E-01 -0.5905E-01 -0.1031E-04  0.7146E-01  0.1684E+00
    44  0.7740E+02  0.1618E-03  0.6751E-02  0.2176E-01  0.1003E-05 -0.1748E+00  0.2347E+00  0.8093E+00 -0.2275E-01  0.7043E+00 -0.1898E-01  0.1556E+06  0.1556E+06  0.1556E+06 -0.8625E-02  0.2577E-01  0.3042E-09  0.2056E+00  0.6348E-09  0.2524E-01 -0.3675E-01 -0.1492E-01 -0.4877E-01  0.1217E-01  0.6636E-01  0.1709E+00
    45  0.7920E+02  0.1542E-03  0.6660E-02  0.2143E-01  0.9566E-06 -0.1597E+00  0.2340E+00  0.7950E+00 -0.2096E-02  0.7069E+00 -0.1533E-01  0.1549E+06  0.1549E+06  0.1549E+06 -0.7095E-02  0.2556E-01  0.3033E-09  0.2231E+00  0.7759E-09  0.2495E-01 -0.3815E-01 -0.1629E-01 -0.6952E-01  0.2483E-02  0.7933E-01  0.1898E+00
    46  0.8100E+02  0.1559E-03  0.6522E-02  0.2106E-01  0.9113E-06 -0.1495E+00  0.2329E+00  0.8110E+00  0.1262E-01  0.7125E+00 -0.1490E-01  0.1544E+06  0.1544E+06  0.1544E+06 -0.7088E-02  0.2527E-01  0.3032E-09  0.2423E+00  0.1010E-08  0.2457E-01 -0.3621E-01 -0.1667E-01 -0.6540E-01 -0.7506E-02  0.8636E-01  0.1798E+00
    47  0.8280E+02  0.1609E-03  0.6374E-02  0.2064E-01  0.8628E-06 -0.1404E+00  0.2318E+00  0.8078E+00 -0.1694E-01  0.7060E+00 -0.2863E-01  0.1537E+06  0.1537E+06  0.1537E+06 -0.6491E-02  0.2519E-01  0.3000E-09  0.2686E+00  0.1140E-08  0.2436E-01 -0.3662E-01 -0.1528E-01 -0.4888E-01  0.8089E-02  0.7637E-01  0.1767E+00
    48  0.8460E+02  0.1527E-03  0.6262E-02  0.2045E-01  0.8226E-06 -0.1255E+00  0.2306E+00  0.7829E+00 -0.1101E-01  0.7059E+00 -0.1192E-01  0.1531E+06  0.1531E+06  0.1531E+06 -0.5325E-02  0.2510E-01  0.2993E-09  0.2925E+00  0.9792E-09  0.2415E-01 -0.3630E-01 -0.1631E-01 -0.5931E-01  0.1036E-01  0.8109E-01  0.1776E+00
    49  0.8640E+02  0.1593E-03  0.6162E-02  0.2027E-01  0.7882E-06 -0.1150E+00  0.2294E+00  0.7893E+00  0.9873E-02  0.7005E+00 -0.6353E-02  0.1527E+06  0.1527E+06  0.1527E+06 -0.5282E-02  0.2505E-01  0.2974E-09  0.3045E+00  0.6950E-09  0.2406E-01 -0.3575E-01 -0.1618E-01 -0.7031E-01  0.8188E-04  0.9089E-01  0.1742E+00
    50  0.8820E+02  0.1581E-03  0.6036E-02  0.1994E-01  0.7500E-06 -0.1069E+00  0.2285E+00  0.7892E+00 -0.6112E-02  0.6980E+00 -0.7124E-02  0.1522E+06  0.1522E+06  0.1522E+06 -0.4454E-02  0.2486E-01  0.2949E-09  0.3107E+00  0.4412E-09  0.2384E-01 -0.3671E-01 -0.1584E-01 -0.5282E-01 -0.7591E-03  0.8274E-01  0.1803E+00
    51  0.9000E+02  0.1537E-03  0.5921E-02  0.1975E-01  0.7107E-06 -0.9624E-01  0.2278E+00  0.7808E+00 -0.5816E-02  0.6978E+00 -0.2219E-01  0.1517E+06  0.1517E+06  0.1517E+06 -0.4094E-02  0.2464E-01  0.2940E-09  0.3064E+00  0.3236E-09  0.2368E-01 -0.3487E-01 -0.1644E-01 -0.5695E-01  0.1184E-01  0.7565E-01  0.1695E+00
    52  0.9180E+02  0.1612E-03  0.5835E-02  0.1947E-01  0.6745E-06 -0.8337E-01  0.2273E+00  0.7771E+00 -0.7326E-02  0.7056E+00 -0.2524E-01  0.1513E+06  0.1513E+06  0.1513E+06 -0.3649E-02  0.2416E-01  0.2939E-09  0.2824E+00  0.2793E-10  0.2335E-01 -0.3598E-01 -0.1568E-01 -0.6663E-01  0.2607E-02  0.8237E-01  0.1820E+00
    53  0.9360E+02  0.1551E-03  0.5737E-02  0.1919E-01  0.6417E-06 -0.7602E-01  0.2268E+00  0.7702E+00  0.2840E-02  0.7150E+00 -0.1148E-01  0.1509E+06  0.1509E+06  0.1509E+06 -0.2844E-02  0.2366E-01  0.2942E-09  0.2589E+00 -0.7204E-10  0.2299E-01 -0.3660E-01 -0.1660E-01 -0.6078E-01 -0.1422E-02  0.7811E-01  0.1954E+00
    54  0.9540E+02  0.1567E-03  0.5621E-02  0.1902E-01  0.6081E-06 -0.6600E-01  0.2263E+00  0.7748E+00 -0.2006E-02  0.7165E+00 -0.1527E-01  0.1505E+06  0.1505E+06  0.1505E+06 -0.2911E-02  0.2342E-01  0.2936E-09  0.2457E+00  0.1082E-09  0.2283E-01 -0.3437E-01 -0.1630E-01 -0.5615E-01  0.9110E-02  0.7302E-01  0.1788E+00
    55  0.9720E+02  0.1603E-03  0.5515E-02  0.1883E-01  0.5781E-06 -0.5572E-01  0.2258E+00  0.7632E+00 -0.1435E-01  0.7145E+00 -0.4966E-02  0.1501E+06  0.1501E+06  0.1501E+06 -0.2254E-02  0.2323E-01  0.2923E-09  0.2337E+00  0.2686E-09  0.2271E-01 -0.3610E-01 -0.1567E-01 -0.5925E-01  0.6861E-02  0.7053E-01  0.1919E+00
    56  0.9900E+02  0.1538E-03  0.5449E-02  0.1861E-01  0.5531E-06 -0.4592E-01  0.2250E+00  0.7547E+00 -0.1786E-02  0.7061E+00 -0.4027E-02  0.1497E+06  0.1497E+06  0.1497E+06 -0.1703E-02  0.2315E-01  0.2897E-09  0.2321E+00  0.5321E-09  0.2266E-01 -0.3575E-01 -0.1665E-01 -0.7445E-01  0.4500E-02  0.7797E-01  0.1938E+00
    57  0.1008E+03  0.1599E-03  0.5336E-02  0.1857E-01  0.5345E-06 -0.3993E-01  0.2241E+00  0.7546E+00  0.6814E-02  0.7026E+00 -0.6565E-02  0.1494E+06  0.1494E+06  0.1494E+06 -0.1653E-02  0.2311E-01  0.2896E-09  0.2337E+00  0.7214E-09  0.2263E-01 -0.3477E-01 -0.1624E-01 -0.5714E-01 -0.4113E-02  0.7281E-01  0.1826E+00
    58  0.1026E+03  0.1574E-03  0.5239E-02  0.1859E-01  0.5157E-06 -0.3087E-01  0.2231E+00  0.7518E+00  0.4666E-02  0.6967E+00 -0.1847E-01  0.1490E+06  0.1490E+06  0.1490E+06 -0.1285E-02  0.2316E-01  0.2896E-09  0.2420E+00  0.8812E-09  0.2266E-01 -0.3498E-01 -0.1623E-01 -0.5248E-01  0.1628E-01  0.6473E-01  0.1809E+00
    59  0.1044E+03  0.1554E-03  0.5165E-02  0.1831E-01  0.4926E-06 -0.2244E-01  0.2221E+00  0.7483E+00 -0.3465E-02  0.7017E+00 -0.2778E-01  0.1485E+06  0.1485E+06  0.1485E+06 -0.8527E-03  0.2290E-01  0.2894E-09  0.2571E+00  0.9536E-09  0.2235E-01 -0.3463E-01 -0.1614E-01 -0.7103E-01  0.2615E-02  0.8041E-01  0.1826E+00
    60  0.1062E+03  0.1608E-03  0.5079E-02  0.1830E-01  0.4764E-06 -0.1410E-01  0.2210E+00  0.7392E+00  0.2371E-02  0.7122E+00 -0.2269E-01  0.1483E+06  0.1483E+06  0.1483E+06 -0.5668E-03  0.2264E-01  0.2923E-09  0.2586E+00  0.8542E-09  0.2210E-01 -0.3511E-01 -0.1670E-01 -0.6741E-01  0.6756E-03  0.7679E-01  0.1905E+00
    61  0.1080E+03  0.1549E-03  0.4977E-02  0.1816E-01  0.4573E-06 -0.9515E-02  0.2200E+00  0.7391E+00  0.6954E-02  0.7159E+00 -0.1433E-01  0.1478E+06  0.1478E+06  0.1478E+06 -0.3991E-03  0.2245E-01  0.2929E-09  0.2672E+00  0.8921E-09  0.2189E-01 -0.3400E-01 -0.1637E-01 -0.5342E-01  0.3187E-02  0.7012E-01  0.1811E+00
    62  0.1098E+03  0.1587E-03  0.4915E-02  0.1818E-01  0.4431E-06  0.2239E-02  0.2192E+00  0.7342E+00 -0.5830E-02  0.7049E+00 -0.3135E-02  0.1475E+06  0.1475E+06  0.1475E+06 -0.1359E-03  0.2255E-01  0.2914E-09  0.2644E+00  0.8067E-09  0.2202E-01 -0.3373E-01 -0.1624E-01 -0.6303E-01  0.1489E-01  0.7113E-01  0.1759E+00
    63  0.1116E+03  0.1588E-03  0.4844E-02  0.1805E-01  0.4255E-06  0.8884E-02  0.2186E+00  0.7285E+00  0.1136E-02  0.6964E+00 -0.2322E-02  0.1472E+06  0.1472E+06  0.1472E+06  0.3176E-03  0.2253E-01  0.2889E-09  0.2585E+00  0.5663E-09  0.2203E-01 -0.3487E-01 -0.1653E-01 -0.7159E-01 -0.3725E-02  0.7603E-01  0.1866E+00
    64  0.1134E+03  0.1553E-03  0.4759E-02  0.1793E-01  0.4093E-06  0.1338E-01  0.2181E+00  0.7249E+00  0.1602E-02  0.7001E+00 -0.2844E-01  0.1469E+06  0.1469E+06  0.1469E+06  0.3563E-03  0.2236E-01  0.2892E-09  0.2613E+00  0.4970E-09  0.2187E-01 -0.3368E-01 -0.1673E-01 -0.6136E-01  0.7423E-02  0.6989E-01  0.1784E+00
    65  0.1152E+03  0.1605E-03  0.4667E-02  0.1791E-01  0.3924E-06  0.1931E-01  0.2176E+00  0.7226E+00  0.1919E-02  0.7103E+00 -0.3721E-01  0.1465E+06  0.1465E+06  0.1465E+06  0.4107E-03  0.2211E-01  0.2916E-09  0.2500E+00  0.4152E-09  0.2168E-01 -0.3362E-01 -0.1601E-01 -0.5817E-01  0.7515E-02  0.6420E-01  0.1775E+00
    66  0.1170E+03  0.1560E-03  0.4600E-02  0.1766E-01  0.3738E-06  0.2679E-01  0.2170E+00  0.7231E+00  0.1755E-02  0.7231E+00 -0.1528E-01  0.1461E+06  0.1461E+06  0.1461E+06  0.8911E-03  0.2168E-01  0.2926E-09  0.2421E+00  0.3613E-09  0.2128E-01 -0.3428E-01 -0.1674E-01 -0.7163E-01  0.5138E-02  0.7341E-01  0.1932E+00
    67  0.1188E+03  0.1580E-03  0.4532E-02  0.1752E-01  0.3604E-06  0.3275E-01  0.2162E+00  0.7184E+00 -0.3208E-02  0.7230E+00  0.2973E-02  0.1458E+06  0.1458E+06  0.1458E+06  0.8653E-03  0.2152E-01  0.2922E-09  0.2380E+00  0.4908E-09  0.2114E-01 -0.3361E-01 -0.1646E-01 -0.6714E-01 -0.2287E-02  0.6947E-01  0.1870E+00
    68  0.1206E+03  0.1593E-03  0.4440E-02  0.1758E-01  0.3477E-06  0.3654E-01  0.2153E+00  0.7130E+00  0.4174E-02  0.7025E+00  0.1557E-01  0.1455E+06  0.1455E+06  0.1455E+06  0.1090E-02  0.2178E-01  0.2893E-09  0.2375E+00  0.4356E-09  0.2142E-01 -0.3331E-01 -0.1655E-01 -0.5798E-01  0.1001E-01  0.6208E-01  0.1785E+00
    69  0.1224E+03  0.1556E-03  0.4381E-02  0.1757E-01  0.3366E-06  0.4219E-01  0.2145E+00  0.7123E+00 -0.4940E-02  0.6826E+00  0.6077E-02  0.1452E+06  0.1452E+06  0.1452E+06  0.1156E-02  0.2201E-01  0.2860E-09  0.2388E+00  0.5334E-09  0.2167E-01 -0.3318E-01 -0.1640E-01 -0.6614E-01  0.5014E-02  0.6823E-01  0.1731E+00
    70  0.1242E+03  0.1603E-03  0.4326E-02  0.1734E-01  0.3231E-06  0.4689E-01  0.2136E+00  0.7037E+00 -0.1656E-02  0.6828E+00 -0.2701E-01  0.1448E+06  0.1448E+06  0.1448E+06  0.1308E-02  0.2181E-01  0.2850E-09  0.2419E+00  0.6989E-09  0.2147E-01 -0.3332E-01 -0.1661E-01 -0.7515E-01  0.1424E-02  0.7051E-01  0.1772E+00
