 #NTuple/Z0                                                                     
  
 output from Ecalc9f version   2.09
  settings: 
    particle type:            2
    pzmin/pzmax:   0.000000000000000E+000 /   100.000000000000     
    transverse cuts:   0.000000000000000E+000  0.000000000000000E+000
    longitudinal cut:   0.000000000000000E+000
    RF frequency (MHz):    352.000000000000     
    sigma cut:    4.00000000000000     
    subtract out amplitude correlation
    wrnew9 =  F
 
regn #   Z           Bz          eperp       elong       e6D         Ldim        Pzavg       beta        alpha       betaL       alphaL      n0          n1          n2          Lcan(eVs)   sigmaE      sigmaT      corrE       corrT       sigmaE_c    xavg        yavg        Dx          Dy          Dr          Dr2
     1  0.0000E+00  0.4337E-15  0.1423E-02  0.3434E-02  0.7214E-08  0.9875E-01  0.2003E+00  0.2169E+00  0.1236E+00  0.7341E+00  0.6921E-02  0.3684E+05  0.3684E+05  0.3684E+05  0.1040E-02  0.9256E-02  0.1376E-09  0.5589E+00  0.8421E-09  0.8802E-02 -0.6902E-02 -0.2461E-02 -0.4854E-01 -0.1260E-02  0.4865E-01  0.3458E-01
     2  0.1100E+01  0.0000E+00  0.1408E-02  0.3446E-02  0.7110E-08  0.1004E+00  0.2004E+00  0.1834E+00  0.3773E+00  0.7408E+00 -0.3258E-01  0.3679E+05  0.3679E+05  0.3679E+05  0.9883E-03  0.9198E-02  0.1387E-09  0.5402E+00  0.2052E-08  0.8784E-02 -0.5809E-02 -0.2390E-02 -0.3052E-01 -0.2082E-02  0.5512E-01  0.2643E-01
     3  0.2200E+01 -0.8674E-15  0.1412E-02  0.3442E-02  0.7160E-08  0.9485E-01  0.2008E+00  0.1399E+00  0.2655E+00  0.7760E+00 -0.6230E-01  0.3672E+05  0.3672E+05  0.3672E+05  0.1047E-02  0.9045E-02  0.1425E-09  0.5505E+00  0.3614E-08  0.8602E-02 -0.6868E-02 -0.2524E-02 -0.4221E-01 -0.2695E-02  0.6045E-01  0.3632E-01
     4  0.3300E+01  0.0000E+00  0.1427E-02  0.3430E-02  0.7474E-08  0.8874E-01  0.2020E+00  0.1371E+00  0.9214E-01  0.8222E+00 -0.6752E-01  0.3667E+05  0.3667E+05  0.3667E+05  0.8999E-03  0.8889E-02  0.1470E-09  0.5667E+00  0.5036E-08  0.8380E-02 -0.6626E-02 -0.2496E-02 -0.3179E-01 -0.1092E-02  0.3322E-01  0.3452E-01
     5  0.4400E+01 -0.6505E-15  0.1439E-02  0.3399E-02  0.7659E-08  0.8731E-01  0.2034E+00  0.1525E+00  0.6297E-01  0.8712E+00 -0.3981E-01  0.3660E+05  0.3660E+05  0.3660E+05  0.1005E-02  0.8789E-02  0.1505E-09  0.6223E+00  0.5595E-08  0.8131E-02 -0.6730E-02 -0.2536E-02 -0.4090E-01 -0.4168E-02  0.3528E-01  0.3687E-01
     6  0.5500E+01  0.6505E-15  0.1420E-02  0.3389E-02  0.7526E-08  0.8471E-01  0.2048E+00  0.1594E+00  0.1078E+00  0.8898E+00  0.3925E-03  0.3653E+05  0.3653E+05  0.3653E+05  0.8799E-03  0.8855E-02  0.1513E-09  0.6954E+00  0.5907E-08  0.8069E-02 -0.7541E-02 -0.2513E-02 -0.3575E-01 -0.4219E-03  0.4560E-01  0.4499E-01
     7  0.6600E+01 -0.2168E-15  0.1396E-02  0.3354E-02  0.7311E-08  0.8479E-01  0.2061E+00  0.1602E+00  0.1623E+00  0.8835E+00  0.5159E-01  0.3644E+05  0.3644E+05  0.3644E+05  0.9089E-03  0.9022E-02  0.1490E-09  0.7746E+00  0.5703E-08  0.8102E-02 -0.7079E-02 -0.2679E-02 -0.3047E-01 -0.4390E-02  0.5534E-01  0.4024E-01
     8  0.7700E+01 -0.4337E-15  0.1383E-02  0.3373E-02  0.7181E-08  0.8251E-01  0.2072E+00  0.1583E+00  0.2006E+00  0.8568E+00  0.7467E-01  0.3634E+05  0.3634E+05  0.3634E+05  0.8679E-03  0.9292E-02  0.1467E-09  0.8239E+00  0.5810E-08  0.8293E-02 -0.7978E-02 -0.2482E-02 -0.4094E-01  0.3378E-03  0.6136E-01  0.4655E-01
     9  0.8800E+01  0.6505E-15  0.1372E-02  0.3350E-02  0.7116E-08  0.7978E-01  0.2080E+00  0.1549E+00  0.2352E+00  0.8204E+00  0.9459E-01  0.3627E+05  0.3627E+05  0.3627E+05  0.7871E-03  0.9578E-02  0.1425E-09  0.8767E+00  0.5439E-08  0.8483E-02 -0.7411E-02 -0.2750E-02 -0.2772E-01 -0.4526E-02  0.5653E-01  0.3961E-01
    10  0.9900E+01 -0.6505E-15  0.1368E-02  0.3315E-02  0.6997E-08  0.7713E-01  0.2084E+00  0.1506E+00  0.2537E+00  0.7893E+00  0.9865E-01  0.3617E+05  0.3617E+05  0.3617E+05  0.8467E-03  0.9812E-02  0.1386E-09  0.9262E+00  0.5087E-08  0.8617E-02 -0.8026E-02 -0.2482E-02 -0.3690E-01 -0.3093E-03  0.5910E-01  0.4266E-01
    11  0.1100E+02  0.8674E-15  0.1371E-02  0.3268E-02  0.6977E-08  0.7476E-01  0.2083E+00  0.1461E+00  0.2572E+00  0.7532E+00  0.9756E-01  0.3608E+05  0.3608E+05  0.3608E+05  0.6874E-03  0.1003E-01  0.1341E-09  0.9444E+00  0.4407E-08  0.8756E-02 -0.7592E-02 -0.2717E-02 -0.2993E-01 -0.3735E-02  0.5551E-01  0.3777E-01
    12  0.1210E+02  0.6505E-15  0.1376E-02  0.3204E-02  0.6915E-08  0.6906E-01  0.2078E+00  0.1421E+00  0.2370E+00  0.7237E+00  0.8768E-01  0.3597E+05  0.3597E+05  0.3597E+05  0.7765E-03  0.1015E-01  0.1300E-09  0.9606E+00  0.3740E-08  0.8821E-02 -0.7653E-02 -0.2553E-02 -0.3281E-01 -0.6924E-03  0.5398E-01  0.3670E-01
    13  0.1320E+02  0.0000E+00  0.1388E-02  0.3150E-02  0.6947E-08  0.6534E-01  0.2069E+00  0.1402E+00  0.2093E+00  0.7013E+00  0.6959E-01  0.3587E+05  0.3587E+05  0.3587E+05  0.6014E-03  0.1025E-01  0.1269E-09  0.9650E+00  0.3178E-08  0.8846E-02 -0.7554E-02 -0.2564E-02 -0.3136E-01 -0.3313E-02  0.5055E-01  0.3496E-01
    14  0.1430E+02  0.4337E-15  0.1396E-02  0.3071E-02  0.6912E-08  0.6295E-01  0.2057E+00  0.1409E+00  0.1734E+00  0.6869E+00  0.4516E-01  0.3575E+05  0.3575E+05  0.3575E+05  0.6748E-03  0.1024E-01  0.1242E-09  0.9661E+00  0.2484E-08  0.8775E-02 -0.7065E-02 -0.2627E-02 -0.3148E-01 -0.1181E-02  0.4840E-01  0.3107E-01
    15  0.1540E+02 -0.4337E-15  0.1395E-02  0.3024E-02  0.6800E-08  0.6120E-01  0.2042E+00  0.1430E+00  0.1508E+00  0.6846E+00  0.1988E-01  0.3564E+05  0.3564E+05  0.3564E+05  0.6199E-03  0.1016E-01  0.1233E-09  0.9570E+00  0.1691E-08  0.8672E-02 -0.7247E-02 -0.2420E-02 -0.3221E-01 -0.2824E-02  0.4651E-01  0.3196E-01
    16  0.1650E+02  0.2168E-15  0.1388E-02  0.2962E-02  0.6615E-08  0.6073E-01  0.2027E+00  0.1443E+00  0.1385E+00  0.6877E+00 -0.1085E-02  0.3554E+05  0.3554E+05  0.3554E+05  0.5837E-03  0.9994E-02  0.1226E-09  0.9448E+00  0.8128E-09  0.8517E-02 -0.6524E-02 -0.2614E-02 -0.3251E-01 -0.1716E-02  0.4564E-01  0.2778E-01
    17  0.1760E+02  0.2168E-15  0.1364E-02  0.2918E-02  0.6245E-08  0.6225E-01  0.2013E+00  0.1430E+00  0.1099E+00  0.7052E+00 -0.1658E-01  0.3542E+05  0.3542E+05  0.3542E+05  0.6785E-03  0.9706E-02  0.1238E-09  0.9258E+00  0.8287E-10  0.8306E-02 -0.6659E-02 -0.2370E-02 -0.3388E-01 -0.2039E-02  0.4760E-01  0.2946E-01
    18  0.1870E+02  0.2168E-15  0.1341E-02  0.2870E-02  0.5929E-08  0.6294E-01  0.2001E+00  0.1453E+00  0.6274E-01  0.7211E+00 -0.1937E-01  0.3534E+05  0.3534E+05  0.3534E+05  0.5556E-03  0.9426E-02  0.1247E-09  0.9076E+00 -0.4050E-09  0.8113E-02 -0.6341E-02 -0.2472E-02 -0.3349E-01 -0.1811E-02  0.4972E-01  0.2879E-01
    19  0.1980E+02  0.8674E-15  0.1320E-02  0.2856E-02  0.5609E-08  0.6445E-01  0.1993E+00  0.1546E+00  0.3834E-01  0.7370E+00 -0.2142E-01  0.3526E+05  0.3526E+05  0.3526E+05  0.6920E-03  0.9119E-02  0.1262E-09  0.8564E+00 -0.8560E-09  0.7983E-02 -0.6118E-02 -0.2517E-02 -0.3726E-01 -0.1037E-02  0.4956E-01  0.2890E-01
    20  0.2090E+02  0.2168E-15  0.1306E-02  0.2846E-02  0.5389E-08  0.6545E-01  0.1989E+00  0.1622E+00  0.7395E-01  0.7496E+00 -0.1802E-01  0.3522E+05  0.3522E+05  0.3522E+05  0.6352E-03  0.8873E-02  0.1273E-09  0.8124E+00 -0.1094E-08  0.7890E-02 -0.6325E-02 -0.2236E-02 -0.3759E-01 -0.9271E-03  0.5249E-01  0.3122E-01
    21  0.2200E+02  0.2168E-15  0.1291E-02  0.2848E-02  0.5193E-08  0.6786E-01  0.1989E+00  0.1605E+00  0.1157E+00  0.7571E+00 -0.1898E-01  0.3519E+05  0.3519E+05  0.3519E+05  0.6377E-03  0.8697E-02  0.1280E-09  0.7608E+00 -0.1091E-08  0.7853E-02 -0.6038E-02 -0.2619E-02 -0.3717E-01 -0.1995E-02  0.5459E-01  0.3138E-01
    22  0.2310E+02 -0.8674E-15  0.1276E-02  0.2843E-02  0.5002E-08  0.7039E-01  0.1992E+00  0.1564E+00  0.1180E+00  0.7715E+00 -0.1951E-01  0.3516E+05  0.3516E+05  0.3516E+05  0.7396E-03  0.8511E-02  0.1288E-09  0.7213E+00 -0.7476E-09  0.7782E-02 -0.6368E-02 -0.2276E-02 -0.3661E-01 -0.9191E-03  0.5448E-01  0.3443E-01
    23  0.2420E+02 -0.2168E-15  0.1262E-02  0.2842E-02  0.4819E-08  0.6975E-01  0.1999E+00  0.1563E+00  0.1040E+00  0.7874E+00 -0.2199E-01  0.3510E+05  0.3510E+05  0.3510E+05  0.5982E-03  0.8327E-02  0.1298E-09  0.6648E+00 -0.1381E-09  0.7720E-02 -0.6358E-02 -0.2522E-02 -0.3890E-01 -0.3467E-02  0.4900E-01  0.3665E-01
    24  0.2530E+02 -0.2168E-15  0.1245E-02  0.2821E-02  0.4633E-08  0.7311E-01  0.2007E+00  0.1586E+00  0.1009E+00  0.8061E+00 -0.1040E-01  0.3503E+05  0.3503E+05  0.3503E+05  0.7761E-03  0.8165E-02  0.1304E-09  0.6386E+00  0.5870E-09  0.7624E-02 -0.6534E-02 -0.2519E-02 -0.3770E-01 -0.5870E-03  0.4721E-01  0.3993E-01
    25  0.2640E+02 -0.8674E-15  0.1233E-02  0.2807E-02  0.4507E-08  0.7106E-01  0.2017E+00  0.1605E+00  0.1169E+00  0.8152E+00  0.6211E-02  0.3497E+05  0.3497E+05  0.3497E+05  0.6338E-03  0.8088E-02  0.1305E-09  0.6200E+00  0.1513E-08  0.7589E-02 -0.6844E-02 -0.2350E-02 -0.3682E-01 -0.1762E-02  0.4743E-01  0.4359E-01
    26  0.2750E+02 -0.6505E-15  0.1222E-02  0.2805E-02  0.4412E-08  0.7305E-01  0.2027E+00  0.1597E+00  0.1311E+00  0.8141E+00  0.2486E-01  0.3492E+05  0.3492E+05  0.3492E+05  0.7065E-03  0.8120E-02  0.1302E-09  0.6319E+00  0.2267E-08  0.7620E-02 -0.6812E-02 -0.2689E-02 -0.4048E-01 -0.3063E-02  0.5149E-01  0.4470E-01
    27  0.2860E+02 -0.6505E-15  0.1212E-02  0.2792E-02  0.4352E-08  0.7126E-01  0.2035E+00  0.1584E+00  0.1366E+00  0.8038E+00  0.3873E-01  0.3486E+05  0.3486E+05  0.3486E+05  0.6780E-03  0.8209E-02  0.1291E-09  0.6626E+00  0.3193E-08  0.7677E-02 -0.7136E-02 -0.2354E-02 -0.3610E-01  0.4707E-03  0.5096E-01  0.4623E-01
    28  0.2970E+02 -0.4337E-15  0.1206E-02  0.2769E-02  0.4299E-08  0.7396E-01  0.2041E+00  0.1578E+00  0.1464E+00  0.7875E+00  0.4871E-01  0.3481E+05  0.3481E+05  0.3481E+05  0.6474E-03  0.8320E-02  0.1273E-09  0.7000E+00  0.3823E-08  0.7742E-02 -0.7103E-02 -0.2680E-02 -0.3487E-01 -0.5161E-02  0.5141E-01  0.4615E-01
    29  0.3080E+02 -0.4337E-15  0.1204E-02  0.2754E-02  0.4296E-08  0.7271E-01  0.2044E+00  0.1565E+00  0.1571E+00  0.7689E+00  0.5052E-01  0.3476E+05  0.3476E+05  0.3476E+05  0.7124E-03  0.8480E-02  0.1256E-09  0.7504E+00  0.4198E-08  0.7823E-02 -0.7208E-02 -0.2460E-02 -0.3912E-01  0.2042E-02  0.5109E-01  0.4487E-01
    30  0.3190E+02 -0.4337E-15  0.1197E-02  0.2725E-02  0.4245E-08  0.7194E-01  0.2044E+00  0.1542E+00  0.1614E+00  0.7513E+00  0.5006E-01  0.3469E+05  0.3469E+05  0.3469E+05  0.6049E-03  0.8607E-02  0.1235E-09  0.8056E+00  0.4208E-08  0.7870E-02 -0.7139E-02 -0.2551E-02 -0.3319E-01 -0.4590E-02  0.4968E-01  0.4312E-01
    31  0.3300E+02 -0.2168E-15  0.1194E-02  0.2703E-02  0.4221E-08  0.7347E-01  0.2040E+00  0.1510E+00  0.1588E+00  0.7340E+00  0.4542E-01  0.3465E+05  0.3465E+05  0.3465E+05  0.6954E-03  0.8737E-02  0.1217E-09  0.8544E+00  0.4101E-08  0.7918E-02 -0.7138E-02 -0.2556E-02 -0.3717E-01  0.2407E-03  0.4916E-01  0.4178E-01
    32  0.3410E+02 -0.4337E-15  0.1188E-02  0.2675E-02  0.4161E-08  0.7348E-01  0.2032E+00  0.1486E+00  0.1373E+00  0.7195E+00  0.3651E-01  0.3457E+05  0.3457E+05  0.3457E+05  0.6197E-03  0.8826E-02  0.1199E-09  0.9037E+00  0.3597E-08  0.7934E-02 -0.6910E-02 -0.2441E-02 -0.3348E-01 -0.3502E-02  0.4740E-01  0.3812E-01
    33  0.3520E+02 -0.2168E-15  0.1185E-02  0.2662E-02  0.4135E-08  0.7527E-01  0.2023E+00  0.1481E+00  0.1134E+00  0.7111E+00  0.2523E-01  0.3453E+05  0.3453E+05  0.3453E+05  0.6759E-03  0.8880E-02  0.1191E-09  0.9292E+00  0.3055E-08  0.7932E-02 -0.6836E-02 -0.2593E-02 -0.3858E-01 -0.5960E-03  0.4797E-01  0.3726E-01
    34  0.3630E+02 -0.6505E-15  0.1176E-02  0.2633E-02  0.4050E-08  0.7559E-01  0.2012E+00  0.1503E+00  0.9295E-01  0.7067E+00  0.1042E-01  0.3446E+05  0.3446E+05  0.3446E+05  0.6553E-03  0.8870E-02  0.1181E-09  0.9568E+00  0.2170E-08  0.7879E-02 -0.6580E-02 -0.2370E-02 -0.3501E-01 -0.3227E-02  0.4688E-01  0.3399E-01
    35  0.3740E+02  0.6505E-15  0.1167E-02  0.2605E-02  0.3955E-08  0.7758E-01  0.2000E+00  0.1524E+00  0.8324E-01  0.7106E+00 -0.3797E-02  0.3441E+05  0.3441E+05  0.3441E+05  0.6544E-03  0.8787E-02  0.1181E-09  0.9645E+00  0.1324E-08  0.7783E-02 -0.6422E-02 -0.2504E-02 -0.3780E-01 -0.9777E-05  0.4907E-01  0.3344E-01
    36  0.3850E+02  0.6505E-15  0.1160E-02  0.2601E-02  0.3886E-08  0.7649E-01  0.1990E+00  0.1540E+00  0.7907E-01  0.7162E+00 -0.1052E-01  0.3437E+05  0.3437E+05  0.3437E+05  0.6720E-03  0.8691E-02  0.1188E-09  0.9527E+00  0.4633E-09  0.7718E-02 -0.6230E-02 -0.2439E-02 -0.3648E-01 -0.3468E-02  0.4979E-01  0.3206E-01
    37  0.3960E+02  0.2168E-15  0.1152E-02  0.2587E-02  0.3794E-08  0.8114E-01  0.1981E+00  0.1555E+00  0.8155E-01  0.7280E+00 -0.1214E-01  0.3434E+05  0.3434E+05  0.3434E+05  0.6929E-03  0.8525E-02  0.1198E-09  0.9211E+00 -0.1174E-09  0.7611E-02 -0.6058E-02 -0.2318E-02 -0.3788E-01 -0.1400E-02  0.5112E-01  0.3120E-01
    38  0.4070E+02  0.4337E-15  0.1144E-02  0.2587E-02  0.3705E-08  0.8038E-01  0.1975E+00  0.1566E+00  0.8336E-01  0.7340E+00 -0.1260E-01  0.3431E+05  0.3431E+05  0.3431E+05  0.6743E-03  0.8405E-02  0.1206E-09  0.8846E+00 -0.6747E-09  0.7564E-02 -0.6014E-02 -0.2525E-02 -0.3858E-01 -0.1710E-02  0.5100E-01  0.3228E-01
    39  0.4180E+02 -0.8674E-15  0.1132E-02  0.2573E-02  0.3565E-08  0.8333E-01  0.1972E+00  0.1572E+00  0.8622E-01  0.7442E+00 -0.1435E-01  0.3427E+05  0.3427E+05  0.3427E+05  0.7381E-03  0.8192E-02  0.1212E-09  0.8191E+00 -0.7814E-09  0.7483E-02 -0.5915E-02 -0.2274E-02 -0.3745E-01 -0.1241E-02  0.5076E-01  0.3196E-01
    40  0.4290E+02  0.4337E-15  0.1121E-02  0.2565E-02  0.3441E-08  0.8293E-01  0.1973E+00  0.1581E+00  0.8563E-01  0.7563E+00 -0.1414E-01  0.3423E+05  0.3423E+05  0.3423E+05  0.6703E-03  0.8020E-02  0.1220E-09  0.7592E+00 -0.8649E-09  0.7413E-02 -0.6020E-02 -0.2453E-02 -0.3906E-01 -0.2375E-02  0.5064E-01  0.3497E-01
    41  0.4400E+02  0.2168E-15  0.1114E-02  0.2548E-02  0.3337E-08  0.8682E-01  0.1977E+00  0.1601E+00  0.8866E-01  0.7668E+00 -0.1057E-01  0.3418E+05  0.3418E+05  0.3418E+05  0.7648E-03  0.7855E-02  0.1223E-09  0.7007E+00 -0.4737E-09  0.7348E-02 -0.6050E-02 -0.2422E-02 -0.4060E-01  0.1157E-03  0.4927E-01  0.3655E-01
    42  0.4510E+02  0.4337E-15  0.1106E-02  0.2548E-02  0.3259E-08  0.8671E-01  0.1983E+00  0.1610E+00  0.1050E+00  0.7766E+00 -0.7166E-02  0.3414E+05  0.3414E+05  0.3414E+05  0.7167E-03  0.7755E-02  0.1227E-09  0.6516E+00  0.1374E-09  0.7316E-02 -0.6122E-02 -0.2336E-02 -0.3963E-01 -0.3713E-02  0.4795E-01  0.3797E-01
    43  0.4620E+02  0.6505E-15  0.1098E-02  0.2542E-02  0.3199E-08  0.8890E-01  0.1990E+00  0.1599E+00  0.1162E+00  0.7822E+00  0.2973E-02  0.3410E+05  0.3410E+05  0.3410E+05  0.7489E-03  0.7710E-02  0.1228E-09  0.6356E+00  0.9778E-09  0.7301E-02 -0.6403E-02 -0.2520E-02 -0.3973E-01 -0.1372E-02  0.4634E-01  0.4232E-01
    44  0.4730E+02  0.0000E+00  0.1091E-02  0.2541E-02  0.3149E-08  0.8960E-01  0.1998E+00  0.1581E+00  0.1172E+00  0.7844E+00  0.7952E-02  0.3407E+05  0.3407E+05  0.3407E+05  0.7519E-03  0.7696E-02  0.1227E-09  0.6219E+00  0.1915E-08  0.7310E-02 -0.6360E-02 -0.2386E-02 -0.3804E-01 -0.9375E-03  0.4290E-01  0.4154E-01
    45  0.4840E+02  0.8674E-15  0.1086E-02  0.2532E-02  0.3115E-08  0.9068E-01  0.2005E+00  0.1574E+00  0.1115E+00  0.7845E+00  0.1269E-01  0.3403E+05  0.3403E+05  0.3403E+05  0.7509E-03  0.7710E-02  0.1224E-09  0.6335E+00  0.2733E-08  0.7316E-02 -0.6647E-02 -0.2508E-02 -0.4160E-01 -0.3276E-02  0.4608E-01  0.4548E-01
    46  0.4950E+02  0.4337E-15  0.1078E-02  0.2533E-02  0.3080E-08  0.9323E-01  0.2011E+00  0.1577E+00  0.1078E+00  0.7788E+00  0.1817E-01  0.3397E+05  0.3397E+05  0.3397E+05  0.7645E-03  0.7749E-02  0.1220E-09  0.6363E+00  0.3478E-08  0.7361E-02 -0.6677E-02 -0.2464E-02 -0.3610E-01 -0.5253E-03  0.4185E-01  0.4525E-01
    47  0.5060E+02  0.0000E+00  0.1075E-02  0.2523E-02  0.3067E-08  0.9352E-01  0.2016E+00  0.1584E+00  0.1143E+00  0.7733E+00  0.2143E-01  0.3392E+05  0.3392E+05  0.3392E+05  0.7550E-03  0.7830E-02  0.1214E-09  0.6870E+00  0.4060E-08  0.7384E-02 -0.6735E-02 -0.2479E-02 -0.4319E-01 -0.3142E-02  0.4735E-01  0.4541E-01
    48  0.5170E+02  0.4337E-15  0.1067E-02  0.2525E-02  0.3047E-08  0.9371E-01  0.2017E+00  0.1574E+00  0.1204E+00  0.7633E+00  0.2285E-01  0.3387E+05  0.3387E+05  0.3387E+05  0.7546E-03  0.7926E-02  0.1208E-09  0.7265E+00  0.4481E-08  0.7440E-02 -0.6810E-02 -0.2517E-02 -0.3598E-01 -0.3138E-03  0.4468E-01  0.4533E-01
    49  0.5280E+02 -0.4337E-15  0.1061E-02  0.2515E-02  0.3020E-08  0.9511E-01  0.2015E+00  0.1561E+00  0.1200E+00  0.7540E+00  0.2703E-01  0.3382E+05  0.3382E+05  0.3382E+05  0.7553E-03  0.8015E-02  0.1199E-09  0.7760E+00  0.4509E-08  0.7467E-02 -0.6737E-02 -0.2462E-02 -0.3970E-01 -0.4016E-02  0.4841E-01  0.4339E-01
    50  0.5390E+02  0.2168E-15  0.1054E-02  0.2514E-02  0.2996E-08  0.9414E-01  0.2011E+00  0.1547E+00  0.1081E+00  0.7435E+00  0.2570E-01  0.3377E+05  0.3377E+05  0.3377E+05  0.7316E-03  0.8116E-02  0.1192E-09  0.8279E+00  0.4324E-08  0.7506E-02 -0.6677E-02 -0.2495E-02 -0.3832E-01  0.2091E-03  0.4680E-01  0.4164E-01
    51  0.5500E+02 -0.4337E-15  0.1051E-02  0.2503E-02  0.2988E-08  0.9575E-01  0.2004E+00  0.1547E+00  0.9678E-01  0.7318E+00  0.2695E-01  0.3373E+05  0.3373E+05  0.3373E+05  0.7511E-03  0.8213E-02  0.1181E-09  0.8718E+00  0.4032E-08  0.7532E-02 -0.6531E-02 -0.2449E-02 -0.3900E-01 -0.2624E-02  0.4825E-01  0.3890E-01
