 #NTuple/Z0                                                                      
 output from Ecalc9f version   2.09
  settings: 
    particle type:            2
    pzmin/pzmax:    0.0000000000000000      /   100.00000000000000     
    transverse cuts:    0.0000000000000000        0.0000000000000000     
    longitudinal cut:    0.0000000000000000     
    RF frequency (MHz):    352.00000000000000     
    sigma cut:    0.0000000000000000     
    subtract out amplitude correlation
    wrnew9 =  F

regn #   Z           Bz          eperp       elong       e6D         Ldim        Pzavg       beta        alpha       betaL       alphaL      n0          n1          n2          Lcan(eVs)   sigmaE      sigmaT      corrE       corrT       sigmaE_c    xavg        yavg        Dx          Dy          Dr          Dr2
     1  0.0000E+00  0.2737E-03  0.5166E-02  0.1831E-01  0.4926E-06 -0.2240E-01  0.2221E+00  0.7483E+00 -0.3494E-02  0.7018E+00 -0.2775E-01  0.1485E+06  0.1485E+06  0.1485E+06 -0.8896E-03  0.2290E-01  0.2894E-09  0.2571E+00  0.9536E-09  0.2235E-01 -0.3172E-01 -0.2035E-01 -0.7107E-01  0.2543E-02  0.7742E-01  0.1776E+00
     2  0.1200E+01  0.2639E-03  0.5039E-02  0.1815E-01  0.4637E-06 -0.9270E-03  0.2215E+00  0.5500E+00 -0.3544E+00  0.7251E+00 -0.5274E-01  0.1461E+06  0.1461E+06  0.1461E+06  0.9468E-05  0.2240E-01  0.2939E-09  0.2652E+00  0.1351E-08  0.2187E-01 -0.3196E-01 -0.1998E-01 -0.6514E-01 -0.5985E-02  0.4372E-01  0.1782E+00
     3  0.2400E+01  0.2674E-03  0.5008E-02  0.1800E-01  0.4617E-06  0.1654E-01  0.2212E+00  0.3995E+00 -0.8956E-01  0.7531E+00 -0.6859E-01  0.1447E+06  0.1447E+06  0.1447E+06  0.7798E-03  0.2204E-01  0.2993E-09  0.3076E+00  0.1908E-08  0.2138E-01 -0.3128E-01 -0.2001E-01 -0.5085E-01  0.6101E-02  0.3779E-01  0.1777E+00
     4  0.3600E+01  0.2715E-03  0.4997E-02  0.1805E-01  0.4606E-06  0.3722E-01  0.2217E+00  0.4678E+00  0.1057E+00  0.7826E+00 -0.4899E-01  0.1434E+06  0.1434E+06  0.1434E+06  0.7501E-03  0.2180E-01  0.3050E-09  0.3420E+00  0.1963E-08  0.2101E-01 -0.3136E-01 -0.1960E-01 -0.6404E-01  0.1562E-01  0.9300E-01  0.1881E+00
     5  0.4800E+01  0.2620E-03  0.4931E-02  0.1800E-01  0.4534E-06  0.5404E-01  0.2223E+00  0.5072E+00  0.2175E-01  0.7943E+00 -0.1512E-01  0.1429E+06  0.1429E+06  0.1429E+06  0.2008E-02  0.2184E-01  0.3059E-09  0.3931E+00  0.1811E-08  0.2083E-01 -0.3328E-01 -0.2007E-01 -0.5951E-01  0.1692E-02  0.8494E-01  0.2053E+00
     6  0.6000E+01  0.2722E-03  0.4818E-02  0.1800E-01  0.4376E-06  0.6399E-01  0.2228E+00  0.4849E+00 -0.1551E-01  0.7925E+00  0.1482E-01  0.1423E+06  0.1423E+06  0.1423E+06  0.2050E-02  0.2215E-01  0.3044E-09  0.4563E+00  0.1340E-08  0.2089E-01 -0.3082E-01 -0.2020E-01 -0.5166E-01  0.5379E-02  0.6398E-01  0.1788E+00
     7  0.7200E+01  0.2661E-03  0.4758E-02  0.1803E-01  0.4271E-06  0.7925E-01  0.2233E+00  0.4828E+00  0.4526E-02  0.7739E+00  0.2368E-01  0.1419E+06  0.1419E+06  0.1419E+06  0.1988E-02  0.2260E-01  0.3001E-09  0.5021E+00  0.8223E-09  0.2120E-01 -0.3292E-01 -0.1958E-01 -0.5814E-01  0.1340E-01  0.7596E-01  0.1873E+00
     8  0.8400E+01  0.2654E-03  0.4700E-02  0.1814E-01  0.4170E-06  0.9208E-01  0.2237E+00  0.4836E+00  0.1510E-01  0.7535E+00  0.1663E-01  0.1415E+06  0.1415E+06  0.1415E+06  0.3508E-02  0.2294E-01  0.2964E-09  0.5081E+00  0.2301E-09  0.2157E-01 -0.3304E-01 -0.2019E-01 -0.6552E-01  0.1729E-02  0.7896E-01  0.1867E+00
     9  0.9600E+01  0.2722E-03  0.4615E-02  0.1832E-01  0.4065E-06  0.1030E+00  0.2241E+00  0.4887E+00  0.2490E-01  0.7373E+00  0.2199E-01  0.1412E+06  0.1412E+06  0.1412E+06  0.2740E-02  0.2318E-01  0.2944E-09  0.4910E+00 -0.5166E-09  0.2194E-01 -0.3131E-01 -0.2037E-01 -0.5011E-01  0.7523E-02  0.6570E-01  0.1698E+00
    10  0.1080E+02  0.2629E-03  0.4593E-02  0.1863E-01  0.3957E-06  0.1159E+00  0.2242E+00  0.4982E+00 -0.1189E-02  0.7048E+00 -0.2714E-02  0.1409E+06  0.1409E+06  0.1409E+06  0.3377E-02  0.2325E-01  0.2904E-09  0.2792E+00 -0.7241E-09  0.2264E-01 -0.3358E-01 -0.1936E-01 -0.6025E-01  0.9989E-02  0.7095E-01  0.1817E+00
    11  0.1200E+02  0.2702E-03  0.4527E-02  0.1793E-01  0.3761E-06  0.1248E+00  0.2242E+00  0.4828E+00 -0.1538E-01  0.7181E+00 -0.7726E-02  0.1405E+06  0.1405E+06  0.1405E+06  0.4369E-02  0.2291E-01  0.2883E-09  0.4347E+00 -0.1638E-08  0.2200E-01 -0.3259E-01 -0.2055E-01 -0.6435E-01  0.2030E-02  0.7136E-01  0.1848E+00
    12  0.1320E+02  0.2682E-03  0.4460E-02  0.1781E-01  0.3608E-06  0.1322E+00  0.2239E+00  0.4698E+00  0.2190E-01  0.7279E+00 -0.2121E-01  0.1402E+06  0.1402E+06  0.1402E+06  0.3375E-02  0.2249E-01  0.2893E-09  0.3858E+00 -0.1461E-08  0.2176E-01 -0.3195E-01 -0.2025E-01 -0.5379E-01  0.4415E-02  0.5868E-01  0.1830E+00
    13  0.1440E+02  0.2642E-03  0.4409E-02  0.1743E-01  0.3434E-06  0.1439E+00  0.2234E+00  0.4924E+00  0.5315E-01  0.7315E+00 -0.5200E-02  0.1399E+06  0.1399E+06  0.1399E+06  0.4379E-02  0.2211E-01  0.2876E-09  0.3799E+00 -0.1695E-08  0.2144E-01 -0.3316E-01 -0.1945E-01 -0.6116E-01  0.1308E-01  0.6145E-01  0.1943E+00
    14  0.1560E+02  0.2719E-03  0.4372E-02  0.1732E-01  0.3321E-06  0.1527E+00  0.2227E+00  0.5059E+00 -0.4375E-02  0.7234E+00  0.3221E-02  0.1396E+06  0.1396E+06  0.1396E+06  0.4722E-02  0.2187E-01  0.2857E-09  0.3029E+00 -0.1682E-08  0.2144E-01 -0.3195E-01 -0.2058E-01 -0.6672E-01 -0.1527E-02  0.7042E-01  0.1941E+00
    15  0.1680E+02  0.2644E-03  0.4308E-02  0.1702E-01  0.3156E-06  0.1563E+00  0.2219E+00  0.4711E+00 -0.5688E-01  0.7132E+00  0.8107E-02  0.1392E+06  0.1392E+06  0.1392E+06  0.4153E-02  0.2165E-01  0.2814E-09  0.2484E+00 -0.1170E-08  0.2136E-01 -0.3240E-01 -0.2026E-01 -0.5543E-01  0.4847E-03  0.5804E-01  0.1976E+00
    16  0.1800E+02  0.2681E-03  0.4233E-02  0.1651E-01  0.2930E-06  0.1677E+00  0.2212E+00  0.4453E+00  0.2727E-01  0.7017E+00  0.2559E-01  0.1388E+06  0.1388E+06  0.1388E+06  0.4932E-02  0.2144E-01  0.2751E-09  0.2458E+00 -0.7155E-09  0.2116E-01 -0.3191E-01 -0.1954E-01 -0.6411E-01  0.1183E-01  0.5147E-01  0.1913E+00
    17  0.1920E+02  0.2697E-03  0.4203E-02  0.1619E-01  0.2822E-06  0.1733E+00  0.2208E+00  0.4870E+00  0.9993E-01  0.6879E+00  0.2761E-01  0.1385E+06  0.1385E+06  0.1385E+06  0.4846E-02  0.2133E-01  0.2700E-09  0.1989E+00 -0.6706E-10  0.2114E-01 -0.3187E-01 -0.2058E-01 -0.6738E-01 -0.1706E-02  0.6251E-01  0.1988E+00
    18  0.2040E+02  0.2639E-03  0.4124E-02  0.1575E-01  0.2669E-06  0.1796E+00  0.2205E+00  0.5161E+00  0.5815E-02  0.6806E+00  0.2153E-01  0.1380E+06  0.1380E+06  0.1380E+06  0.4803E-02  0.2120E-01  0.2651E-09  0.2404E+00  0.2997E-09  0.2095E-01 -0.3239E-01 -0.2021E-01 -0.5592E-01  0.7528E-02  0.5645E-01  0.2030E+00
    19  0.2160E+02  0.2708E-03  0.4077E-02  0.1540E-01  0.2551E-06  0.1787E+00  0.2205E+00  0.4764E+00 -0.5474E-01  0.6831E+00 -0.2731E-02  0.1376E+06  0.1376E+06  0.1376E+06  0.5172E-02  0.2097E-01  0.2628E-09  0.2604E+00  0.8467E-09  0.2067E-01 -0.3117E-01 -0.1992E-01 -0.6393E-01  0.6109E-02  0.5305E-01  0.1945E+00
    20  0.2280E+02  0.2663E-03  0.4065E-02  0.1516E-01  0.2496E-06  0.1815E+00  0.2206E+00  0.4597E+00  0.1231E-01  0.6957E+00 -0.8433E-02  0.1373E+06  0.1373E+06  0.1373E+06  0.4687E-02  0.2067E-01  0.2634E-09  0.2789E+00  0.1300E-08  0.2033E-01 -0.3278E-01 -0.2082E-01 -0.7109E-01  0.2401E-02  0.6836E-01  0.2213E+00
    21  0.2400E+02  0.2665E-03  0.4012E-02  0.1492E-01  0.2429E-06  0.1874E+00  0.2210E+00  0.4731E+00  0.3844E-01  0.7058E+00 -0.1323E-01  0.1372E+06  0.1372E+06  0.1372E+06  0.5248E-02  0.2048E-01  0.2632E-09  0.3230E+00  0.1632E-08  0.2004E-01 -0.3207E-01 -0.1974E-01 -0.5353E-01  0.3067E-02  0.6348E-01  0.2126E+00
    22  0.2520E+02  0.2704E-03  0.3990E-02  0.1472E-01  0.2380E-06  0.1874E+00  0.2215E+00  0.4823E+00  0.2424E-01  0.7150E+00 -0.1439E-01  0.1369E+06  0.1369E+06  0.1369E+06  0.4941E-02  0.2037E-01  0.2631E-09  0.3606E+00  0.1946E-08  0.1981E-01 -0.3153E-01 -0.2052E-01 -0.6011E-01  0.8615E-02  0.6141E-01  0.2153E+00
    23  0.2640E+02  0.2646E-03  0.3950E-02  0.1454E-01  0.2309E-06  0.1886E+00  0.2219E+00  0.4851E+00  0.1016E-01  0.7199E+00  0.8218E-02  0.1366E+06  0.1366E+06  0.1366E+06  0.4758E-02  0.2032E-01  0.2616E-09  0.4076E+00  0.1560E-08  0.1965E-01 -0.3369E-01 -0.2042E-01 -0.6731E-01  0.3810E-02  0.7301E-01  0.2383E+00
    24  0.2760E+02  0.2693E-03  0.3904E-02  0.1446E-01  0.2257E-06  0.1864E+00  0.2223E+00  0.4773E+00  0.3754E-02  0.7180E+00  0.1114E-01  0.1363E+06  0.1363E+06  0.1363E+06  0.5384E-02  0.2037E-01  0.2600E-09  0.4238E+00  0.1414E-08  0.1964E-01 -0.3175E-01 -0.2009E-01 -0.5711E-01  0.4484E-02  0.6536E-01  0.2162E+00
    25  0.2880E+02  0.2679E-03  0.3859E-02  0.1439E-01  0.2201E-06  0.1831E+00  0.2228E+00  0.4807E+00  0.1166E-01  0.7153E+00  0.1789E-01  0.1360E+06  0.1360E+06  0.1360E+06  0.4306E-02  0.2044E-01  0.2584E-09  0.4344E+00  0.1212E-08  0.1966E-01 -0.3265E-01 -0.2089E-01 -0.5484E-01  0.5293E-02  0.6685E-01  0.2291E+00
    26  0.3000E+02  0.2655E-03  0.3828E-02  0.1417E-01  0.2126E-06  0.1815E+00  0.2230E+00  0.4847E+00  0.8465E-02  0.7090E+00  0.2555E-01  0.1357E+06  0.1357E+06  0.1357E+06  0.4694E-02  0.2050E-01  0.2549E-09  0.4801E+00  0.7589E-09  0.1962E-01 -0.3360E-01 -0.2001E-01 -0.6871E-01  0.6760E-02  0.7504E-01  0.2329E+00
    27  0.3120E+02  0.2701E-03  0.3790E-02  0.1407E-01  0.2071E-06  0.1788E+00  0.2231E+00  0.4798E+00  0.1191E-01  0.6914E+00  0.1975E-01  0.1355E+06  0.1355E+06  0.1355E+06  0.4905E-02  0.2058E-01  0.2505E-09  0.4541E+00  0.2805E-09  0.1980E-01 -0.3193E-01 -0.2040E-01 -0.5594E-01  0.4939E-02  0.6237E-01  0.2163E+00
    28  0.3240E+02  0.2658E-03  0.3750E-02  0.1392E-01  0.2000E-06  0.1742E+00  0.2231E+00  0.4817E+00  0.8053E-02  0.6872E+00 -0.6398E-02  0.1352E+06  0.1352E+06  0.1352E+06  0.3921E-02  0.2047E-01  0.2484E-09  0.4407E+00  0.7994E-10  0.1975E-01 -0.3320E-01 -0.2097E-01 -0.5522E-01  0.5185E-02  0.6471E-01  0.2343E+00
    29  0.3360E+02  0.2677E-03  0.3733E-02  0.1376E-01  0.1945E-06  0.1684E+00  0.2229E+00  0.4823E+00  0.9880E-03  0.6969E+00 -0.5532E-02  0.1350E+06  0.1350E+06  0.1350E+06  0.4403E-02  0.2014E-01  0.2489E-09  0.4035E+00 -0.2202E-09  0.1949E-01 -0.3294E-01 -0.1977E-01 -0.6809E-01  0.2381E-02  0.7037E-01  0.2319E+00
    30  0.3480E+02  0.2690E-03  0.3677E-02  0.1361E-01  0.1872E-06  0.1640E+00  0.2225E+00  0.4775E+00  0.5156E-02  0.7013E+00 -0.6260E-02  0.1348E+06  0.1348E+06  0.1348E+06  0.4146E-02  0.1992E-01  0.2486E-09  0.4095E+00 -0.3400E-09  0.1930E-01 -0.3238E-01 -0.2102E-01 -0.5746E-01  0.8207E-02  0.6137E-01  0.2375E+00
    31  0.3600E+02  0.2654E-03  0.3644E-02  0.1346E-01  0.1813E-06  0.1589E+00  0.2220E+00  0.4746E+00  0.7371E-02  0.6995E+00  0.1128E-01  0.1345E+06  0.1345E+06  0.1345E+06  0.3568E-02  0.1971E-01  0.2474E-09  0.3667E+00 -0.6255E-09  0.1919E-01 -0.3288E-01 -0.2038E-01 -0.5435E-01  0.2129E-02  0.6303E-01  0.2427E+00
    32  0.3720E+02  0.2692E-03  0.3614E-02  0.1326E-01  0.1738E-06  0.1507E+00  0.2216E+00  0.4792E+00  0.1101E-01  0.6939E+00  0.1709E-01  0.1343E+06  0.1343E+06  0.1343E+06  0.3898E-02  0.1955E-01  0.2448E-09  0.3486E+00 -0.4224E-09  0.1909E-01 -0.3238E-01 -0.2028E-01 -0.7140E-01  0.7893E-02  0.6730E-01  0.2404E+00
    33  0.3840E+02  0.2672E-03  0.3572E-02  0.1303E-01  0.1679E-06  0.1430E+00  0.2211E+00  0.4768E+00  0.1175E-02  0.6895E+00  0.1745E-01  0.1341E+06  0.1341E+06  0.1341E+06  0.3336E-02  0.1940E-01  0.2423E-09  0.3458E+00 -0.2356E-09  0.1897E-01 -0.3264E-01 -0.2105E-01 -0.5772E-01 -0.1589E-02  0.6150E-01  0.2502E+00
    34  0.3960E+02  0.2665E-03  0.3540E-02  0.1288E-01  0.1624E-06  0.1394E+00  0.2207E+00  0.4666E+00  0.4811E-03  0.6797E+00  0.1956E-01  0.1339E+06  0.1339E+06  0.1339E+06  0.3161E-02  0.1936E-01  0.2394E-09  0.3339E+00 -0.8346E-10  0.1897E-01 -0.3196E-01 -0.2004E-01 -0.5646E-01  0.6717E-02  0.5706E-01  0.2359E+00
    35  0.4080E+02  0.2694E-03  0.3523E-02  0.1261E-01  0.1566E-06  0.1322E+00  0.2206E+00  0.4699E+00  0.2329E-01  0.6740E+00  0.1517E-01  0.1337E+06  0.1337E+06  0.1337E+06  0.3187E-02  0.1922E-01  0.2360E-09  0.3226E+00  0.9076E-10  0.1884E-01 -0.3247E-01 -0.2058E-01 -0.7112E-01  0.4601E-02  0.6696E-01  0.2496E+00
    36  0.4200E+02  0.2660E-03  0.3473E-02  0.1239E-01  0.1504E-06  0.1220E+00  0.2205E+00  0.4770E+00  0.1430E-01  0.6704E+00  0.1432E-01  0.1334E+06  0.1334E+06  0.1334E+06  0.2767E-02  0.1910E-01  0.2334E-09  0.3319E+00  0.2319E-09  0.1872E-01 -0.3265E-01 -0.2101E-01 -0.6059E-01 -0.6883E-03  0.6247E-01  0.2566E+00
    37  0.4320E+02  0.2680E-03  0.3435E-02  0.1223E-01  0.1454E-06  0.1167E+00  0.2206E+00  0.4732E+00  0.3345E-02  0.6702E+00 -0.4022E-03  0.1332E+06  0.1332E+06  0.1332E+06  0.2560E-02  0.1899E-01  0.2318E-09  0.3323E+00  0.5466E-09  0.1860E-01 -0.3173E-01 -0.2003E-01 -0.5497E-01  0.6554E-02  0.5335E-01  0.2417E+00
    38  0.4440E+02  0.2684E-03  0.3418E-02  0.1211E-01  0.1423E-06  0.1065E+00  0.2209E+00  0.4776E+00  0.3825E-02  0.6773E+00  0.8303E-02  0.1331E+06  0.1331E+06  0.1331E+06  0.2438E-02  0.1886E-01  0.2317E-09  0.3577E+00  0.7147E-09  0.1843E-01 -0.3302E-01 -0.2098E-01 -0.6800E-01  0.4095E-02  0.6556E-01  0.2679E+00
    39  0.4560E+02  0.2659E-03  0.3381E-02  0.1187E-01  0.1373E-06  0.9997E-01  0.2211E+00  0.4742E+00 -0.5978E-02  0.6752E+00  0.1041E-01  0.1329E+06  0.1329E+06  0.1329E+06  0.2142E-02  0.1876E-01  0.2290E-09  0.3717E+00  0.8109E-09  0.1829E-01 -0.3268E-01 -0.2061E-01 -0.6269E-01  0.4000E-03  0.6635E-01  0.2649E+00
    40  0.4680E+02  0.2690E-03  0.3342E-02  0.1182E-01  0.1341E-06  0.9236E-01  0.2215E+00  0.4651E+00  0.2888E-02  0.6791E+00  0.7301E-02  0.1327E+06  0.1327E+06  0.1327E+06  0.2125E-02  0.1870E-01  0.2288E-09  0.3792E+00  0.9079E-09  0.1822E-01 -0.3213E-01 -0.2027E-01 -0.5215E-01  0.3564E-02  0.5714E-01  0.2573E+00
    41  0.4800E+02  0.2671E-03  0.3324E-02  0.1160E-01  0.1301E-06  0.8509E-01  0.2218E+00  0.4777E+00  0.2173E-01  0.6800E+00  0.6897E-02  0.1324E+06  0.1324E+06  0.1324E+06  0.1634E-02  0.1864E-01  0.2266E-09  0.4240E+00  0.8538E-09  0.1805E-01 -0.3332E-01 -0.2123E-01 -0.6504E-01  0.7513E-02  0.6730E-01  0.2816E+00
    42  0.4920E+02  0.2667E-03  0.3285E-02  0.1139E-01  0.1261E-06  0.7691E-01  0.2221E+00  0.4865E+00 -0.5797E-03  0.6826E+00 -0.1252E-03  0.1323E+06  0.1323E+06  0.1323E+06  0.1693E-02  0.1857E-01  0.2249E-09  0.4638E+00  0.8649E-09  0.1787E-01 -0.3276E-01 -0.2003E-01 -0.6175E-01 -0.1135E-02  0.6941E-01  0.2692E+00
    43  0.5040E+02  0.2690E-03  0.3257E-02  0.1138E-01  0.1237E-06  0.6823E-01  0.2222E+00  0.4724E+00 -0.1322E-01  0.6833E+00  0.3462E-02  0.1321E+06  0.1321E+06  0.1321E+06  0.1566E-02  0.1854E-01  0.2247E-09  0.4576E+00  0.6787E-09  0.1786E-01 -0.3267E-01 -0.2098E-01 -0.5352E-01  0.6922E-02  0.5992E-01  0.2750E+00
    44  0.5160E+02  0.2661E-03  0.3238E-02  0.1125E-01  0.1208E-06  0.5788E-01  0.2222E+00  0.4705E+00  0.1157E-01  0.6842E+00  0.1295E-01  0.1320E+06  0.1320E+06  0.1320E+06  0.8821E-03  0.1845E-01  0.2234E-09  0.4713E+00  0.2102E-09  0.1774E-01 -0.3320E-01 -0.2082E-01 -0.6169E-01 -0.1156E-02  0.6939E-01  0.2836E+00
    45  0.5280E+02  0.2680E-03  0.3225E-02  0.1115E-01  0.1184E-06  0.4748E-01  0.2221E+00  0.4819E+00  0.1587E-01  0.6795E+00  0.1387E-01  0.1318E+06  0.1318E+06  0.1318E+06  0.1083E-02  0.1836E-01  0.2218E-09  0.4401E+00  0.9277E-10  0.1772E-01 -0.3276E-01 -0.2022E-01 -0.6327E-01  0.6794E-02  0.6583E-01  0.2759E+00
    46  0.5400E+02  0.2683E-03  0.3188E-02  0.1106E-01  0.1153E-06  0.4040E-01  0.2218E+00  0.4847E+00 -0.1208E-01  0.6821E+00  0.1475E-01  0.1316E+06  0.1316E+06  0.1316E+06  0.7508E-03  0.1830E-01  0.2215E-09  0.4690E+00  0.4895E-10  0.1761E-01 -0.3290E-01 -0.2105E-01 -0.5491E-01  0.6100E-02  0.6224E-01  0.2847E+00
    47  0.5520E+02  0.2660E-03  0.3169E-02  0.1094E-01  0.1123E-06  0.3073E-01  0.2215E+00  0.4693E+00 -0.2247E-01  0.6749E+00  0.1167E-01  0.1314E+06  0.1314E+06  0.1314E+06  0.4351E-03  0.1821E-01  0.2193E-09  0.4506E+00 -0.8145E-10  0.1758E-01 -0.3272E-01 -0.2045E-01 -0.5916E-01 -0.3602E-02  0.6828E-01  0.2805E+00
    48  0.5640E+02  0.2690E-03  0.3144E-02  0.1082E-01  0.1088E-06  0.2280E-01  0.2212E+00  0.4630E+00  0.1559E-01  0.6721E+00  0.1621E-01  0.1313E+06  0.1313E+06  0.1313E+06  0.4502E-03  0.1809E-01  0.2179E-09  0.4339E+00 -0.2127E-09  0.1750E-01 -0.3283E-01 -0.2069E-01 -0.6354E-01  0.4424E-02  0.6423E-01  0.2863E+00
    49  0.5760E+02  0.2670E-03  0.3113E-02  0.1075E-01  0.1061E-06  0.1444E-01  0.2209E+00  0.4796E+00  0.2598E-01  0.6705E+00  0.1122E-01  0.1312E+06  0.1312E+06  0.1312E+06  0.9929E-04  0.1799E-01  0.2171E-09  0.4158E+00 -0.1238E-09  0.1745E-01 -0.3268E-01 -0.2088E-01 -0.5397E-01  0.6376E-02  0.5940E-01  0.2879E+00
    50  0.5880E+02  0.2669E-03  0.3096E-02  0.1062E-01  0.1029E-06  0.6997E-02  0.2207E+00  0.4831E+00 -0.1590E-01  0.6651E+00  0.1794E-01  0.1310E+06  0.1310E+06  0.1310E+06  0.1193E-04  0.1788E-01  0.2151E-09  0.3859E+00 -0.2440E-09  0.1741E-01 -0.3236E-01 -0.2033E-01 -0.6460E-01 -0.3092E-03  0.6849E-01  0.2834E+00
    51  0.6000E+02  0.2691E-03  0.3072E-02  0.1047E-01  0.1001E-06 -0.1444E-02  0.2204E+00  0.4639E+00 -0.1647E-01  0.6630E+00  0.1252E-01  0.1309E+06  0.1309E+06  0.1309E+06 -0.9010E-04  0.1776E-01  0.2133E-09  0.3942E+00 -0.3091E-10  0.1729E-01 -0.3309E-01 -0.2108E-01 -0.5853E-01  0.1769E-02  0.6052E-01  0.3009E+00
    52  0.6120E+02  0.2659E-03  0.3048E-02  0.1036E-01  0.9748E-07 -0.1049E-01  0.2204E+00  0.4647E+00  0.1448E-01  0.6653E+00  0.1810E-02  0.1308E+06  0.1308E+06  0.1308E+06 -0.4376E-03  0.1764E-01  0.2127E-09  0.3892E+00  0.2548E-09  0.1717E-01 -0.3213E-01 -0.2047E-01 -0.5721E-01  0.2383E-02  0.5961E-01  0.2880E+00
    53  0.6240E+02  0.2683E-03  0.3035E-02  0.1028E-01  0.9571E-07 -0.1661E-01  0.2205E+00  0.4779E+00  0.8369E-02  0.6679E+00  0.6383E-02  0.1306E+06  0.1306E+06  0.1306E+06 -0.5179E-03  0.1753E-01  0.2122E-09  0.3871E+00  0.3187E-09  0.1708E-01 -0.3273E-01 -0.2051E-01 -0.6214E-01  0.7487E-02  0.6453E-01  0.2998E+00
    54  0.6360E+02  0.2680E-03  0.3013E-02  0.1015E-01  0.9303E-07 -0.2255E-01  0.2206E+00  0.4766E+00 -0.2473E-02  0.6679E+00  0.2255E-02  0.1305E+06  0.1305E+06  0.1305E+06 -0.5004E-03  0.1741E-01  0.2108E-09  0.3805E+00  0.5056E-09  0.1697E-01 -0.3310E-01 -0.2112E-01 -0.6370E-01 -0.4510E-02  0.6436E-01  0.3140E+00
    55  0.6480E+02  0.2660E-03  0.2980E-02  0.1001E-01  0.9032E-07 -0.2828E-01  0.2208E+00  0.4743E+00 -0.2201E-02  0.6729E+00  0.7604E-02  0.1303E+06  0.1303E+06  0.1303E+06 -0.8601E-03  0.1727E-01  0.2101E-09  0.3968E+00  0.6234E-09  0.1681E-01 -0.3221E-01 -0.2040E-01 -0.5499E-01  0.5822E-02  0.5734E-01  0.3007E+00
    56  0.6600E+02  0.2693E-03  0.2964E-02  0.9938E-02  0.8843E-07 -0.3240E-01  0.2210E+00  0.4747E+00 -0.6507E-02  0.6710E+00  0.8585E-02  0.1302E+06  0.1302E+06  0.1302E+06 -0.7291E-03  0.1724E-01  0.2089E-09  0.3983E+00  0.8749E-09  0.1678E-01 -0.3319E-01 -0.2066E-01 -0.5764E-01  0.2942E-02  0.6077E-01  0.3180E+00
    57  0.6720E+02  0.2665E-03  0.2950E-02  0.9850E-02  0.8674E-07 -0.3853E-01  0.2212E+00  0.4742E+00  0.2152E-02  0.6734E+00  0.1688E-01  0.1300E+06  0.1300E+06  0.1300E+06 -0.9008E-03  0.1718E-01  0.2082E-09  0.4152E+00  0.7585E-09  0.1669E-01 -0.3287E-01 -0.2103E-01 -0.6931E-01  0.1899E-02  0.6942E-01  0.3200E+00
    58  0.6840E+02  0.2672E-03  0.2923E-02  0.9757E-02  0.8517E-07 -0.4122E-01  0.2214E+00  0.4783E+00 -0.1914E-02  0.6710E+00  0.1165E-01  0.1299E+06  0.1299E+06  0.1299E+06 -0.1096E-02  0.1717E-01  0.2069E-09  0.4274E+00  0.1144E-08  0.1665E-01 -0.3273E-01 -0.2021E-01 -0.5292E-01  0.1496E-02  0.5910E-01  0.3112E+00
    59  0.6960E+02  0.2690E-03  0.2915E-02  0.9733E-02  0.8405E-07 -0.4539E-01  0.2215E+00  0.4755E+00 -0.1394E-01  0.6683E+00  0.1024E-01  0.1297E+06  0.1297E+06  0.1297E+06 -0.8497E-03  0.1719E-01  0.2061E-09  0.4288E+00  0.1025E-08  0.1666E-01 -0.3321E-01 -0.2098E-01 -0.5814E-01  0.3484E-02  0.6389E-01  0.3242E+00
    60  0.7080E+02  0.2656E-03  0.2889E-02  0.9517E-02  0.8111E-07 -0.5175E-01  0.2215E+00  0.4739E+00 -0.6579E-02  0.6644E+00  0.1961E-01  0.1295E+06  0.1295E+06  0.1295E+06 -0.1372E-02  0.1713E-01  0.2030E-09  0.4622E+00  0.6430E-09  0.1653E-01 -0.3289E-01 -0.2065E-01 -0.6307E-01 -0.2082E-02  0.6860E-01  0.3200E+00
    61  0.7200E+02  0.2688E-03  0.2868E-02  0.9474E-02  0.7967E-07 -0.5538E-01  0.2215E+00  0.4742E+00 -0.1574E-02  0.6623E+00  0.5136E-02  0.1293E+06  0.1293E+06  0.1293E+06 -0.1146E-02  0.1711E-01  0.2023E-09  0.4644E+00  0.7779E-09  0.1651E-01 -0.3306E-01 -0.2041E-01 -0.5615E-01  0.7258E-02  0.6210E-01  0.3200E+00
    62  0.7320E+02  0.2675E-03  0.2853E-02  0.9404E-02  0.7825E-07 -0.5864E-01  0.2213E+00  0.4762E+00  0.2006E-02  0.6650E+00 -0.1111E-02  0.1292E+06  0.1292E+06  0.1292E+06 -0.1237E-02  0.1704E-01  0.2021E-09  0.4794E+00  0.6129E-09  0.1641E-01 -0.3295E-01 -0.2102E-01 -0.5822E-01  0.1630E-02  0.6586E-01  0.3262E+00
    63  0.7440E+02  0.2662E-03  0.2836E-02  0.9376E-02  0.7683E-07 -0.6190E-01  0.2211E+00  0.4786E+00 -0.2967E-02  0.6652E+00  0.6217E-02  0.1290E+06  0.1290E+06  0.1290E+06 -0.1526E-02  0.1693E-01  0.2018E-09  0.4434E+00  0.2559E-09  0.1637E-01 -0.3288E-01 -0.2053E-01 -0.6193E-01 -0.3953E-02  0.6843E-01  0.3251E+00
    64  0.7560E+02  0.2695E-03  0.2818E-02  0.9265E-02  0.7486E-07 -0.6362E-01  0.2208E+00  0.4733E+00 -0.8882E-02  0.6642E+00  0.1043E-01  0.1289E+06  0.1289E+06  0.1289E+06 -0.1253E-02  0.1681E-01  0.2006E-09  0.4341E+00  0.4044E-10  0.1628E-01 -0.3308E-01 -0.2061E-01 -0.5728E-01  0.9291E-02  0.6182E-01  0.3319E+00
    65  0.7680E+02  0.2659E-03  0.2800E-02  0.9140E-02  0.7292E-07 -0.6450E-01  0.2206E+00  0.4711E+00  0.3455E-02  0.6625E+00  0.1412E-01  0.1287E+06  0.1287E+06  0.1287E+06 -0.1414E-02  0.1672E-01  0.1992E-09  0.4511E+00 -0.4615E-10  0.1617E-01 -0.3257E-01 -0.2075E-01 -0.5818E-01  0.3886E-02  0.6229E-01  0.3283E+00
    66  0.7800E+02  0.2679E-03  0.2788E-02  0.9059E-02  0.7128E-07 -0.6881E-01  0.2204E+00  0.4783E+00  0.2473E-02  0.6593E+00  0.1295E-01  0.1286E+06  0.1286E+06  0.1286E+06 -0.1556E-02  0.1658E-01  0.1979E-09  0.4108E+00  0.5172E-10  0.1613E-01 -0.3290E-01 -0.2056E-01 -0.6467E-01 -0.6740E-02  0.7040E-01  0.3370E+00
    67  0.7920E+02  0.2685E-03  0.2769E-02  0.8967E-02  0.6986E-07 -0.7154E-01  0.2202E+00  0.4739E+00 -0.8439E-02  0.6603E+00  0.2721E-01  0.1284E+06  0.1284E+06  0.1284E+06 -0.1421E-02  0.1651E-01  0.1972E-09  0.4219E+00 -0.1148E-09  0.1603E-01 -0.3302E-01 -0.2082E-01 -0.5249E-01  0.9148E-02  0.5490E-01  0.3424E+00
    68  0.8040E+02  0.2655E-03  0.2755E-02  0.8858E-02  0.6777E-07 -0.7093E-01  0.2202E+00  0.4702E+00 -0.3880E-02  0.6504E+00  0.2118E-01  0.1283E+06  0.1283E+06  0.1283E+06 -0.1539E-02  0.1646E-01  0.1945E-09  0.3824E+00  0.1913E-09  0.1605E-01 -0.3226E-01 -0.2039E-01 -0.6279E-01 -0.5869E-04  0.6447E-01  0.3301E+00
    69  0.8160E+02  0.2694E-03  0.2737E-02  0.8714E-02  0.6610E-07 -0.7314E-01  0.2202E+00  0.4757E+00  0.4931E-02  0.6483E+00  0.1756E-01  0.1281E+06  0.1281E+06  0.1281E+06 -0.1513E-02  0.1638E-01  0.1926E-09  0.4110E+00  0.3751E-09  0.1595E-01 -0.3334E-01 -0.2091E-01 -0.5985E-01  0.1564E-02  0.6515E-01  0.3539E+00
    70  0.8280E+02  0.2666E-03  0.2721E-02  0.8642E-02  0.6461E-07 -0.7310E-01  0.2203E+00  0.4800E+00 -0.1054E-01  0.6478E+00  0.6715E-02  0.1279E+06  0.1279E+06  0.1279E+06 -0.1466E-02  0.1630E-01  0.1917E-09  0.3958E+00  0.3901E-09  0.1589E-01 -0.3258E-01 -0.2046E-01 -0.5980E-01  0.1378E-02  0.6263E-01  0.3421E+00
    71  0.8400E+02  0.2668E-03  0.2698E-02  0.8545E-02  0.6308E-07 -0.7377E-01  0.2205E+00  0.4689E+00 -0.1314E-01  0.6502E+00  0.5966E-02  0.1278E+06  0.1278E+06  0.1278E+06 -0.1552E-02  0.1621E-01  0.1909E-09  0.4118E+00  0.5506E-09  0.1578E-01 -0.3275E-01 -0.2064E-01 -0.5481E-01  0.5773E-02  0.5605E-01  0.3495E+00
    72  0.8520E+02  0.2693E-03  0.2690E-02  0.8461E-02  0.6195E-07 -0.7156E-01  0.2207E+00  0.4723E+00  0.3717E-02  0.6545E+00 -0.7492E-02  0.1277E+06  0.1277E+06  0.1277E+06 -0.1489E-02  0.1611E-01  0.1905E-09  0.4215E+00  0.6873E-09  0.1566E-01 -0.3336E-01 -0.2080E-01 -0.6286E-01 -0.6636E-03  0.6866E-01  0.3666E+00
    73  0.8640E+02  0.2654E-03  0.2669E-02  0.8342E-02  0.6049E-07 -0.7336E-01  0.2209E+00  0.4771E+00  0.7848E-02  0.6622E+00  0.4110E-02  0.1276E+06  0.1276E+06  0.1276E+06 -0.1441E-02  0.1597E-01  0.1901E-09  0.4414E+00  0.5344E-09  0.1547E-01 -0.3266E-01 -0.2050E-01 -0.6028E-01  0.2873E-02  0.6679E-01  0.3596E+00
    74  0.8760E+02  0.2687E-03  0.2674E-02  0.8367E-02  0.6017E-07 -0.6915E-01  0.2210E+00  0.4746E+00 -0.7472E-02  0.6541E+00  0.2579E-02  0.1275E+06  0.1275E+06  0.1275E+06 -0.1474E-02  0.1587E-01  0.1893E-09  0.2749E+00  0.7420E-09  0.1559E-01 -0.3320E-01 -0.2076E-01 -0.5433E-01  0.3943E-02  0.5908E-01  0.3745E+00
    75  0.8880E+02  0.2677E-03  0.2647E-02  0.8203E-02  0.5832E-07 -0.6918E-01  0.2211E+00  0.4760E+00 -0.7905E-03  0.6649E+00  0.1098E-01  0.1273E+06  0.1273E+06  0.1273E+06 -0.1319E-02  0.1579E-01  0.1888E-09  0.4323E+00  0.7124E-09  0.1532E-01 -0.3319E-01 -0.2058E-01 -0.6129E-01  0.3336E-02  0.6552E-01  0.3769E+00
    76  0.9000E+02  0.2660E-03  0.2621E-02  0.8100E-02  0.5676E-07 -0.7038E-01  0.2211E+00  0.4784E+00  0.7012E-02  0.6645E+00  0.1882E-01  0.1272E+06  0.1272E+06  0.1272E+06 -0.1390E-02  0.1573E-01  0.1876E-09  0.4526E+00  0.7559E-09  0.1523E-01 -0.3285E-01 -0.2069E-01 -0.5590E-01  0.2628E-02  0.6051E-01  0.3750E+00
    77  0.9120E+02  0.2695E-03  0.2608E-02  0.8024E-02  0.5560E-07 -0.6828E-01  0.2211E+00  0.4816E+00 -0.5186E-02  0.6580E+00  0.2318E-01  0.1270E+06  0.1270E+06  0.1270E+06 -0.1473E-02  0.1575E-01  0.1858E-09  0.4649E+00  0.6827E-09  0.1523E-01 -0.3328E-01 -0.2062E-01 -0.5986E-01  0.3179E-02  0.6535E-01  0.3807E+00
    78  0.9240E+02  0.2659E-03  0.2602E-02  0.7959E-02  0.5480E-07 -0.6760E-01  0.2210E+00  0.4752E+00 -0.1007E-01  0.6490E+00  0.2342E-01  0.1269E+06  0.1269E+06  0.1269E+06 -0.1253E-02  0.1576E-01  0.1838E-09  0.4397E+00  0.5336E-09  0.1527E-01 -0.3304E-01 -0.2054E-01 -0.5970E-01  0.3614E-02  0.6460E-01  0.3751E+00
    79  0.9360E+02  0.2677E-03  0.2586E-02  0.7916E-02  0.5380E-07 -0.6677E-01  0.2208E+00  0.4743E+00  0.2941E-03  0.6458E+00  0.1449E-01  0.1267E+06  0.1267E+06  0.1267E+06 -0.1378E-02  0.1575E-01  0.1829E-09  0.4554E+00  0.5201E-09  0.1526E-01 -0.3296E-01 -0.2078E-01 -0.5996E-01  0.1580E-02  0.6505E-01  0.3761E+00
    80  0.9480E+02  0.2687E-03  0.2571E-02  0.7863E-02  0.5297E-07 -0.6453E-01  0.2206E+00  0.4755E+00  0.3133E-02  0.6438E+00  0.1643E-01  0.1266E+06  0.1266E+06  0.1266E+06 -0.1306E-02  0.1572E-01  0.1821E-09  0.4645E+00  0.2424E-09  0.1522E-01 -0.3319E-01 -0.2057E-01 -0.5406E-01  0.6587E-02  0.5967E-01  0.3781E+00
    81  0.9600E+02  0.2655E-03  0.2567E-02  0.7762E-02  0.5184E-07 -0.6069E-01  0.2204E+00  0.4767E+00  0.1078E-02  0.6403E+00  0.3608E-02  0.1265E+06  0.1265E+06  0.1265E+06 -0.1146E-02  0.1564E-01  0.1806E-09  0.4554E+00  0.3148E-09  0.1515E-01 -0.3269E-01 -0.2057E-01 -0.6513E-01  0.1461E-02  0.6871E-01  0.3743E+00
    82  0.9720E+02  0.2692E-03  0.2555E-02  0.7715E-02  0.5116E-07 -0.5911E-01  0.2202E+00  0.4774E+00  0.2437E-02  0.6461E+00 -0.7959E-03  0.1264E+06  0.1264E+06  0.1264E+06 -0.1240E-02  0.1546E-01  0.1809E-09  0.4223E+00  0.3993E-09  0.1503E-01 -0.3326E-01 -0.2089E-01 -0.5639E-01 -0.1434E-02  0.6169E-01  0.3945E+00
    83  0.9840E+02  0.2668E-03  0.2540E-02  0.7637E-02  0.5000E-07 -0.5235E-01  0.2201E+00  0.4770E+00 -0.8078E-02  0.6497E+00 -0.2890E-02  0.1263E+06  0.1263E+06  0.1263E+06 -0.1059E-02  0.1535E-01  0.1806E-09  0.4343E+00  0.4658E-09  0.1491E-01 -0.3263E-01 -0.2038E-01 -0.5279E-01  0.1359E-01  0.5502E-01  0.3830E+00
    84  0.9960E+02  0.2667E-03  0.2538E-02  0.7576E-02  0.4920E-07 -0.4982E-01  0.2201E+00  0.4736E+00 -0.7235E-02  0.6491E+00  0.1548E-01  0.1261E+06  0.1261E+06  0.1261E+06 -0.9297E-03  0.1525E-01  0.1798E-09  0.3927E+00  0.2374E-09  0.1485E-01 -0.3291E-01 -0.2057E-01 -0.6737E-01 -0.5492E-02  0.7274E-01  0.3967E+00
    85  0.1008E+03  0.2692E-03  0.2520E-02  0.7462E-02  0.4811E-07 -0.4791E-01  0.2200E+00  0.4708E+00  0.7055E-03  0.6464E+00  0.1530E-01  0.1260E+06  0.1260E+06  0.1260E+06 -0.1004E-02  0.1519E-01  0.1781E-09  0.4237E+00  0.3010E-09  0.1477E-01 -0.3333E-01 -0.2107E-01 -0.5478E-01  0.5745E-02  0.5919E-01  0.4106E+00
    86  0.1020E+03  0.2656E-03  0.2514E-02  0.7413E-02  0.4742E-07 -0.4350E-01  0.2201E+00  0.4761E+00  0.5501E-02  0.6470E+00  0.1571E-01  0.1259E+06  0.1259E+06  0.1259E+06 -0.9101E-03  0.1513E-01  0.1776E-09  0.4137E+00  0.2422E-09  0.1472E-01 -0.3230E-01 -0.2011E-01 -0.5818E-01  0.3658E-02  0.6165E-01  0.3862E+00
    87  0.1032E+03  0.2685E-03  0.2506E-02  0.7329E-02  0.4655E-07 -0.3940E-01  0.2202E+00  0.4779E+00 -0.2644E-02  0.6405E+00  0.1701E-01  0.1258E+06  0.1258E+06  0.1258E+06 -0.7739E-03  0.1511E-01  0.1756E-09  0.4095E+00  0.2932E-09  0.1471E-01 -0.3342E-01 -0.2099E-01 -0.5957E-01  0.5638E-02  0.6206E-01  0.4167E+00
    88  0.1044E+03  0.2678E-03  0.2498E-02  0.7240E-02  0.4561E-07 -0.3756E-01  0.2203E+00  0.4764E+00 -0.2333E-02  0.6440E+00  0.3215E-02  0.1256E+06  0.1256E+06  0.1256E+06 -0.7701E-03  0.1498E-01  0.1750E-09  0.4072E+00  0.5553E-09  0.1459E-01 -0.3293E-01 -0.2061E-01 -0.6564E-01 -0.4850E-03  0.6811E-01  0.4114E+00
    89  0.1056E+03  0.2660E-03  0.2475E-02  0.7158E-02  0.4459E-07 -0.3335E-01  0.2206E+00  0.4775E+00  0.1924E-02  0.6485E+00  0.4917E-02  0.1255E+06  0.1255E+06  0.1255E+06 -0.6696E-03  0.1488E-01  0.1745E-09  0.4250E+00  0.5963E-09  0.1446E-01 -0.3281E-01 -0.2047E-01 -0.5136E-01  0.8235E-02  0.5449E-01  0.4125E+00
    90  0.1068E+03  0.2693E-03  0.2473E-02  0.7113E-02  0.4403E-07 -0.2770E-01  0.2207E+00  0.4788E+00 -0.6539E-02  0.6501E+00 -0.7777E-02  0.1254E+06  0.1254E+06  0.1254E+06 -0.6324E-03  0.1481E-01  0.1741E-09  0.4162E+00  0.7730E-09  0.1441E-01 -0.3351E-01 -0.2087E-01 -0.6366E-01  0.5869E-03  0.6902E-01  0.4354E+00
    91  0.1080E+03  0.2662E-03  0.2460E-02  0.7040E-02  0.4323E-07 -0.2510E-01  0.2208E+00  0.4744E+00  0.3435E-02  0.6563E+00  0.7488E-02  0.1253E+06  0.1253E+06  0.1253E+06 -0.5282E-03  0.1467E-01  0.1740E-09  0.4146E+00  0.5808E-09  0.1427E-01 -0.3281E-01 -0.2050E-01 -0.5902E-01  0.4017E-02  0.6084E-01  0.4258E+00
    92  0.1092E+03  0.2675E-03  0.2448E-02  0.6988E-02  0.4253E-07 -0.1859E-01  0.2208E+00  0.4786E+00  0.7127E-02  0.6555E+00  0.1332E-01  0.1251E+06  0.1251E+06  0.1251E+06 -0.4678E-03  0.1464E-01  0.1732E-09  0.4219E+00  0.6570E-09  0.1423E-01 -0.3325E-01 -0.2065E-01 -0.5277E-01  0.6969E-02  0.5734E-01  0.4375E+00
    93  0.1104E+03  0.2685E-03  0.2447E-02  0.6907E-02  0.4189E-07 -0.1526E-01  0.2208E+00  0.4812E+00 -0.6359E-03  0.6523E+00  0.2410E-01  0.1250E+06  0.1250E+06  0.1250E+06 -0.3554E-03  0.1461E-01  0.1718E-09  0.4311E+00  0.7074E-09  0.1418E-01 -0.3324E-01 -0.2071E-01 -0.6760E-01  0.1819E-02  0.7064E-01  0.4408E+00
    94  0.1116E+03  0.2658E-03  0.2438E-02  0.6855E-02  0.4141E-07 -0.1222E-01  0.2208E+00  0.4767E+00 -0.1263E-02  0.6430E+00  0.2323E-01  0.1249E+06  0.1249E+06  0.1249E+06 -0.3198E-03  0.1465E-01  0.1700E-09  0.4145E+00  0.8370E-09  0.1423E-01 -0.3305E-01 -0.2053E-01 -0.5497E-01  0.6703E-02  0.5799E-01  0.4318E+00
    95  0.1128E+03  0.2688E-03  0.2429E-02  0.6828E-02  0.4095E-07 -0.8743E-02  0.2206E+00  0.4776E+00 -0.3107E-02  0.6384E+00  0.1093E-01  0.1248E+06  0.1248E+06  0.1248E+06 -0.2362E-03  0.1467E-01  0.1692E-09  0.4215E+00  0.9965E-09  0.1424E-01 -0.3309E-01 -0.2072E-01 -0.5651E-01  0.1113E-02  0.6430E-01  0.4334E+00
    96  0.1140E+03  0.2671E-03  0.2420E-02  0.6755E-02  0.4027E-07 -0.4433E-02  0.2205E+00  0.4751E+00 -0.4704E-02  0.6369E+00  0.1655E-01  0.1246E+06  0.1246E+06  0.1246E+06 -0.2979E-03  0.1466E-01  0.1680E-09  0.4608E+00  0.6056E-09  0.1418E-01 -0.3307E-01 -0.2063E-01 -0.6195E-01  0.6983E-02  0.6717E-01  0.4324E+00
