 #NTuple/Z0                                                                      
 output from Ecalc9f version   2.09
  settings: 
    particle type:            2
    pzmin/pzmax:    0.0000000000000000      /   100.00000000000000     
    transverse cuts:    0.0000000000000000        0.0000000000000000     
    longitudinal cut:    0.0000000000000000     
    RF frequency (MHz):    1056.0000000000000     
    sigma cut:    4.0000000000000000     
    subtract out amplitude correlation
    wrnew9 =  F

regn #   Z           Bz          eperp       elong       e6D         Ldim        Pzavg       beta        alpha       betaL       alphaL      n0          n1          n2          Lcan(eVs)   sigmaE      sigmaT      corrE       corrT       sigmaE_c    xavg        yavg        Dx          Dy          Dr          Dr2
     1  0.0000E+00 -0.8132E-16  0.1843E-03  0.1720E-02  0.5994E-10  0.2637E-01  0.2044E+00  0.2084E-01  0.4412E-01  0.5330E+00 -0.1367E-01  0.1713E+05  0.1713E+05  0.1713E+05  0.8121E-05  0.7691E-02  0.8191E-10  0.2967E+01  0.7644E-08  0.7416E-02 -0.1228E-02 -0.1347E-02 -0.6789E-02 -0.1294E-03  0.6258E-02  0.3032E-02
     2  0.6000E+00 -0.4066E-15  0.1872E-03  0.1731E-02  0.6196E-10  0.1741E-01  0.2040E+00  0.1507E-01  0.1755E+00  0.5304E+00 -0.8921E-02  0.1710E+05  0.1710E+05  0.1710E+05  0.5310E-04  0.7705E-02  0.8212E-10  0.2743E+01  0.8049E-08  0.7449E-02 -0.1262E-02 -0.1258E-02 -0.5994E-02  0.1389E-03  0.6231E-02  0.2887E-02
     3  0.1200E+01  0.2711E-16  0.1933E-03  0.1711E-02  0.6580E-10  0.1480E-01  0.2041E+00  0.1523E-01  0.2185E-01  0.5362E+00 -0.4095E-02  0.1701E+05  0.1701E+05  0.1701E+05 -0.2590E-04  0.7636E-02  0.8212E-10  0.2694E+01  0.8868E-08  0.7366E-02 -0.1317E-02 -0.1258E-02 -0.5030E-02 -0.7175E-03  0.3283E-02  0.3051E-02
     4  0.1800E+01  0.1491E-14  0.1926E-03  0.1684E-02  0.6468E-10  0.1503E-01  0.2043E+00  0.1617E-01  0.3331E-01  0.5395E+00  0.8914E-02  0.1693E+05  0.1693E+05  0.1693E+05 -0.2644E-04  0.7622E-02  0.8165E-10  0.3018E+01  0.8730E-08  0.7291E-02 -0.1240E-02 -0.1324E-02 -0.5885E-02 -0.4085E-03  0.4734E-02  0.3051E-02
     5  0.2400E+01 -0.1653E-14  0.1897E-03  0.1681E-02  0.6207E-10  0.1218E-01  0.2045E+00  0.1576E-01  0.6080E-01  0.5290E+00  0.1088E-01  0.1685E+05  0.1685E+05  0.1685E+05  0.2945E-04  0.7653E-02  0.8079E-10  0.2931E+01  0.1003E-07  0.7361E-02 -0.1256E-02 -0.1285E-02 -0.6758E-02  0.5355E-03  0.4880E-02  0.2975E-02
     6  0.3000E+01 -0.8945E-15  0.1897E-03  0.1687E-02  0.6240E-10  0.1042E-01  0.2047E+00  0.1573E-01  0.4329E-01  0.5220E+00  0.5694E-02  0.1680E+05  0.1680E+05  0.1680E+05 -0.9716E-05  0.7700E-02  0.8046E-10  0.2800E+01  0.1172E-07  0.7430E-02 -0.1317E-02 -0.1272E-02 -0.5562E-02 -0.5253E-03  0.4158E-02  0.3054E-02
     7  0.3600E+01 -0.1111E-14  0.1878E-03  0.1667E-02  0.6089E-10  0.1108E-01  0.2050E+00  0.1577E-01  0.6731E-01  0.5199E+00  0.2210E-02  0.1670E+05  0.1670E+05  0.1670E+05 -0.1292E-04  0.7711E-02  0.7975E-10  0.3034E+01  0.1164E-07  0.7408E-02 -0.1293E-02 -0.1298E-02 -0.5356E-02 -0.4344E-03  0.4226E-02  0.3052E-02
     8  0.4200E+01  0.2168E-15  0.1884E-03  0.1658E-02  0.6067E-10  0.8175E-02  0.2052E+00  0.1538E-01  0.6387E-01  0.5164E+00  0.9757E-04  0.1663E+05  0.1663E+05  0.1663E+05 -0.7738E-05  0.7729E-02  0.7914E-10  0.3100E+01  0.1065E-07  0.7416E-02 -0.1282E-02 -0.1290E-02 -0.6251E-02  0.2347E-03  0.3999E-02  0.2997E-02
     9  0.4800E+01 -0.1626E-15  0.1881E-03  0.1649E-02  0.6015E-10  0.5872E-02  0.2053E+00  0.1540E-01  0.4557E-01  0.5153E+00 -0.5897E-02  0.1656E+05  0.1656E+05  0.1656E+05 -0.5621E-05  0.7722E-02  0.7881E-10  0.3095E+01  0.1079E-07  0.7410E-02 -0.1304E-02 -0.1286E-02 -0.6178E-02 -0.5251E-03  0.4357E-02  0.3051E-02
    10  0.5400E+01 -0.2439E-15  0.1877E-03  0.1640E-02  0.6001E-10  0.6551E-02  0.2055E+00  0.1542E-01  0.5581E-01  0.5161E+00 -0.8517E-02  0.1649E+05  0.1649E+05  0.1649E+05 -0.1050E-04  0.7717E-02  0.7863E-10  0.3161E+01  0.1096E-07  0.7388E-02 -0.1314E-02 -0.1288E-02 -0.5301E-02 -0.2482E-04  0.3782E-02  0.3086E-02
    11  0.6000E+01 -0.1138E-14  0.1867E-03  0.1625E-02  0.5883E-10  0.4911E-02  0.2056E+00  0.1547E-01  0.5244E-01  0.5163E+00 -0.1094E-01  0.1641E+05  0.1641E+05  0.1641E+05 -0.1636E-04  0.7690E-02  0.7828E-10  0.3238E+01  0.1152E-07  0.7354E-02 -0.1311E-02 -0.1289E-02 -0.5661E-02 -0.4088E-03  0.4236E-02  0.3103E-02
    12  0.6600E+01  0.1897E-15  0.1857E-03  0.1618E-02  0.5785E-10  0.5831E-02  0.2056E+00  0.1538E-01  0.4711E-01  0.5178E+00 -0.1050E-01  0.1634E+05  0.1634E+05  0.1634E+05 -0.1409E-04  0.7667E-02  0.7830E-10  0.3293E+01  0.1259E-07  0.7328E-02 -0.1293E-02 -0.1281E-02 -0.6136E-02 -0.1717E-03  0.4522E-02  0.3063E-02
    13  0.7200E+01 -0.9487E-15  0.1858E-03  0.1606E-02  0.5771E-10  0.4452E-02  0.2056E+00  0.1552E-01  0.4988E-01  0.5173E+00 -0.1632E-04  0.1628E+05  0.1628E+05  0.1628E+05 -0.3617E-05  0.7665E-02  0.7793E-10  0.3358E+01  0.1165E-07  0.7304E-02 -0.1305E-02 -0.1293E-02 -0.5775E-02 -0.1036E-03  0.4206E-02  0.3119E-02
    14  0.7800E+01  0.1437E-14  0.1847E-03  0.1603E-02  0.5702E-10  0.2643E-02  0.2054E+00  0.1530E-01  0.4695E-01  0.5155E+00  0.9584E-02  0.1622E+05  0.1622E+05  0.1622E+05 -0.1615E-04  0.7674E-02  0.7781E-10  0.3411E+01  0.1259E-07  0.7307E-02 -0.1319E-02 -0.1285E-02 -0.5625E-02 -0.3121E-03  0.4368E-02  0.3124E-02
    15  0.8400E+01 -0.5421E-16  0.1853E-03  0.1599E-02  0.5735E-10  0.4645E-02  0.2053E+00  0.1541E-01  0.4681E-01  0.5103E+00  0.2109E-01  0.1617E+05  0.1617E+05  0.1617E+05 -0.2500E-04  0.7715E-02  0.7733E-10  0.3470E+01  0.1189E-07  0.7332E-02 -0.1286E-02 -0.1286E-02 -0.5430E-02 -0.5777E-04  0.4006E-02  0.3012E-02
    16  0.9000E+01  0.1220E-14  0.1839E-03  0.1592E-02  0.5605E-10  0.4009E-02  0.2050E+00  0.1546E-01  0.4508E-01  0.5042E+00  0.2850E-01  0.1611E+05  0.1611E+05  0.1611E+05 -0.5599E-05  0.7746E-02  0.7670E-10  0.3590E+01  0.1121E-07  0.7355E-02 -0.1292E-02 -0.1298E-02 -0.6260E-02 -0.3966E-03  0.4798E-02  0.3029E-02
    17  0.9600E+01 -0.1138E-14  0.1838E-03  0.1591E-02  0.5605E-10  0.3630E-02  0.2048E+00  0.1537E-01  0.3513E-01  0.4943E+00  0.3008E-01  0.1607E+05  0.1607E+05  0.1607E+05 -0.1738E-04  0.7808E-02  0.7600E-10  0.3545E+01  0.1124E-07  0.7418E-02 -0.1283E-02 -0.1274E-02 -0.5488E-02 -0.3240E-03  0.4321E-02  0.2897E-02
    18  0.1020E+02 -0.1193E-14  0.1831E-03  0.1584E-02  0.5540E-10  0.4249E-02  0.2045E+00  0.1574E-01  0.3821E-01  0.4875E+00  0.3068E-01  0.1601E+05  0.1601E+05  0.1601E+05 -0.1555E-04  0.7848E-02  0.7527E-10  0.3606E+01  0.9317E-08  0.7447E-02 -0.1287E-02 -0.1285E-02 -0.5783E-02  0.3961E-04  0.4250E-02  0.2894E-02
    19  0.1080E+02 -0.1897E-15  0.1820E-03  0.1581E-02  0.5421E-10  0.3360E-02  0.2042E+00  0.1549E-01  0.4605E-01  0.4808E+00  0.1914E-01  0.1596E+05  0.1596E+05  0.1596E+05 -0.2874E-04  0.7868E-02  0.7479E-10  0.3579E+01  0.9650E-08  0.7481E-02 -0.1257E-02 -0.1304E-02 -0.6641E-02 -0.2261E-03  0.4961E-02  0.2853E-02
    20  0.1140E+02 -0.9758E-15  0.1800E-03  0.1573E-02  0.5314E-10  0.5963E-02  0.2039E+00  0.1565E-01  0.2600E-01  0.4769E+00  0.6431E-02  0.1590E+05  0.1590E+05  0.1590E+05  0.1234E-04  0.7865E-02  0.7434E-10  0.3600E+01  0.9121E-08  0.7484E-02 -0.1249E-02 -0.1273E-02 -0.5156E-02 -0.3761E-03  0.4128E-02  0.2757E-02
    21  0.1200E+02  0.1355E-14  0.1803E-03  0.1565E-02  0.5285E-10  0.5412E-02  0.2036E+00  0.1592E-01  0.3842E-01  0.4780E+00 -0.8229E-02  0.1585E+05  0.1585E+05  0.1585E+05 -0.2396E-04  0.7834E-02  0.7426E-10  0.3628E+01  0.8428E-08  0.7448E-02 -0.1289E-02 -0.1271E-02 -0.6184E-02 -0.1856E-03  0.4945E-02  0.2861E-02
    22  0.1260E+02 -0.1599E-14  0.1796E-03  0.1566E-02  0.5209E-10  0.3324E-02  0.2033E+00  0.1581E-01  0.6110E-01  0.4788E+00 -0.1886E-01  0.1580E+05  0.1580E+05  0.1580E+05 -0.3760E-04  0.7771E-02  0.7436E-10  0.3337E+01  0.7217E-08  0.7438E-02 -0.1226E-02 -0.1308E-02 -0.6135E-02 -0.4780E-03  0.4290E-02  0.2842E-02
    23  0.1320E+02 -0.9216E-15  0.1778E-03  0.1570E-02  0.5105E-10  0.5646E-02  0.2031E+00  0.1551E-01  0.1049E-01  0.4846E+00 -0.3090E-01  0.1576E+05  0.1576E+05  0.1576E+05  0.1489E-04  0.7709E-02  0.7502E-10  0.3248E+01  0.8496E-08  0.7399E-02 -0.1225E-02 -0.1273E-02 -0.6215E-02 -0.1184E-03  0.4615E-02  0.2800E-02
    24  0.1380E+02 -0.8132E-15  0.1764E-03  0.1568E-02  0.5044E-10  0.4431E-02  0.2030E+00  0.1679E-01  0.2201E-01  0.4927E+00 -0.4026E-01  0.1571E+05  0.1571E+05  0.1571E+05 -0.2700E-04  0.7648E-02  0.7562E-10  0.3325E+01  0.8897E-08  0.7334E-02 -0.1271E-02 -0.1273E-02 -0.5696E-02 -0.4459E-04  0.4715E-02  0.2949E-02
    25  0.1440E+02  0.1003E-14  0.1759E-03  0.1564E-02  0.5002E-10  0.2188E-02  0.2029E+00  0.1604E-01  0.8883E-01  0.5009E+00 -0.4067E-01  0.1567E+05  0.1567E+05  0.1567E+05 -0.2718E-04  0.7573E-02  0.7617E-10  0.3284E+01  0.8510E-08  0.7263E-02 -0.1232E-02 -0.1315E-02 -0.5705E-02 -0.1540E-03  0.4581E-02  0.3013E-02
    26  0.1500E+02 -0.2711E-16  0.1761E-03  0.1563E-02  0.4982E-10  0.1757E-02  0.2028E+00  0.1558E-01  0.2852E-01  0.5086E+00 -0.3873E-01  0.1562E+05  0.1562E+05  0.1562E+05 -0.4257E-05  0.7497E-02  0.7681E-10  0.3192E+01  0.9579E-08  0.7202E-02 -0.1225E-02 -0.1277E-02 -0.6657E-02 -0.6801E-04  0.4655E-02  0.2963E-02
    27  0.1560E+02  0.0000E+00  0.1742E-03  0.1562E-02  0.4871E-10  0.2644E-02  0.2029E+00  0.1667E-01  0.2277E-01  0.5144E+00 -0.2782E-01  0.1557E+05  0.1557E+05  0.1557E+05 -0.2292E-04  0.7432E-02  0.7714E-10  0.3135E+01  0.9028E-08  0.7158E-02 -0.1236E-02 -0.1259E-02 -0.5939E-02 -0.6555E-03  0.4918E-02  0.2999E-02
    28  0.1620E+02  0.1274E-14  0.1722E-03  0.1566E-02  0.4741E-10  0.2199E-02  0.2029E+00  0.1632E-01  0.5571E-01  0.5157E+00 -0.1813E-01  0.1552E+05  0.1552E+05  0.1552E+05 -0.2284E-04  0.7401E-02  0.7732E-10  0.2967E+01  0.8799E-08  0.7159E-02 -0.1241E-02 -0.1300E-02 -0.6415E-02 -0.4536E-03  0.5374E-02  0.3143E-02
    29  0.1680E+02 -0.1084E-14  0.1703E-03  0.1566E-02  0.4630E-10 -0.1153E-03  0.2031E+00  0.1624E-01  0.3755E-01  0.5169E+00 -0.1121E-01  0.1546E+05  0.1546E+05  0.1546E+05 -0.1660E-04  0.7373E-02  0.7738E-10  0.2916E+01  0.9264E-08  0.7152E-02 -0.1244E-02 -0.1298E-02 -0.6225E-02  0.1827E-03  0.4302E-02  0.3163E-02
    30  0.1740E+02  0.1138E-14  0.1702E-03  0.1565E-02  0.4631E-10 -0.3228E-03  0.2032E+00  0.1618E-01  0.4798E-01  0.5164E+00 -0.3573E-02  0.1542E+05  0.1542E+05  0.1542E+05 -0.1500E-04  0.7372E-02  0.7733E-10  0.2859E+01  0.1026E-07  0.7156E-02 -0.1249E-02 -0.1277E-02 -0.5637E-02 -0.1792E-03  0.4451E-02  0.3129E-02
    31  0.1800E+02 -0.4879E-15  0.1704E-03  0.1564E-02  0.4626E-10  0.1040E-02  0.2034E+00  0.1626E-01  0.4629E-01  0.5138E+00  0.3237E-02  0.1538E+05  0.1538E+05  0.1538E+05 -0.2342E-04  0.7386E-02  0.7712E-10  0.2820E+01  0.1123E-07  0.7176E-02 -0.1262E-02 -0.1291E-02 -0.6299E-02 -0.6199E-03  0.4864E-02  0.3188E-02
    32  0.1860E+02 -0.1491E-14  0.1706E-03  0.1566E-02  0.4639E-10  0.2661E-02  0.2035E+00  0.1616E-01  0.5123E-01  0.5105E+00  0.2560E-02  0.1534E+05  0.1534E+05  0.1534E+05 -0.1908E-04  0.7420E-02  0.7695E-10  0.2815E+01  0.1236E-07  0.7209E-02 -0.1248E-02 -0.1281E-02 -0.6543E-02 -0.5580E-04  0.4705E-02  0.3106E-02
    33  0.1920E+02 -0.5421E-16  0.1695E-03  0.1566E-02  0.4589E-10 -0.4258E-03  0.2037E+00  0.1604E-01  0.4684E-01  0.5082E+00  0.1171E-02  0.1529E+05  0.1529E+05  0.1529E+05 -0.1851E-04  0.7452E-02  0.7674E-10  0.2943E+01  0.1254E-07  0.7228E-02 -0.1248E-02 -0.1287E-02 -0.6313E-02 -0.2813E-03  0.4702E-02  0.3097E-02
    34  0.1980E+02  0.1653E-14  0.1693E-03  0.1570E-02  0.4594E-10  0.1038E-02  0.2038E+00  0.1612E-01  0.4564E-01  0.5051E+00 -0.1697E-02  0.1526E+05  0.1526E+05  0.1526E+05 -0.1130E-04  0.7487E-02  0.7661E-10  0.2920E+01  0.1314E-07  0.7263E-02 -0.1276E-02 -0.1288E-02 -0.6178E-02 -0.6283E-03  0.4763E-02  0.3142E-02
    35  0.2040E+02 -0.1437E-14  0.1683E-03  0.1571E-02  0.4558E-10  0.2274E-02  0.2039E+00  0.1598E-01  0.4785E-01  0.5028E+00 -0.5417E-02  0.1522E+05  0.1522E+05  0.1522E+05 -0.2343E-04  0.7518E-02  0.7644E-10  0.3036E+01  0.1338E-07  0.7284E-02 -0.1271E-02 -0.1281E-02 -0.5718E-02 -0.1069E-03  0.4491E-02  0.3087E-02
    36  0.2100E+02 -0.1084E-14  0.1681E-03  0.1575E-02  0.4562E-10 -0.1793E-03  0.2040E+00  0.1607E-01  0.5069E-01  0.5032E+00 -0.1193E-01  0.1518E+05  0.1518E+05  0.1518E+05 -0.2616E-04  0.7542E-02  0.7654E-10  0.3149E+01  0.1325E-07  0.7292E-02 -0.1263E-02 -0.1294E-02 -0.6166E-02 -0.1427E-03  0.4547E-02  0.3083E-02
    37  0.2160E+02  0.1464E-14  0.1685E-03  0.1582E-02  0.4599E-10  0.1452E-03  0.2039E+00  0.1589E-01  0.4852E-01  0.5037E+00 -0.1700E-01  0.1514E+05  0.1514E+05  0.1514E+05 -0.1706E-04  0.7567E-02  0.7676E-10  0.3187E+01  0.1312E-07  0.7305E-02 -0.1264E-02 -0.1291E-02 -0.6491E-02  0.3103E-04  0.4623E-02  0.3058E-02
    38  0.2220E+02  0.7318E-15  0.1680E-03  0.1585E-02  0.4587E-10 -0.3012E-02  0.2039E+00  0.1583E-01  0.3421E-01  0.5048E+00 -0.1722E-01  0.1510E+05  0.1510E+05  0.1510E+05 -0.2037E-04  0.7569E-02  0.7691E-10  0.3248E+01  0.1278E-07  0.7303E-02 -0.1259E-02 -0.1281E-02 -0.6350E-02 -0.3690E-03  0.4752E-02  0.3020E-02
    39  0.2280E+02 -0.1735E-14  0.1667E-03  0.1586E-02  0.4540E-10 -0.3718E-03  0.2038E+00  0.1604E-01  0.2997E-01  0.5060E+00 -0.1766E-01  0.1506E+05  0.1506E+05  0.1506E+05 -0.1543E-04  0.7581E-02  0.7703E-10  0.3447E+01  0.1288E-07  0.7293E-02 -0.1265E-02 -0.1280E-02 -0.5898E-02 -0.6548E-03  0.4802E-02  0.3018E-02
    40  0.2340E+02 -0.1708E-14  0.1668E-03  0.1589E-02  0.4555E-10 -0.2413E-02  0.2036E+00  0.1608E-01  0.4633E-01  0.5066E+00 -0.1341E-01  0.1504E+05  0.1504E+05  0.1504E+05 -0.2741E-04  0.7593E-02  0.7715E-10  0.3504E+01  0.1173E-07  0.7293E-02 -0.1272E-02 -0.1289E-02 -0.6035E-02  0.1905E-03  0.4539E-02  0.3041E-02
    41  0.2400E+02  0.1491E-14  0.1663E-03  0.1591E-02  0.4529E-10 -0.4517E-02  0.2034E+00  0.1595E-01  0.4002E-01  0.5053E+00 -0.9360E-02  0.1499E+05  0.1499E+05  0.1499E+05 -0.3242E-04  0.7599E-02  0.7711E-10  0.3499E+01  0.1121E-07  0.7299E-02 -0.1242E-02 -0.1294E-02 -0.6150E-02 -0.2201E-03  0.4763E-02  0.2974E-02
    42  0.2460E+02  0.1355E-15  0.1658E-03  0.1595E-02  0.4503E-10 -0.2275E-02  0.2031E+00  0.1595E-01  0.2850E-01  0.5045E+00 -0.4945E-02  0.1495E+05  0.1495E+05  0.1495E+05 -0.1079E-04  0.7593E-02  0.7720E-10  0.3417E+01  0.1092E-07  0.7307E-02 -0.1238E-02 -0.1273E-02 -0.6129E-02 -0.4579E-03  0.4815E-02  0.2917E-02
    43  0.2520E+02  0.1545E-14  0.1653E-03  0.1595E-02  0.4474E-10 -0.5651E-02  0.2029E+00  0.1632E-01  0.3139E-01  0.5036E+00 -0.1666E-02  0.1490E+05  0.1490E+05  0.1490E+05 -0.3901E-04  0.7606E-02  0.7713E-10  0.3515E+01  0.9397E-08  0.7307E-02 -0.1258E-02 -0.1283E-02 -0.6505E-02  0.9298E-04  0.5077E-02  0.2971E-02
    44  0.2580E+02 -0.3524E-15  0.1636E-03  0.1594E-02  0.4372E-10 -0.5866E-02  0.2026E+00  0.1602E-01  0.4266E-01  0.5001E+00  0.1020E-02  0.1485E+05  0.1485E+05  0.1485E+05 -0.2867E-04  0.7603E-02  0.7686E-10  0.3500E+01  0.8351E-08  0.7322E-02 -0.1218E-02 -0.1304E-02 -0.6108E-02 -0.2824E-03  0.4646E-02  0.2924E-02
    45  0.2640E+02 -0.1409E-14  0.1640E-03  0.1592E-02  0.4380E-10 -0.8007E-02  0.2023E+00  0.1601E-01  0.2890E-01  0.4974E+00  0.2053E-02  0.1483E+05  0.1483E+05  0.1483E+05 -0.1262E-04  0.7611E-02  0.7667E-10  0.3438E+01  0.7752E-08  0.7333E-02 -0.1223E-02 -0.1266E-02 -0.6420E-02 -0.2332E-03  0.4841E-02  0.2836E-02
    46  0.2700E+02  0.5692E-15  0.1639E-03  0.1589E-02  0.4370E-10 -0.9095E-02  0.2021E+00  0.1652E-01  0.2612E-01  0.4961E+00 -0.2100E-02  0.1478E+05  0.1478E+05  0.1478E+05 -0.4648E-04  0.7608E-02  0.7653E-10  0.3441E+01  0.7472E-08  0.7328E-02 -0.1233E-02 -0.1277E-02 -0.6194E-02 -0.5404E-03  0.5047E-02  0.2881E-02
    47  0.2760E+02  0.2168E-15  0.1633E-03  0.1591E-02  0.4338E-10 -0.1025E-01  0.2019E+00  0.1604E-01  0.5307E-01  0.4950E+00 -0.5951E-02  0.1475E+05  0.1475E+05  0.1475E+05 -0.3482E-04  0.7588E-02  0.7657E-10  0.3270E+01  0.7630E-08  0.7336E-02 -0.1203E-02 -0.1303E-02 -0.5798E-02 -0.3492E-03  0.4614E-02  0.2882E-02
    48  0.2820E+02 -0.1599E-14  0.1631E-03  0.1588E-02  0.4288E-10 -0.1289E-01  0.2017E+00  0.1623E-01  0.1806E-01  0.4945E+00 -0.9345E-02  0.1471E+05  0.1471E+05  0.1471E+05 -0.2829E-04  0.7564E-02  0.7650E-10  0.3172E+01  0.7670E-08  0.7329E-02 -0.1214E-02 -0.1278E-02 -0.6675E-02 -0.2267E-03  0.5073E-02  0.2865E-02
    49  0.2880E+02 -0.2711E-16  0.1632E-03  0.1585E-02  0.4298E-10 -0.1229E-01  0.2017E+00  0.1649E-01  0.4431E-01  0.4969E+00 -0.1401E-01  0.1469E+05  0.1469E+05  0.1469E+05 -0.4433E-04  0.7543E-02  0.7664E-10  0.3137E+01  0.7988E-08  0.7303E-02 -0.1209E-02 -0.1270E-02 -0.6407E-02 -0.2064E-03  0.4902E-02  0.2850E-02
    50  0.2940E+02  0.8132E-15  0.1618E-03  0.1583E-02  0.4212E-10 -0.1507E-01  0.2016E+00  0.1624E-01  0.4316E-01  0.4982E+00 -0.1739E-01  0.1463E+05  0.1463E+05  0.1463E+05 -0.4799E-04  0.7500E-02  0.7672E-10  0.2987E+01  0.8478E-08  0.7287E-02 -0.1201E-02 -0.1298E-02 -0.6014E-02 -0.1636E-03  0.4526E-02  0.2929E-02
    51  0.3000E+02  0.7860E-15  0.1614E-03  0.1577E-02  0.4171E-10 -0.1582E-01  0.2016E+00  0.1641E-01  0.3617E-01  0.5027E+00 -0.1789E-01  0.1460E+05  0.1460E+05  0.1460E+05 -0.3209E-04  0.7464E-02  0.7693E-10  0.3073E+01  0.8461E-08  0.7243E-02 -0.1209E-02 -0.1287E-02 -0.6819E-02 -0.2827E-03  0.5155E-02  0.2951E-02
    52  0.3060E+02 -0.5150E-15  0.1617E-03  0.1580E-02  0.4198E-10 -0.1620E-01  0.2017E+00  0.1639E-01  0.3883E-01  0.5052E+00 -0.1976E-01  0.1458E+05  0.1458E+05  0.1458E+05 -0.4219E-04  0.7439E-02  0.7720E-10  0.2921E+01  0.9126E-08  0.7232E-02 -0.1204E-02 -0.1274E-02 -0.6118E-02 -0.5938E-03  0.5086E-02  0.2926E-02
    53  0.3120E+02 -0.3524E-15  0.1615E-03  0.1579E-02  0.4181E-10 -0.1593E-01  0.2018E+00  0.1642E-01  0.4601E-01  0.5080E+00 -0.1724E-01  0.1454E+05  0.1454E+05  0.1454E+05 -0.3865E-04  0.7420E-02  0.7733E-10  0.2938E+01  0.8558E-08  0.7211E-02 -0.1222E-02 -0.1289E-02 -0.6267E-02 -0.2252E-03  0.4882E-02  0.3021E-02
    54  0.3180E+02 -0.2439E-15  0.1610E-03  0.1578E-02  0.4146E-10 -0.2015E-01  0.2019E+00  0.1642E-01  0.4077E-01  0.5104E+00 -0.1867E-01  0.1450E+05  0.1450E+05  0.1450E+05 -0.5090E-04  0.7398E-02  0.7750E-10  0.2914E+01  0.9460E-08  0.7195E-02 -0.1215E-02 -0.1291E-02 -0.6728E-02  0.4985E-04  0.4860E-02  0.3032E-02
    55  0.3240E+02 -0.1897E-15  0.1613E-03  0.1576E-02  0.4164E-10 -0.2035E-01  0.2020E+00  0.1644E-01  0.4547E-01  0.5113E+00 -0.1763E-01  0.1447E+05  0.1447E+05  0.1447E+05 -0.3917E-04  0.7388E-02  0.7754E-10  0.2872E+01  0.1033E-07  0.7189E-02 -0.1205E-02 -0.1280E-02 -0.6262E-02 -0.4846E-03  0.5073E-02  0.2990E-02
    56  0.3300E+02 -0.8403E-15  0.1617E-03  0.1579E-02  0.4188E-10 -0.2146E-01  0.2021E+00  0.1638E-01  0.4369E-01  0.5140E+00 -0.1731E-01  0.1444E+05  0.1444E+05  0.1444E+05 -0.4292E-04  0.7387E-02  0.7782E-10  0.2906E+01  0.1133E-07  0.7179E-02 -0.1231E-02 -0.1283E-02 -0.6959E-02 -0.4170E-03  0.5474E-02  0.3067E-02
    57  0.3360E+02 -0.1897E-15  0.1606E-03  0.1582E-02  0.4157E-10 -0.2215E-01  0.2022E+00  0.1625E-01  0.4351E-01  0.5134E+00 -0.1515E-01  0.1440E+05  0.1440E+05  0.1440E+05 -0.4790E-04  0.7395E-02  0.7781E-10  0.2897E+01  0.1126E-07  0.7193E-02 -0.1226E-02 -0.1290E-02 -0.5815E-02 -0.5107E-03  0.4620E-02  0.3063E-02
    58  0.3420E+02 -0.8132E-16  0.1602E-03  0.1581E-02  0.4132E-10 -0.2165E-01  0.2023E+00  0.1632E-01  0.3212E-01  0.5122E+00 -0.1526E-01  0.1436E+05  0.1436E+05  0.1436E+05 -0.4280E-04  0.7407E-02  0.7775E-10  0.2919E+01  0.1255E-07  0.7202E-02 -0.1230E-02 -0.1281E-02 -0.6118E-02 -0.1618E-03  0.4894E-02  0.3043E-02
    59  0.3480E+02 -0.4608E-15  0.1589E-03  0.1589E-02  0.4076E-10 -0.2601E-01  0.2024E+00  0.1640E-01  0.4014E-01  0.5122E+00 -0.1647E-01  0.1432E+05  0.1432E+05  0.1432E+05 -0.5757E-04  0.7417E-02  0.7795E-10  0.2891E+01  0.1331E-07  0.7222E-02 -0.1233E-02 -0.1289E-02 -0.6371E-02 -0.1267E-03  0.5024E-02  0.3068E-02
    60  0.3540E+02 -0.8403E-15  0.1588E-03  0.1589E-02  0.4072E-10 -0.2584E-01  0.2025E+00  0.1654E-01  0.4667E-01  0.5143E+00 -0.1629E-01  0.1429E+05  0.1429E+05  0.1429E+05 -0.4952E-04  0.7421E-02  0.7809E-10  0.3036E+01  0.1339E-07  0.7207E-02 -0.1229E-02 -0.1290E-02 -0.6818E-02 -0.3130E-03  0.5403E-02  0.3059E-02
    61  0.3600E+02 -0.9216E-15  0.1590E-03  0.1593E-02  0.4102E-10 -0.2700E-01  0.2024E+00  0.1625E-01  0.4469E-01  0.5145E+00 -0.1437E-01  0.1426E+05  0.1426E+05  0.1426E+05 -0.5110E-04  0.7435E-02  0.7822E-10  0.3058E+01  0.1344E-07  0.7213E-02 -0.1218E-02 -0.1277E-02 -0.6407E-02 -0.2594E-03  0.5185E-02  0.2987E-02
    62  0.3660E+02  0.1626E-14  0.1582E-03  0.1595E-02  0.4082E-10 -0.2738E-01  0.2024E+00  0.1638E-01  0.3621E-01  0.5148E+00 -0.8859E-02  0.1422E+05  0.1422E+05  0.1422E+05 -0.4703E-04  0.7441E-02  0.7832E-10  0.3117E+01  0.1361E-07  0.7215E-02 -0.1236E-02 -0.1288E-02 -0.5997E-02 -0.2534E-05  0.4666E-02  0.3049E-02
    63  0.3720E+02  0.1328E-14  0.1577E-03  0.1597E-02  0.4056E-10 -0.2766E-01  0.2023E+00  0.1631E-01  0.4031E-01  0.5144E+00 -0.2413E-02  0.1418E+05  0.1418E+05  0.1418E+05 -0.5557E-04  0.7469E-02  0.7834E-10  0.3290E+01  0.1303E-07  0.7221E-02 -0.1239E-02 -0.1297E-02 -0.6558E-02 -0.2695E-03  0.5215E-02  0.3056E-02
    64  0.3780E+02  0.3253E-15  0.1565E-03  0.1598E-02  0.4007E-10 -0.2690E-01  0.2021E+00  0.1639E-01  0.3023E-01  0.5096E+00  0.3091E-02  0.1414E+05  0.1414E+05  0.1414E+05 -0.5071E-04  0.7505E-02  0.7799E-10  0.3375E+01  0.1239E-07  0.7252E-02 -0.1201E-02 -0.1273E-02 -0.6163E-02 -0.5459E-03  0.5222E-02  0.2877E-02
    65  0.3840E+02 -0.5692E-15  0.1562E-03  0.1602E-02  0.3989E-10 -0.2624E-01  0.2019E+00  0.1640E-01  0.4102E-01  0.5046E+00  0.3515E-02  0.1411E+05  0.1411E+05  0.1411E+05 -0.5022E-04  0.7542E-02  0.7774E-10  0.3379E+01  0.1203E-07  0.7292E-02 -0.1217E-02 -0.1271E-02 -0.6360E-02 -0.3259E-03  0.5275E-02  0.2876E-02
    66  0.3900E+02  0.4608E-15  0.1561E-03  0.1605E-02  0.3990E-10 -0.2527E-01  0.2017E+00  0.1631E-01  0.4082E-01  0.5008E+00 -0.7186E-03  0.1409E+05  0.1409E+05  0.1409E+05 -0.6287E-04  0.7570E-02  0.7754E-10  0.3381E+01  0.1130E-07  0.7318E-02 -0.1225E-02 -0.1302E-02 -0.6420E-02 -0.2444E-03  0.5145E-02  0.2940E-02
