1.2840380952380952	0.002789	0.009491	7.456e-08	0.1745	31310.0	/home/zhurh/new_frequency_realistic/stage1_2300mm_beta_35cm/197MeV/21.966463012798094,29.120175837679646/
1.194095238095238	0.002462	0.008145	5.095e-08	0.1872	38320.0	/home/zhurh/new_frequency_realistic/stage1_2300mm_beta_35cm/197MeV/20.00322281846169,34.156536915575515/
1.3049523809523809	0.002803	0.009883	8.005e-08	0.1802	32630.0	/home/zhurh/new_frequency_realistic/stage1_2300mm_beta_35cm/197MeV/26.621243442604744,23.963125209589908/
1.274895238095238	0.0027	0.009758	7.216e-08	0.1856	36260.0	/home/zhurh/new_frequency_realistic/stage1_2300mm_beta_35cm/197MeV/27.76836329014556,23.309041287410235/
1.360152380952381	0.003298	0.00802	9.454e-08	0.2203	45210.0	/home/zhurh/new_frequency_realistic/stage1_2300mm_beta_35cm/197MeV/24.97407666456625,29.78406890750272/
1.301104761904762	0.002914	0.00921	7.904e-08	0.2154	46240.0	/home/zhurh/new_frequency_realistic/stage1_2300mm_beta_35cm/197MeV/27.25935766347441,26.396739425628652/
1.2998476190476191	0.003047	0.008141	7.871e-08	0.2057	44880.0	/home/zhurh/new_frequency_realistic/stage1_2300mm_beta_35cm/197MeV/23.864172231549773,29.844731988196383/
1.2280380952380952	0.002556	0.009103	5.986e-08	0.185	40260.0	/home/zhurh/new_frequency_realistic/stage1_2300mm_beta_35cm/197MeV/21.65307651598264,31.021221429431083/
1.2709714285714286	0.00281	0.008969	7.113e-08	0.199	44440.0	/home/zhurh/new_frequency_realistic/stage1_2300mm_beta_35cm/197MeV/25.221048633968362,27.11814274746778/
1.327695238095238	0.002919	0.01007	8.602e-08	0.2005	44130.0	/home/zhurh/new_frequency_realistic/stage1_2300mm_beta_35cm/197MeV/26.855244434653937,25.183446429188695/
1.2290285714285714	0.002594	0.008878	6.012e-08	0.1753	34850.0	/home/zhurh/new_frequency_realistic/stage1_2300mm_beta_35cm/197MeV/20.151464245429935,32.55635249338268/
1.446095238095238	0.003912	0.006778	1.171e-07	0.2325	41250.0	/home/zhurh/new_frequency_realistic/stage1_2300mm_beta_35cm/197MeV/22.077155893636505,34.9454172777978/
1.2248761904761905	0.00255	0.009038	5.903e-08	0.1831	39380.0	/home/zhurh/new_frequency_realistic/stage1_2300mm_beta_35cm/197MeV/21.20298245719941,31.573692130799873/
1.2510476190476192	0.00265	0.009413	6.59e-08	0.1774	34990.0	/home/zhurh/new_frequency_realistic/stage1_2300mm_beta_35cm/197MeV/21.834592651167668,29.750138090220204/
1.2289904761904762	0.002631	0.008388	6.011e-08	0.1979	42400.0	/home/zhurh/new_frequency_realistic/stage1_2300mm_beta_35cm/197MeV/21.679307459044395,32.34792741488292/
1.2785142857142857	0.002986	0.007821	7.311e-08	0.2126	44170.0	/home/zhurh/new_frequency_realistic/stage1_2300mm_beta_35cm/197MeV/22.95072838824894,31.865699245805793/
1.2859809523809524	0.003023	0.007836	7.507e-08	0.2082	44330.0	/home/zhurh/new_frequency_realistic/stage1_2300mm_beta_35cm/197MeV/23.03665672163779,31.295948487972893/
1.3679238095238095	0.003331	0.008029	9.658e-08	0.2207	45350.0	/home/zhurh/new_frequency_realistic/stage1_2300mm_beta_35cm/197MeV/25.486615419922998,29.169965225017673/
1.2359619047619048	0.002589	0.009185	6.194e-08	0.1865	40980.0	/home/zhurh/new_frequency_realistic/stage1_2300mm_beta_35cm/197MeV/22.077155893636505,30.478400028440365/
1.2870095238095238	0.002908	0.008837	7.534e-08	0.2054	45350.0	/home/zhurh/new_frequency_realistic/stage1_2300mm_beta_35cm/197MeV/26.621243442604744,25.977046258259577/
1.2945142857142857	0.003066	0.00817	7.731e-08	0.1617	21450.0	/home/zhurh/new_frequency_realistic/stage1_2300mm_beta_35cm/197MeV/19.296655463716107,32.55635249338268/
1.2424761904761905	0.002639	0.00914	6.365e-08	0.1741	33300.0	/home/zhurh/new_frequency_realistic/stage1_2300mm_beta_35cm/197MeV/20.979655657645317,30.851830181364775/
1.2685333333333335	0.002986	0.007495	7.049e-08	0.2079	43000.0	/home/zhurh/new_frequency_realistic/stage1_2300mm_beta_35cm/197MeV/21.957276515765997,32.88482154286776/
1.2180190476190476	0.002674	0.007876	5.723e-08	0.1661	27360.0	/home/zhurh/new_frequency_realistic/stage1_2300mm_beta_35cm/197MeV/18.668250374421184,34.40270014724478/
1.2130666666666667	0.002519	0.008567	5.593e-08	0.1892	40520.0	/home/zhurh/new_frequency_realistic/stage1_2300mm_beta_35cm/197MeV/20.988389704502758,32.61537082952371/
1.2090666666666667	0.002549	0.008364	5.488e-08	0.174	33110.0	/home/zhurh/new_frequency_realistic/stage1_2300mm_beta_35cm/197MeV/19.189796520186388,34.26582948543954/
1.249295238095238	0.002952	0.007161	6.544e-08	0.2125	41660.0	/home/zhurh/new_frequency_realistic/stage1_2300mm_beta_35cm/197MeV/21.20298245719941,34.55744272505865/
1.213752380952381	0.002523	0.00865	5.611e-08	0.1873	40440.0	/home/zhurh/new_frequency_realistic/stage1_2300mm_beta_35cm/197MeV/21.155770627913313,32.11248416243954/
1.2617904761904761	0.002981	0.007332	6.872e-08	0.2188	42400.0	/home/zhurh/new_frequency_realistic/stage1_2300mm_beta_35cm/197MeV/21.834592651167668,34.141507651019985/
1.4434285714285715	0.00377	0.00724	1.164e-07	0.2274	43240.0	/home/zhurh/new_frequency_realistic/stage1_2300mm_beta_35cm/197MeV/23.381221831109265,32.50379758689335/
1.3008380952380953	0.003035	0.008555	7.897e-08	0.1641	23020.0	/home/zhurh/new_frequency_realistic/stage1_2300mm_beta_35cm/197MeV/19.926347528008122,31.575107888323032/
1.2424380952380953	0.002771	0.007935	6.364e-08	0.2029	42170.0	/home/zhurh/new_frequency_realistic/stage1_2300mm_beta_35cm/197MeV/21.43321661087178,33.22530033796604/
1.2432380952380953	0.002724	0.008328	6.385e-08	0.1988	43240.0	/home/zhurh/new_frequency_realistic/stage1_2300mm_beta_35cm/197MeV/22.26157108694568,31.52166719451391/
1.1917714285714287	0.00249	0.008002	5.034e-08	0.1777	34500.0	/home/zhurh/new_frequency_realistic/stage1_2300mm_beta_35cm/197MeV/19.06881257079509,34.910245636981905/
1.1957333333333333	0.002459	0.008232	5.138e-08	0.1961	39320.0	/home/zhurh/new_frequency_realistic/stage1_2300mm_beta_35cm/197MeV/20.105279922586618,34.89419087879489/
1.204952380952381	0.002511	0.008256	5.38e-08	0.1987	40500.0	/home/zhurh/new_frequency_realistic/stage1_2300mm_beta_35cm/197MeV/20.578812716843913,34.29907636160448/
1.2160761904761905	0.002586	0.008369	5.672e-08	0.1708	31220.0	/home/zhurh/new_frequency_realistic/stage1_2300mm_beta_35cm/197MeV/19.312462004401183,33.63358360108038/
1.4765714285714286	0.004002	0.006861	1.251e-07	0.2323	41750.0	/home/zhurh/new_frequency_realistic/stage1_2300mm_beta_35cm/197MeV/22.455310859163998,34.29907636160448/
1.3192761904761905	0.003133	0.007937	8.381e-08	0.2185	44760.0	/home/zhurh/new_frequency_realistic/stage1_2300mm_beta_35cm/197MeV/24.050202685392343,30.860739450409554/
1.2696761904761904	0.002965	0.007674	7.079e-08	0.2152	43640.0	/home/zhurh/new_frequency_realistic/stage1_2300mm_beta_35cm/197MeV/22.647956676975113,32.55635249338268/
1.2854095238095238	0.003091	0.007573	7.492e-08	0.159	19370.0	/home/zhurh/new_frequency_realistic/stage1_2300mm_beta_35cm/197MeV/18.52113367392588,33.84951211122153/
1.1988190476190477	0.002472	0.008399	5.219e-08	0.1822	37790.0	/home/zhurh/new_frequency_realistic/stage1_2300mm_beta_35cm/197MeV/20.134597369346707,33.37030700937638/
1.2220190476190476	0.00264	0.008071	5.828e-08	0.2013	41500.0	/home/zhurh/new_frequency_realistic/stage1_2300mm_beta_35cm/197MeV/21.048070108023563,33.72844827042217/
1.1909333333333334	0.002459	0.00805	5.012e-08	0.1863	37330.0	/home/zhurh/new_frequency_realistic/stage1_2300mm_beta_35cm/197MeV/19.57094464554328,34.85463323312893/
1.290895238095238	0.00303	0.008217	7.636e-08	0.162	21860.0	/home/zhurh/new_frequency_realistic/stage1_2300mm_beta_35cm/198MeV/19.481808675389804,32.00826118902294/
1.2891428571428571	0.002794	0.009601	7.59e-08	0.1756	32800.0	/home/zhurh/new_frequency_realistic/stage1_2300mm_beta_35cm/198MeV/22.347260191791563,28.49242296040717/
1.2517333333333334	0.002644	0.009403	6.608e-08	0.1897	42600.0	/home/zhurh/new_frequency_realistic/stage1_2300mm_beta_35cm/198MeV/23.150770775351063,28.974000035338058/
1.208	0.002511	0.00841	5.46e-08	0.1911	40970.0	/home/zhurh/new_frequency_realistic/stage1_2300mm_beta_35cm/198MeV/20.891208437303614,32.8002486157797/
1.253104761904762	0.002639	0.009571	6.644e-08	0.1809	38640.0	/home/zhurh/new_frequency_realistic/stage1_2300mm_beta_35cm/198MeV/21.88244938533521,29.97980193620848/
1.2208380952380953	0.002566	0.008571	5.797e-08	0.192	42180.0	/home/zhurh/new_frequency_realistic/stage1_2300mm_beta_35cm/198MeV/21.64141648490953,31.646511099782266/
1.2759619047619049	0.002938	0.007998	7.244e-08	0.2138	44780.0	/home/zhurh/new_frequency_realistic/stage1_2300mm_beta_35cm/198MeV/23.487417348299058,31.045548526941246/
1.269942857142857	0.002873	0.008339	7.086e-08	0.1989	44330.0	/home/zhurh/new_frequency_realistic/stage1_2300mm_beta_35cm/198MeV/23.285943084998205,29.79158657017644/
1.2968761904761905	0.00297	0.008749	7.793e-08	0.206	45730.0	/home/zhurh/new_frequency_realistic/stage1_2300mm_beta_35cm/198MeV/25.97291263885084,26.77974747079371/
1.382857142857143	0.00339	0.008379	1.005e-07	0.2227	46200.0	/home/zhurh/new_frequency_realistic/stage1_2300mm_beta_35cm/198MeV/27.59924250536303,26.605010109244507/
1.3003047619047619	0.002974	0.008692	7.883e-08	0.167	23170.0	/home/zhurh/new_frequency_realistic/stage1_2300mm_beta_35cm/198MeV/21.561940877467983,28.813838335650736/
1.2856	0.002861	0.008919	7.497e-08	0.1703	24520.0	/home/zhurh/new_frequency_realistic/stage1_2300mm_beta_35cm/198MeV/23.536630891315106,26.36869544947528/
1.2790857142857144	0.003014	0.007668	7.326e-08	0.206	44070.0	/home/zhurh/new_frequency_realistic/stage1_2300mm_beta_35cm/198MeV/22.531571431792823,31.646511099782266/
1.1909714285714286	0.002447	0.008193	5.013e-08	0.1845	38160.0	/home/zhurh/new_frequency_realistic/stage1_2300mm_beta_35cm/198MeV/19.788250597442016,34.05275987627283/
1.2706285714285714	0.002992	0.007549	7.104e-08	0.2088	43820.0	/home/zhurh/new_frequency_realistic/stage1_2300mm_beta_35cm/198MeV/22.2719114994247,32.312690355410716/
1.2053333333333334	0.00251	0.008292	5.39e-08	0.1903	40160.0	/home/zhurh/new_frequency_realistic/stage1_2300mm_beta_35cm/198MeV/20.460998692294076,33.461863915894334/
1.2980190476190476	0.003075	0.007761	7.823e-08	0.2186	44330.0	/home/zhurh/new_frequency_realistic/stage1_2300mm_beta_35cm/198MeV/23.19590790829661,31.881863521263877/
1.255695238095238	0.002957	0.00731	6.712e-08	0.218	42730.0	/home/zhurh/new_frequency_realistic/stage1_2300mm_beta_35cm/198MeV/21.813024000329676,33.923015924130866/
1.3018285714285716	0.003029	0.008346	7.923e-08	0.2061	45390.0	/home/zhurh/new_frequency_realistic/stage1_2300mm_beta_35cm/198MeV/24.290146004421327,29.129588441864126/
1.3391619047619048	0.00318	0.008394	8.903e-08	0.2191	46030.0	/home/zhurh/new_frequency_realistic/stage1_2300mm_beta_35cm/198MeV/26.43623725650393,27.67910943967901/
1.2495619047619049	0.002925	0.007493	6.551e-08	0.1598	20930.0	/home/zhurh/new_frequency_realistic/stage1_2300mm_beta_35cm/198MeV/18.101075203744003,34.61905517668784/
1.2581714285714285	0.002883	0.008049	6.777e-08	0.1624	23910.0	/home/zhurh/new_frequency_realistic/stage1_2300mm_beta_35cm/198MeV/18.775595561377905,33.51299901204951/
1.1922666666666668	0.002456	0.008107	5.047e-08	0.192	38950.0	/home/zhurh/new_frequency_realistic/stage1_2300mm_beta_35cm/198MeV/19.791848530382275,34.82865817783816/
1.2511999999999999	0.00266	0.009308	6.594e-08	0.1762	35680.0	/home/zhurh/new_frequency_realistic/stage1_2300mm_beta_35cm/198MeV/21.034966342296453,30.83737828809988/
1.2550095238095238	0.002978	0.00717	6.694e-08	0.2187	42230.0	/home/zhurh/new_frequency_realistic/stage1_2300mm_beta_35cm/198MeV/21.49475074004237,34.51187701390462/
1.2580952380952382	0.002809	0.008276	6.775e-08	0.1989	43810.0	/home/zhurh/new_frequency_realistic/stage1_2300mm_beta_35cm/198MeV/22.510229158134628,30.965324786126445/
1.2129904761904762	0.002618	0.007868	5.591e-08	0.2031	40860.0	/home/zhurh/new_frequency_realistic/stage1_2300mm_beta_35cm/198MeV/20.45476351077422,34.741031774766334/
1.2388190476190477	0.002768	0.007847	6.269e-08	0.2027	42300.0	/home/zhurh/new_frequency_realistic/stage1_2300mm_beta_35cm/198MeV/21.236481864990516,33.338720082131154/
1.2139809523809524	0.002558	0.008554	5.617e-08	0.1753	34950.0	/home/zhurh/new_frequency_realistic/stage1_2300mm_beta_35cm/198MeV/19.592365819261662,33.40503548437047/
1.2908190476190478	0.002993	0.00804	7.634e-08	0.2159	45090.0	/home/zhurh/new_frequency_realistic/stage1_2300mm_beta_35cm/198MeV/23.99150677445612,30.545713914065708/
1.2100190476190475	0.002559	0.008344	5.513e-08	0.1733	33420.0	/home/zhurh/new_frequency_realistic/stage1_2300mm_beta_35cm/198MeV/19.145134457090712,34.051223636010995/
1.2878857142857143	0.003081	0.007438	7.557e-08	0.2203	43140.0	/home/zhurh/new_frequency_realistic/stage1_2300mm_beta_35cm/198MeV/22.347260191791563,33.30322035778421/
1.2143238095238096	0.002519	0.008769	5.626e-08	0.1833	39540.0	/home/zhurh/new_frequency_realistic/stage1_2300mm_beta_35cm/198MeV/20.921770111025985,31.882080055484806/
1.2536	0.002946	0.007297	6.657e-08	0.2091	42400.0	/home/zhurh/new_frequency_realistic/stage1_2300mm_beta_35cm/198MeV/21.28394420237548,33.9063755659152/
1.649904761904762	0.004587	0.006827	1.706e-07	0.2339	43160.0	/home/zhurh/new_frequency_realistic/stage1_2300mm_beta_35cm/198MeV/23.589085052587414,32.48700698840846/
1.2908190476190478	0.002902	0.008832	7.634e-08	0.169	24100.0	/home/zhurh/new_frequency_realistic/stage1_2300mm_beta_35cm/198MeV/22.458219632767694,27.673462308089647/
1.2033142857142858	0.002502	0.008246	5.337e-08	0.1971	40600.0	/home/zhurh/new_frequency_realistic/stage1_2300mm_beta_35cm/198MeV/20.434496716741272,34.18213107869952/
1.4182857142857144	0.003762	0.006935	1.098e-07	0.2297	42150.0	/home/zhurh/new_frequency_realistic/stage1_2300mm_beta_35cm/198MeV/22.347260191791563,34.08637651454431/
1.420952380952381	0.003733	0.007112	1.105e-07	0.2278	42980.0	/home/zhurh/new_frequency_realistic/stage1_2300mm_beta_35cm/198MeV/22.89645448122107,33.08185914959014/
1.2874285714285714	0.00288	0.009005	7.545e-08	0.2075	45860.0	/home/zhurh/new_frequency_realistic/stage1_2300mm_beta_35cm/198MeV/27.105961187646834,25.51244457113294/
1.2341333333333333	0.002631	0.008811	6.146e-08	0.1709	31720.0	/home/zhurh/new_frequency_realistic/stage1_2300mm_beta_35cm/198MeV/20.132108142029587,31.831659801139864/
1.2109333333333334	0.002526	0.008603	5.537e-08	0.18	37690.0	/home/zhurh/new_frequency_realistic/stage1_2300mm_beta_35cm/198MeV/20.170899317165187,32.855516578343966/
1.259695238095238	0.002977	0.007313	6.817e-08	0.2103	43160.0	/home/zhurh/new_frequency_realistic/stage1_2300mm_beta_35cm/198MeV/21.82979456807302,33.136742501406204/
1.2210666666666667	0.002593	0.008609	5.803e-08	0.175	35160.0	/home/zhurh/new_frequency_realistic/stage1_2300mm_beta_35cm/199MeV/19.555594358975345,33.210330687416445/
1.2505904761904763	0.002928	0.007339	6.578e-08	0.2164	42950.0	/home/zhurh/new_frequency_realistic/stage1_2300mm_beta_35cm/199MeV/21.71595742966288,33.749136570669116/
1.2829333333333333	0.002774	0.009556	7.427e-08	0.1763	33910.0	/home/zhurh/new_frequency_realistic/stage1_2300mm_beta_35cm/199MeV/22.58591844145504,28.048212628360538/
1.6281904761904764	0.004436	0.007151	1.649e-07	0.2291	45050.0	/home/zhurh/new_frequency_realistic/stage1_2300mm_beta_35cm/199MeV/25.63658878496324,29.295530383237104/
1.3098666666666667	0.002784	0.01045	8.134e-08	0.1919	42340.0	/home/zhurh/new_frequency_realistic/stage1_2300mm_beta_35cm/199MeV/25.407311871992942,25.855278036983/
1.3009904761904763	0.002944	0.008957	7.901e-08	0.2161	46440.0	/home/zhurh/new_frequency_realistic/stage1_2300mm_beta_35cm/199MeV/26.895841777204126,26.65756599625013/
1.3130666666666668	0.003061	0.008382	8.218e-08	0.2171	45960.0	/home/zhurh/new_frequency_realistic/stage1_2300mm_beta_35cm/199MeV/25.803601539070137,28.122002612091404/
1.3107428571428572	0.002931	0.009438	8.157e-08	0.2008	45100.0	/home/zhurh/new_frequency_realistic/stage1_2300mm_beta_35cm/199MeV/26.835388357164874,25.0049170183078/
1.276152380952381	0.002961	0.007838	7.249e-08	0.2154	44660.0	/home/zhurh/new_frequency_realistic/stage1_2300mm_beta_35cm/199MeV/23.283598290097753,31.308723173359706/
1.2905904761904763	0.002979	0.008343	7.628e-08	0.2006	45050.0	/home/zhurh/new_frequency_realistic/stage1_2300mm_beta_35cm/199MeV/23.881026246131217,28.928525194401395/
1.2876571428571428	0.002905	0.008863	7.551e-08	0.1662	27110.0	/home/zhurh/new_frequency_realistic/stage1_2300mm_beta_35cm/199MeV/20.081698932126983,31.17034113649089/
1.2043809523809523	0.002543	0.008168	5.365e-08	0.1719	32520.0	/home/zhurh/new_frequency_realistic/stage1_2300mm_beta_35cm/199MeV/18.728830195863633,34.49812769664004/
1.3108952380952381	0.003004	0.008777	8.161e-08	0.1665	23460.0	/home/zhurh/new_frequency_realistic/stage1_2300mm_beta_35cm/199MeV/21.657612642148045,28.476615827374204/
1.218247619047619	0.002668	0.007766	5.729e-08	0.2026	41630.0	/home/zhurh/new_frequency_realistic/stage1_2300mm_beta_35cm/199MeV/20.607249854117597,34.21424069436173/
1.2363809523809524	0.002715	0.008092	6.205e-08	0.1988	42860.0	/home/zhurh/new_frequency_realistic/stage1_2300mm_beta_35cm/199MeV/21.50528216524013,32.33298468806139/
1.2740190476190476	0.002953	0.007856	7.193e-08	0.2022	44120.0	/home/zhurh/new_frequency_realistic/stage1_2300mm_beta_35cm/199MeV/22.37435081589351,31.308723173359706/
1.4426666666666668	0.003768	0.007251	1.162e-07	0.2252	44340.0	/home/zhurh/new_frequency_realistic/stage1_2300mm_beta_35cm/199MeV/24.25505532848234,30.780638009358533/
1.2956571428571428	0.003	0.008422	7.761e-08	0.2029	45370.0	/home/zhurh/new_frequency_realistic/stage1_2300mm_beta_35cm/199MeV/24.390511393087085,28.476615827374204/
1.2731809523809523	0.002918	0.008151	7.171e-08	0.2097	45370.0	/home/zhurh/new_frequency_realistic/stage1_2300mm_beta_35cm/199MeV/23.828306867113405,29.997136608445928/
1.2771428571428571	0.002721	0.009799	7.275e-08	0.1818	37320.0	/home/zhurh/new_frequency_realistic/stage1_2300mm_beta_35cm/199MeV/23.549861043166917,27.256268268791814/
1.2769142857142857	0.002947	0.008222	7.269e-08	0.1629	24420.0	/home/zhurh/new_frequency_realistic/stage1_2300mm_beta_35cm/199MeV/18.993075613147766,32.867907704219746/
1.1929904761904762	0.002464	0.008083	5.066e-08	0.194	39600.0	/home/zhurh/new_frequency_realistic/stage1_2300mm_beta_35cm/199MeV/19.84451494910199,34.74472300990419/
1.242552380952381	0.002637	0.009007	6.367e-08	0.1894	42660.0	/home/zhurh/new_frequency_realistic/stage1_2300mm_beta_35cm/199MeV/22.39670527949369,29.960870794704018/
1.2512761904761904	0.002928	0.007379	6.596e-08	0.2141	43310.0	/home/zhurh/new_frequency_realistic/stage1_2300mm_beta_35cm/199MeV/21.91509244854357,33.210330687416445/
1.2247619047619047	0.002576	0.008697	5.9e-08	0.1885	41930.0	/home/zhurh/new_frequency_realistic/stage1_2300mm_beta_35cm/199MeV/21.4889851048495,31.308723173359706/
1.2863238095238096	0.002992	0.008045	7.516e-08	0.2018	44710.0	/home/zhurh/new_frequency_realistic/stage1_2300mm_beta_35cm/199MeV/23.082971634698094,30.217033975806682/
1.3348190476190478	0.00324	0.007743	8.789e-08	0.2196	45090.0	/home/zhurh/new_frequency_realistic/stage1_2300mm_beta_35cm/199MeV/24.503485409662897,30.002350640537152/
1.4041904761904762	0.003515	0.008189	1.061e-07	0.2233	46260.0	/home/zhurh/new_frequency_realistic/stage1_2300mm_beta_35cm/199MeV/27.51074191723725,26.621302743327256/
1.2203428571428572	0.002651	0.00795	5.784e-08	0.2001	41950.0	/home/zhurh/new_frequency_realistic/stage1_2300mm_beta_35cm/199MeV/20.85234831968846,33.55409975298721/
1.288	0.002874	0.00908	7.56e-08	0.1983	44950.0	/home/zhurh/new_frequency_realistic/stage1_2300mm_beta_35cm/199MeV/25.327354595005,26.621302743327256/
1.2552380952380953	0.002845	0.008166	6.7e-08	0.1636	25720.0	/home/zhurh/new_frequency_realistic/stage1_2300mm_beta_35cm/199MeV/18.747525366456248,33.46077687776459/
1.3866666666666667	0.003664	0.006825	1.015e-07	0.2288	42050.0	/home/zhurh/new_frequency_realistic/stage1_2300mm_beta_35cm/199MeV/22.081945297599287,34.28697836798011/
1.2514666666666667	0.002642	0.009474	6.601e-08	0.1779	37360.0	/home/zhurh/new_frequency_realistic/stage1_2300mm_beta_35cm/199MeV/21.28294966093226,30.444138469924034/
1.2007619047619047	0.002488	0.008262	5.27e-08	0.1911	40390.0	/home/zhurh/new_frequency_realistic/stage1_2300mm_beta_35cm/199MeV/20.284893983225835,33.642091559369945/
1.1975619047619048	0.002488	0.008135	5.186e-08	0.1882	39010.0	/home/zhurh/new_frequency_realistic/stage1_2300mm_beta_35cm/199MeV/19.798002078968594,34.21424069436173/
1.6841904761904762	0.004699	0.006821	1.796e-07	0.2331	43650.0	/home/zhurh/new_frequency_realistic/stage1_2300mm_beta_35cm/199MeV/24.052374743175303,31.60972633596544/
1.273942857142857	0.003008	0.00756	7.191e-08	0.2058	43960.0	/home/zhurh/new_frequency_realistic/stage1_2300mm_beta_35cm/199MeV/22.221581016862856,31.900891753655173/
1.254704761904762	0.002738	0.00872	6.686e-08	0.1944	43910.0	/home/zhurh/new_frequency_realistic/stage1_2300mm_beta_35cm/199MeV/22.95113594849365,29.640159459093624/
1.3363809523809524	0.003343	0.007256	8.83e-08	0.2239	43100.0	/home/zhurh/new_frequency_realistic/stage1_2300mm_beta_35cm/199MeV/22.462357103171147,33.260715867048134/
1.2682666666666667	0.002694	0.009743	7.042e-08	0.1806	38250.0	/home/zhurh/new_frequency_realistic/stage1_2300mm_beta_35cm/199MeV/22.440264316245806,28.838614154695605/
1.3086857142857142	0.002974	0.0091	8.103e-08	0.1668	26010.0	/home/zhurh/new_frequency_realistic/stage1_2300mm_beta_35cm/199MeV/20.71107482978952,30.054094865993353/
1.235847619047619	0.002638	0.008805	6.191e-08	0.1704	32020.0	/home/zhurh/new_frequency_realistic/stage1_2300mm_beta_35cm/199MeV/19.920280951019837,31.97642122227814/
1.2390857142857143	0.002912	0.007085	6.276e-08	0.217	42040.0	/home/zhurh/new_frequency_realistic/stage1_2300mm_beta_35cm/199MeV/21.089946696641853,34.85999247301888/
1.2120761904761905	0.002532	0.008408	5.567e-08	0.1918	41330.0	/home/zhurh/new_frequency_realistic/stage1_2300mm_beta_35cm/199MeV/20.757937787513445,32.89770108477629/
1.2165333333333335	0.002554	0.008626	5.684e-08	0.1795	37920.0	/home/zhurh/new_frequency_realistic/stage1_2300mm_beta_35cm/199MeV/20.1398839028322,32.64647035574956/
1.2488380952380953	0.00293	0.007261	6.532e-08	0.218	42650.0	/home/zhurh/new_frequency_realistic/stage1_2300mm_beta_35cm/199MeV/21.504682324371082,34.254596571306266/
1.2744380952380951	0.00302	0.007495	7.204e-08	0.2184	43710.0	/home/zhurh/new_frequency_realistic/stage1_2300mm_beta_35cm/199MeV/22.572720316756108,32.62107467736533/
1.2605333333333335	0.002714	0.00926	6.839e-08	0.1729	33830.0	/home/zhurh/new_frequency_realistic/stage1_2300mm_beta_35cm/200MeV/20.920440675284603,30.259173261844015/
1.3152761904761905	0.002906	0.009566	8.276e-08	0.172	29050.0	/home/zhurh/new_frequency_realistic/stage1_2300mm_beta_35cm/200MeV/22.51206656491765,27.53745459693821/
1.2222857142857144	0.002584	0.008678	5.835e-08	0.1764	36340.0	/home/zhurh/new_frequency_realistic/stage1_2300mm_beta_35cm/200MeV/19.572772704754378,33.13309492736664/
1.2361904761904763	0.002902	0.007037	6.2e-08	0.21	41660.0	/home/zhurh/new_frequency_realistic/stage1_2300mm_beta_35cm/200MeV/20.521259161262485,34.94536397203518/
1.3259809523809525	0.002898	0.009919	8.557e-08	0.1758	30880.0	/home/zhurh/new_frequency_realistic/stage1_2300mm_beta_35cm/200MeV/25.470963166438015,24.357579778885583/
1.2659047619047619	0.002693	0.009607	6.98e-08	0.1785	37860.0	/home/zhurh/new_frequency_realistic/stage1_2300mm_beta_35cm/200MeV/21.653248014503085,29.706909096979423/
1.2832000000000001	0.002731	0.009875	7.434e-08	0.182	37110.0	/home/zhurh/new_frequency_realistic/stage1_2300mm_beta_35cm/200MeV/24.40018685285466,26.013910190309137/
1.2744	0.002985	0.007657	7.203e-08	0.2165	44420.0	/home/zhurh/new_frequency_realistic/stage1_2300mm_beta_35cm/200MeV/23.065731257869125,31.54469327488382/
1.2360761904761906	0.002666	0.008478	6.197e-08	0.1939	43450.0	/home/zhurh/new_frequency_realistic/stage1_2300mm_beta_35cm/200MeV/21.998345857716963,30.870496858731784/
1.2777904761904761	0.002943	0.008124	7.292e-08	0.2071	45440.0	/home/zhurh/new_frequency_realistic/stage1_2300mm_beta_35cm/200MeV/23.74473399928532,29.660682914116002/
1.307047619047619	0.003027	0.008677	8.06e-08	0.1639	25450.0	/home/zhurh/new_frequency_realistic/stage1_2300mm_beta_35cm/200MeV/19.714408763490514,31.39258774438799/
1.259695238095238	0.00281	0.008534	6.817e-08	0.1659	28050.0	/home/zhurh/new_frequency_realistic/stage1_2300mm_beta_35cm/200MeV/19.406388682261,32.20096000140998/
1.3087619047619048	0.003194	0.00737	8.105e-08	0.2208	43700.0	/home/zhurh/new_frequency_realistic/stage1_2300mm_beta_35cm/200MeV/22.753914733638553,32.38200723032645/
1.251847619047619	0.00294	0.007322	6.611e-08	0.2158	43140.0	/home/zhurh/new_frequency_realistic/stage1_2300mm_beta_35cm/200MeV/21.653248014503085,33.6192175048411/
1.3057904761904762	0.003275	0.006958	8.027e-08	0.2248	42080.0	/home/zhurh/new_frequency_realistic/stage1_2300mm_beta_35cm/200MeV/21.636129640263974,34.501606244575385/
1.4133333333333333	0.003689	0.007132	1.085e-07	0.2247	44090.0	/home/zhurh/new_frequency_realistic/stage1_2300mm_beta_35cm/200MeV/23.843624046497233,31.13089006376486/
1.4434285714285715	0.0039	0.006774	1.164e-07	0.2287	42840.0	/home/zhurh/new_frequency_realistic/stage1_2300mm_beta_35cm/200MeV/22.786714091703413,32.97125938398159/
1.2533333333333334	0.00266	0.009285	6.65e-08	0.1875	42530.0	/home/zhurh/new_frequency_realistic/stage1_2300mm_beta_35cm/200MeV/22.371906617381914,29.5857338979341/
1.278704761904762	0.002988	0.007872	7.316e-08	0.2055	45080.0	/home/zhurh/new_frequency_realistic/stage1_2300mm_beta_35cm/200MeV/23.196446089068193,30.259173261844015/
1.283542857142857	0.002746	0.009819	7.443e-08	0.1904	43030.0	/home/zhurh/new_frequency_realistic/stage1_2300mm_beta_35cm/200MeV/24.087952220102906,27.315942828726264/
1.2978285714285716	0.002972	0.00878	7.818e-08	0.1653	25220.0	/home/zhurh/new_frequency_realistic/stage1_2300mm_beta_35cm/200MeV/20.399788714269878,30.259173261844015/
1.2590476190476192	0.002729	0.009045	6.8e-08	0.1695	31220.0	/home/zhurh/new_frequency_realistic/stage1_2300mm_beta_35cm/200MeV/20.32563735384529,30.908701292824652/
1.1993142857142858	0.002514	0.008165	5.232e-08	0.1774	36050.0	/home/zhurh/new_frequency_realistic/stage1_2300mm_beta_35cm/200MeV/19.114341041505885,34.12853833340871/
1.2006857142857144	0.002491	0.008246	5.268e-08	0.1902	40170.0	/home/zhurh/new_frequency_realistic/stage1_2300mm_beta_35cm/200MeV/20.013313695557283,33.83215387581461/
1.1936761904761906	0.0025	0.008028	5.084e-08	0.1768	34980.0	/home/zhurh/new_frequency_realistic/stage1_2300mm_beta_35cm/200MeV/18.721910135591898,34.82928746079178/
1.2284190476190477	0.002631	0.008401	5.996e-08	0.1938	42950.0	/home/zhurh/new_frequency_realistic/stage1_2300mm_beta_35cm/200MeV/21.50456218116459,31.6575741207582/
1.2267809523809523	0.002575	0.008884	5.953e-08	0.1818	39680.0	/home/zhurh/new_frequency_realistic/stage1_2300mm_beta_35cm/200MeV/20.723956578131656,31.6575741207582/
1.2134095238095237	0.002545	0.008442	5.602e-08	0.1858	40110.0	/home/zhurh/new_frequency_realistic/stage1_2300mm_beta_35cm/200MeV/20.245989024856634,32.93040536545267/
1.2264380952380953	0.002697	0.007857	5.944e-08	0.2002	42360.0	/home/zhurh/new_frequency_realistic/stage1_2300mm_beta_35cm/200MeV/20.89310535097998,33.28778745254717/
1.2378285714285715	0.002875	0.007198	6.243e-08	0.207	42190.0	/home/zhurh/new_frequency_realistic/stage1_2300mm_beta_35cm/200MeV/20.833124984960907,34.091161492633674/
1.2607619047619048	0.00292	0.007904	6.845e-08	0.1618	23940.0	/home/zhurh/new_frequency_realistic/stage1_2300mm_beta_35cm/200MeV/18.589949181479206,33.34318344621224/
1.2178285714285715	0.002618	0.00819	5.718e-08	0.1683	30300.0	/home/zhurh/new_frequency_realistic/stage1_2300mm_beta_35cm/200MeV/18.609941429931155,34.06699963315595/
1.1948571428571428	0.002469	0.008137	5.115e-08	0.1928	39960.0	/home/zhurh/new_frequency_realistic/stage1_2300mm_beta_35cm/200MeV/19.81387260810903,34.46775489417521/
1.194742857142857	0.002473	0.008132	5.112e-08	0.1849	37900.0	/home/zhurh/new_frequency_realistic/stage1_2300mm_beta_35cm/200MeV/19.239686521249606,34.68182855718192/
1.566095238095238	0.004475	0.006401	1.486e-07	0.2356	41500.0	/home/zhurh/new_frequency_realistic/stage1_2300mm_beta_35cm/200MeV/22.35160544545921,34.2025843579772/
1.2422095238095239	0.002935	0.00705	6.358e-08	0.2194	41990.0	/home/zhurh/new_frequency_realistic/stage1_2300mm_beta_35cm/200MeV/21.135967130095793,34.856500705569566/
1.2304380952380953	0.002668	0.008194	6.049e-08	0.1969	42900.0	/home/zhurh/new_frequency_realistic/stage1_2300mm_beta_35cm/200MeV/21.283129374851534,32.32224937556438/
1.2544	0.002951	0.007298	6.678e-08	0.2068	43270.0	/home/zhurh/new_frequency_realistic/stage1_2300mm_beta_35cm/200MeV/21.558035803748425,32.85729530181452/
1.2631619047619047	0.002977	0.007446	6.908e-08	0.2066	43870.0	/home/zhurh/new_frequency_realistic/stage1_2300mm_beta_35cm/200MeV/21.975852581454223,32.17937536194943/
1.2535619047619049	0.002892	0.007672	6.656e-08	0.2094	44630.0	/home/zhurh/new_frequency_realistic/stage1_2300mm_beta_35cm/201MeV/22.850066432804052,31.00140510956217/
1.6137142857142859	0.004494	0.006845	1.611e-07	0.2289	44590.0	/home/zhurh/new_frequency_realistic/stage1_2300mm_beta_35cm/201MeV/25.099466409977225,29.60960336827077/
1.665904761904762	0.00461	0.007259	1.748e-07	0.2297	45960.0	/home/zhurh/new_frequency_realistic/stage1_2300mm_beta_35cm/201MeV/27.132144264898734,27.25294015265987/
1.2963809523809524	0.002781	0.01003	7.78e-08	0.1849	38530.0	/home/zhurh/new_frequency_realistic/stage1_2300mm_beta_35cm/201MeV/26.5105344264062,23.845911906466114/
1.3016761904761904	0.00284	0.009724	7.919e-08	0.1935	44050.0	/home/zhurh/new_frequency_realistic/stage1_2300mm_beta_35cm/201MeV/24.96111684634102,26.308433101501343/
1.2880761904761906	0.00282	0.009437	7.562e-08	0.2092	46310.0	/home/zhurh/new_frequency_realistic/stage1_2300mm_beta_35cm/201MeV/27.448370327617344,24.95242076248339/
1.2135238095238097	0.002598	0.008145	5.605e-08	0.1693	31020.0	/home/zhurh/new_frequency_realistic/stage1_2300mm_beta_35cm/201MeV/18.372065173307828,34.46893394272839/
1.2414857142857143	0.002702	0.008417	6.339e-08	0.1942	43660.0	/home/zhurh/new_frequency_realistic/stage1_2300mm_beta_35cm/201MeV/21.90918788444061,30.85323439543957/
1.3296000000000001	0.003315	0.007277	8.652e-08	0.2215	43980.0	/home/zhurh/new_frequency_realistic/stage1_2300mm_beta_35cm/201MeV/23.255600564188345,31.552190369091036/
1.2750857142857144	0.002711	0.00981	7.221e-08	0.1815	38430.0	/home/zhurh/new_frequency_realistic/stage1_2300mm_beta_35cm/201MeV/23.22873667801469,27.398270375858537/
1.2428571428571429	0.002676	0.008783	6.375e-08	0.1691	31710.0	/home/zhurh/new_frequency_realistic/stage1_2300mm_beta_35cm/201MeV/19.56414141323448,32.08205969711197/
1.1971809523809525	0.002495	0.008051	5.176e-08	0.195	40250.0	/home/zhurh/new_frequency_realistic/stage1_2300mm_beta_35cm/201MeV/19.729255152794998,34.662469828585515/
1.2927619047619048	0.002951	0.008647	7.685e-08	0.1985	45160.0	/home/zhurh/new_frequency_realistic/stage1_2300mm_beta_35cm/201MeV/24.57009020579811,27.389731484619347/
1.278247619047619	0.002894	0.008495	7.304e-08	0.2083	45880.0	/home/zhurh/new_frequency_realistic/stage1_2300mm_beta_35cm/201MeV/24.61025845576727,28.44436608943522/
1.595047619047619	0.004496	0.00661	1.562e-07	0.2304	43600.0	/home/zhurh/new_frequency_realistic/stage1_2300mm_beta_35cm/201MeV/24.018011505764356,31.14367145941251/
1.2761142857142858	0.002754	0.009416	7.248e-08	0.1907	43680.0	/home/zhurh/new_frequency_realistic/stage1_2300mm_beta_35cm/201MeV/23.46814719133518,28.102102159052787/
1.2379047619047618	0.002925	0.006992	6.245e-08	0.2122	41980.0	/home/zhurh/new_frequency_realistic/stage1_2300mm_beta_35cm/201MeV/20.700631356726536,34.67461311470984/
1.2593904761904762	0.003027	0.007014	6.809e-08	0.2212	42020.0	/home/zhurh/new_frequency_realistic/stage1_2300mm_beta_35cm/201MeV/21.284508622302877,34.60492816069141/
1.2776380952380952	0.002992	0.007828	7.288e-08	0.2027	44790.0	/home/zhurh/new_frequency_realistic/stage1_2300mm_beta_35cm/201MeV/22.854961453246723,30.274921989445556/
1.2738285714285715	0.002862	0.008527	7.188e-08	0.1959	44550.0	/home/zhurh/new_frequency_realistic/stage1_2300mm_beta_35cm/201MeV/23.235901514508477,29.009986336677674/
1.2858285714285715	0.002966	0.008344	7.503e-08	0.1629	25470.0	/home/zhurh/new_frequency_realistic/stage1_2300mm_beta_35cm/201MeV/18.971703510185737,32.48542706579912/
1.312609523809524	0.002958	0.009245	8.206e-08	0.1691	28110.0	/home/zhurh/new_frequency_realistic/stage1_2300mm_beta_35cm/201MeV/21.573443344351723,28.51412621329836/
1.2111238095238095	0.002542	0.008318	5.542e-08	0.1886	41080.0	/home/zhurh/new_frequency_realistic/stage1_2300mm_beta_35cm/201MeV/20.406334651369125,32.759732704132354/
1.2237714285714285	0.002583	0.008597	5.874e-08	0.1897	42380.0	/home/zhurh/new_frequency_realistic/stage1_2300mm_beta_35cm/201MeV/21.188093959414054,31.552190369091036/
1.2763428571428572	0.003064	0.007256	7.254e-08	0.2199	43150.0	/home/zhurh/new_frequency_realistic/stage1_2300mm_beta_35cm/201MeV/21.964297147495298,33.35320452673909/
1.2581714285714285	0.002653	0.009564	6.777e-08	0.1824	40560.0	/home/zhurh/new_frequency_realistic/stage1_2300mm_beta_35cm/201MeV/21.840423954063876,29.664133348378673/
1.2386666666666666	0.002629	0.008899	6.265e-08	0.186	41770.0	/home/zhurh/new_frequency_realistic/stage1_2300mm_beta_35cm/201MeV/21.359307707331123,30.85323439543957/
1.2479619047619048	0.002639	0.00931	6.509e-08	0.1785	38400.0	/home/zhurh/new_frequency_realistic/stage1_2300mm_beta_35cm/201MeV/20.792699240771782,30.96792982255771/
1.6853333333333333	0.004874	0.006354	1.799e-07	0.2349	42690.0	/home/zhurh/new_frequency_realistic/stage1_2300mm_beta_35cm/201MeV/23.304620321316115,32.48927005378334/
1.2008	0.002508	0.00817	5.271e-08	0.1874	39570.0	/home/zhurh/new_frequency_realistic/stage1_2300mm_beta_35cm/201MeV/19.709935371853703,33.875353514775426/
1.2252952380952382	0.002623	0.008526	5.914e-08	0.1721	33500.0	/home/zhurh/new_frequency_realistic/stage1_2300mm_beta_35cm/201MeV/19.00705723107943,33.49637902173994/
1.2555809523809525	0.002723	0.009	6.709e-08	0.1695	31640.0	/home/zhurh/new_frequency_realistic/stage1_2300mm_beta_35cm/201MeV/20.165776314856373,31.00140510956217/
1.1921142857142857	0.002469	0.008042	5.043e-08	0.1873	38350.0	/home/zhurh/new_frequency_realistic/stage1_2300mm_beta_35cm/201MeV/19.17768975840625,34.86158493950618/
1.4518095238095239	0.004073	0.006279	1.186e-07	0.232	41170.0	/home/zhurh/new_frequency_realistic/stage1_2300mm_beta_35cm/201MeV/21.90918788444061,34.497260516881255/
1.540952380952381	0.004409	0.006278	1.42e-07	0.2336	41710.0	/home/zhurh/new_frequency_realistic/stage1_2300mm_beta_35cm/201MeV/22.52666003296241,33.58886047230851/
1.2405714285714287	0.002905	0.00719	6.315e-08	0.2142	42580.0	/home/zhurh/new_frequency_realistic/stage1_2300mm_beta_35cm/201MeV/21.174919771403708,34.071038943407515/
1.258247619047619	0.002666	0.00951	6.779e-08	0.1787	38430.0	/home/zhurh/new_frequency_realistic/stage1_2300mm_beta_35cm/201MeV/21.212662975726555,30.27089026329349/
1.2536380952380952	0.002949	0.007347	6.658e-08	0.2079	43940.0	/home/zhurh/new_frequency_realistic/stage1_2300mm_beta_35cm/201MeV/21.964297147495298,32.16889701959644/
1.2463238095238096	0.002944	0.00714	6.466e-08	0.2088	42900.0	/home/zhurh/new_frequency_realistic/stage1_2300mm_beta_35cm/201MeV/21.188093959414054,33.49637902173994/
1.2998476190476191	0.002924	0.009073	7.871e-08	0.2154	46500.0	/home/zhurh/new_frequency_realistic/stage1_2300mm_beta_35cm/201MeV/26.918641833119093,26.263013459967425/
1.2444190476190475	0.002876	0.007418	6.416e-08	0.2036	43030.0	/home/zhurh/new_frequency_realistic/stage1_2300mm_beta_35cm/201MeV/21.188093959414054,32.95134341012877/
1.2090666666666667	0.002603	0.007834	5.488e-08	0.1987	41480.0	/home/zhurh/new_frequency_realistic/stage1_2300mm_beta_35cm/201MeV/20.340119033252254,33.92562704802603/
1.270552380952381	0.002905	0.008208	7.102e-08	0.1626	25370.0	/home/zhurh/new_frequency_realistic/stage1_2300mm_beta_35cm/202MeV/18.85872501237324,32.45801167899627/
1.3176	0.002952	0.00938	8.337e-08	0.1708	28480.0	/home/zhurh/new_frequency_realistic/stage1_2300mm_beta_35cm/202MeV/23.012778029692274,26.46356470278895/
1.2410285714285714	0.002926	0.007098	6.327e-08	0.211	42870.0	/home/zhurh/new_frequency_realistic/stage1_2300mm_beta_35cm/202MeV/21.280242097599025,33.39090584619395/
1.2676952380952382	0.002772	0.009074	7.027e-08	0.1699	32280.0	/home/zhurh/new_frequency_realistic/stage1_2300mm_beta_35cm/202MeV/20.295371996945025,30.615193591870636/
1.2489904761904762	0.002819	0.007913	6.536e-08	0.1981	43670.0	/home/zhurh/new_frequency_realistic/stage1_2300mm_beta_35cm/202MeV/21.6688660537865,31.423953076809138/
1.376609523809524	0.003497	0.007434	9.886e-08	0.2211	45100.0	/home/zhurh/new_frequency_realistic/stage1_2300mm_beta_35cm/202MeV/25.150032660797876,28.797372265023355/
1.2811428571428571	0.002729	0.009905	7.38e-08	0.1808	39180.0	/home/zhurh/new_frequency_realistic/stage1_2300mm_beta_35cm/202MeV/22.533366444723093,28.226068570583994/
1.3079619047619047	0.00281	0.01019	8.084e-08	0.1895	41440.0	/home/zhurh/new_frequency_realistic/stage1_2300mm_beta_35cm/202MeV/26.50473852716278,24.088086089842164/
1.292304761904762	0.002754	0.01006	7.673e-08	0.1867	40470.0	/home/zhurh/new_frequency_realistic/stage1_2300mm_beta_35cm/202MeV/25.026482734114907,25.438889516937593/
1.3024380952380952	0.002813	0.01006	7.939e-08	0.1862	39760.0	/home/zhurh/new_frequency_realistic/stage1_2300mm_beta_35cm/202MeV/27.264063503632812,23.1566562862188/
1.1927238095238095	0.002497	0.007852	5.059e-08	0.1952	39910.0	/home/zhurh/new_frequency_realistic/stage1_2300mm_beta_35cm/202MeV/19.562369924962155,34.793826139465324/
1.2375238095238095	0.002632	0.008954	6.235e-08	0.1771	37540.0	/home/zhurh/new_frequency_realistic/stage1_2300mm_beta_35cm/202MeV/19.960243117027115,32.06131010782032/
1.3202666666666667	0.002884	0.009907	8.407e-08	0.1748	31760.0	/home/zhurh/new_frequency_realistic/stage1_2300mm_beta_35cm/202MeV/24.35920087673528,25.18480795638557/
1.915047619047619	0.005565	0.006299	2.402e-07	0.238	43060.0	/home/zhurh/new_frequency_realistic/stage1_2300mm_beta_35cm/202MeV/23.822614465727877,31.798820132925222/
1.2770285714285714	0.00273	0.009643	7.272e-08	0.1854	41980.0	/home/zhurh/new_frequency_realistic/stage1_2300mm_beta_35cm/202MeV/22.492294609485214,28.797372265023355/
1.2696380952380952	0.002902	0.008188	7.078e-08	0.207	45560.0	/home/zhurh/new_frequency_realistic/stage1_2300mm_beta_35cm/202MeV/23.9704299745362,28.99356375773535/
1.3024761904761906	0.003004	0.008602	7.94e-08	0.2018	45590.0	/home/zhurh/new_frequency_realistic/stage1_2300mm_beta_35cm/202MeV/24.43813651486772,27.775875558277853/
1.385904761904762	0.003542	0.007455	1.013e-07	0.222	45330.0	/home/zhurh/new_frequency_realistic/stage1_2300mm_beta_35cm/202MeV/25.822806318690745,28.021133094189135/
1.2203428571428572	0.002581	0.008502	5.784e-08	0.1857	41040.0	/home/zhurh/new_frequency_realistic/stage1_2300mm_beta_35cm/202MeV/20.517339979005083,32.033846956509024/
1.88	0.005403	0.006965	2.31e-07	0.2349	45600.0	/home/zhurh/new_frequency_realistic/stage1_2300mm_beta_35cm/202MeV/26.514085108075037,28.226068570583994/
1.1914285714285715	0.002477	0.007966	5.025e-08	0.1864	38250.0	/home/zhurh/new_frequency_realistic/stage1_2300mm_beta_35cm/202MeV/19.022437602404022,34.85834813476545/
1.215809523809524	0.002666	0.007691	5.665e-08	0.1994	42000.0	/home/zhurh/new_frequency_realistic/stage1_2300mm_beta_35cm/202MeV/20.517339979005083,33.48207276629452/
1.2001904761904763	0.002541	0.007893	5.255e-08	0.196	40880.0	/home/zhurh/new_frequency_realistic/stage1_2300mm_beta_35cm/202MeV/19.960243117027115,34.130816483053444/
1.2200380952380954	0.002829	0.006921	5.776e-08	0.2093	41110.0	/home/zhurh/new_frequency_realistic/stage1_2300mm_beta_35cm/202MeV/20.129678002494064,35.2194015178235/
1.2518857142857143	0.002931	0.007425	6.612e-08	0.209	44110.0	/home/zhurh/new_frequency_realistic/stage1_2300mm_beta_35cm/202MeV/22.178050402462,31.78144760557247/
1.2732952380952383	0.003111	0.006932	7.174e-08	0.2218	42170.0	/home/zhurh/new_frequency_realistic/stage1_2300mm_beta_35cm/202MeV/21.51296923197064,34.11234905039704/
1.2345142857142857	0.002915	0.006949	6.156e-08	0.2119	42100.0	/home/zhurh/new_frequency_realistic/stage1_2300mm_beta_35cm/202MeV/20.77860060797386,34.34014314102727/
1.2423619047619048	0.002636	0.00909	6.362e-08	0.1789	38560.0	/home/zhurh/new_frequency_realistic/stage1_2300mm_beta_35cm/202MeV/20.518992328418552,31.26292624906576/
1.2804952380952381	0.002722	0.009904	7.363e-08	0.1836	40340.0	/home/zhurh/new_frequency_realistic/stage1_2300mm_beta_35cm/202MeV/23.09521840386642,27.69930713065574/
1.2478857142857143	0.002935	0.007226	6.507e-08	0.206	43270.0	/home/zhurh/new_frequency_realistic/stage1_2300mm_beta_35cm/202MeV/21.413577833375562,32.66186124044697/
1.2881142857142858	0.002941	0.008574	7.563e-08	0.1632	25480.0	/home/zhurh/new_frequency_realistic/stage1_2300mm_beta_35cm/202MeV/19.416047867512397,31.448500595848053/
1.7790476190476192	0.005268	0.006013	2.045e-07	0.2406	40680.0	/home/zhurh/new_frequency_realistic/stage1_2300mm_beta_35cm/202MeV/22.306767940132932,34.34014314102727/
1.1951619047619049	0.002495	0.008083	5.123e-08	0.1793	36910.0	/home/zhurh/new_frequency_realistic/stage1_2300mm_beta_35cm/202MeV/18.97571399773194,34.148534756384024/
1.2075809523809524	0.002532	0.008283	5.449e-08	0.1863	40150.0	/home/zhurh/new_frequency_realistic/stage1_2300mm_beta_35cm/202MeV/19.93073411622084,33.14210948175915/
1.4807619047619047	0.004128	0.006489	1.262e-07	0.229	42530.0	/home/zhurh/new_frequency_realistic/stage1_2300mm_beta_35cm/202MeV/22.917137321182537,32.45749770261601/
1.4350476190476191	0.004061	0.00607	1.142e-07	0.232	40640.0	/home/zhurh/new_frequency_realistic/stage1_2300mm_beta_35cm/202MeV/21.622870808403995,34.83806094858498/
1.2917714285714286	0.003144	0.007229	7.659e-08	0.2201	43320.0	/home/zhurh/new_frequency_realistic/stage1_2300mm_beta_35cm/202MeV/22.358805842397572,32.59004772943703/
1.2580952380952382	0.002934	0.007543	6.775e-08	0.2025	43720.0	/home/zhurh/new_frequency_realistic/stage1_2300mm_beta_35cm/202MeV/21.622870808403995,31.952608371877453/
1.256	0.002671	0.009366	6.72e-08	0.1791	38780.0	/home/zhurh/new_frequency_realistic/stage1_2300mm_beta_35cm/202MeV/20.91044185037228,30.615193591870636/
1.2968761904761905	0.003124	0.007464	7.793e-08	0.2182	44500.0	/home/zhurh/new_frequency_realistic/stage1_2300mm_beta_35cm/202MeV/23.71150949145333,30.46979103477303/
1.2316571428571428	0.002642	0.008605	6.081e-08	0.1726	34160.0	/home/zhurh/new_frequency_realistic/stage1_2300mm_beta_35cm/202MeV/19.189339731820525,32.9871907543888/
1.1984380952380953	0.00253	0.008069	5.209e-08	0.1751	34360.0	/home/zhurh/new_frequency_realistic/stage1_2300mm_beta_35cm/202MeV/18.4025202586398,34.85834813476545/
1.2350857142857143	0.00292	0.006924	6.171e-08	0.2184	41720.0	/home/zhurh/new_frequency_realistic/stage1_2300mm_beta_35cm/202MeV/20.884387351653203,34.85834813476545/
1.7714285714285714	0.005215	0.006082	2.025e-07	0.2387	41430.0	/home/zhurh/new_frequency_realistic/stage1_2300mm_beta_35cm/202MeV/22.675168607274554,33.57436554941277/
1.2996571428571428	0.003218	0.007041	7.866e-08	0.222	42820.0	/home/zhurh/new_frequency_realistic/stage1_2300mm_beta_35cm/202MeV/22.107860529742645,33.14879017105459/
1.223809523809524	0.002603	0.008425	5.875e-08	0.1908	42490.0	/home/zhurh/new_frequency_realistic/stage1_2300mm_beta_35cm/202MeV/21.03408410882759,31.714618003305326/
1.4095238095238096	0.003769	0.006793	1.075e-07	0.225	43350.0	/home/zhurh/new_frequency_realistic/stage1_2300mm_beta_35cm/202MeV/23.263826790524988,31.643833625139827/
1.2967238095238096	0.002824	0.009671	7.789e-08	0.1755	34840.0	/home/zhurh/new_frequency_realistic/stage1_2300mm_beta_35cm/202MeV/22.479195738882982,27.68623708724803/
1.2573333333333334	0.002925	0.00752	6.755e-08	0.2152	44140.0	/home/zhurh/new_frequency_realistic/stage1_2300mm_beta_35cm/202MeV/22.704156614532764,31.61223743681102/
1.2554666666666667	0.002893	0.007746	6.706e-08	0.2101	44780.0	/home/zhurh/new_frequency_realistic/stage1_2300mm_beta_35cm/202MeV/22.997216548226344,30.68657525811235/
1.226247619047619	0.002703	0.007826	5.939e-08	0.1982	42410.0	/home/zhurh/new_frequency_realistic/stage1_2300mm_beta_35cm/202MeV/20.77860060797386,32.9050245426813/
1.2743238095238096	0.002814	0.008885	7.201e-08	0.1921	44170.0	/home/zhurh/new_frequency_realistic/stage1_2300mm_beta_35cm/203MeV/22.989468478193476,28.609747262607442/
1.2255619047619049	0.002589	0.008723	5.921e-08	0.1797	38760.0	/home/zhurh/new_frequency_realistic/stage1_2300mm_beta_35cm/203MeV/19.939771161412704,32.17802281412092/
2.022857142857143	0.005884	0.006617	2.685e-07	0.2398	43890.0	/home/zhurh/new_frequency_realistic/stage1_2300mm_beta_35cm/203MeV/24.755303651758133,30.598721073969276/
1.9893333333333332	0.005828	0.006154	2.597e-07	0.2435	40840.0	/home/zhurh/new_frequency_realistic/stage1_2300mm_beta_35cm/203MeV/22.7260889297651,33.78743642315574/
1.3612190476190476	0.002974	0.01053	9.482e-08	0.1803	36910.0	/home/zhurh/new_frequency_realistic/stage1_2300mm_beta_35cm/203MeV/27.873282509852388,22.169143749041986/
1.2981333333333334	0.002788	0.009995	7.826e-08	0.1858	40100.0	/home/zhurh/new_frequency_realistic/stage1_2300mm_beta_35cm/203MeV/25.382168676519843,24.82290501785608/
1.3167619047619048	0.002918	0.009619	8.315e-08	0.1721	30320.0	/home/zhurh/new_frequency_realistic/stage1_2300mm_beta_35cm/203MeV/23.400751277705805,25.9567933872418/
1.2977142857142856	0.002854	0.009417	7.815e-08	0.2058	45870.0	/home/zhurh/new_frequency_realistic/stage1_2300mm_beta_35cm/203MeV/27.31824387796007,24.499497380408897/
1.6125714285714285	0.004563	0.006658	1.608e-07	0.2279	44520.0	/home/zhurh/new_frequency_realistic/stage1_2300mm_beta_35cm/203MeV/25.289156571216804,28.95748809270988/
1.260457142857143	0.002895	0.007922	6.837e-08	0.2072	45060.0	/home/zhurh/new_frequency_realistic/stage1_2300mm_beta_35cm/203MeV/23.400751277705805,29.63292823107193/
1.2785142857142857	0.002751	0.00961	7.311e-08	0.177	37030.0	/home/zhurh/new_frequency_realistic/stage1_2300mm_beta_35cm/203MeV/21.77920679248154,28.771614065172955/
1.3468190476190476	0.002957	0.01011	9.104e-08	0.1746	32230.0	/home/zhurh/new_frequency_realistic/stage1_2300mm_beta_35cm/203MeV/25.217972173438902,24.142927653059377/
1.291504761904762	0.002766	0.009965	7.652e-08	0.1827	39390.0	/home/zhurh/new_frequency_realistic/stage1_2300mm_beta_35cm/203MeV/23.491136301518523,26.857527612427845/
1.2382095238095239	0.002649	0.008694	6.253e-08	0.1886	42720.0	/home/zhurh/new_frequency_realistic/stage1_2300mm_beta_35cm/203MeV/21.42158578387533,30.65638920283782/
1.8887619047619049	0.005441	0.006467	2.333e-07	0.2337	44120.0	/home/zhurh/new_frequency_realistic/stage1_2300mm_beta_35cm/203MeV/24.755303651758133,30.047205845886094/
1.5592380952380953	0.004429	0.006496	1.468e-07	0.2278	43660.0	/home/zhurh/new_frequency_realistic/stage1_2300mm_beta_35cm/203MeV/24.132553080506852,30.46156939588379/
1.2508190476190477	0.002893	0.007601	6.584e-08	0.2107	44280.0	/home/zhurh/new_frequency_realistic/stage1_2300mm_beta_35cm/203MeV/22.54054263445798,31.250744396431692/
1.2716571428571428	0.002856	0.008531	7.131e-08	0.2107	45920.0	/home/zhurh/new_frequency_realistic/stage1_2300mm_beta_35cm/203MeV/25.01589133568737,27.82934409133502/
1.3019809523809525	0.002898	0.009306	7.927e-08	0.2053	45890.0	/home/zhurh/new_frequency_realistic/stage1_2300mm_beta_35cm/203MeV/26.326293047752365,25.5711571135359/
1.3124190476190476	0.002884	0.009734	8.201e-08	0.1925	43780.0	/home/zhurh/new_frequency_realistic/stage1_2300mm_beta_35cm/203MeV/24.96222790735753,25.91696359048175/
1.2893714285714286	0.002925	0.008766	7.596e-08	0.1647	27190.0	/home/zhurh/new_frequency_realistic/stage1_2300mm_beta_35cm/203MeV/19.687923052248436,30.897468442267943/
1.3236190476190477	0.002979	0.009449	8.495e-08	0.1697	29860.0	/home/zhurh/new_frequency_realistic/stage1_2300mm_beta_35cm/203MeV/21.798037423885198,27.925595946000072/
1.7645714285714287	0.005249	0.005971	2.007e-07	0.2359	41940.0	/home/zhurh/new_frequency_realistic/stage1_2300mm_beta_35cm/203MeV/23.08016171178128,32.55349249803618/
1.2655619047619049	0.002702	0.009478	6.971e-08	0.179	38710.0	/home/zhurh/new_frequency_realistic/stage1_2300mm_beta_35cm/203MeV/21.118194877073705,30.05158144026162/
1.2462857142857142	0.002906	0.007336	6.465e-08	0.2152	43400.0	/home/zhurh/new_frequency_realistic/stage1_2300mm_beta_35cm/203MeV/22.15027462947149,32.30322532166076/
1.256647619047619	0.0028	0.008358	6.737e-08	0.1942	43930.0	/home/zhurh/new_frequency_realistic/stage1_2300mm_beta_35cm/203MeV/22.04256991777429,30.258039085067885/
1.3116571428571429	0.003191	0.007498	8.181e-08	0.2179	44730.0	/home/zhurh/new_frequency_realistic/stage1_2300mm_beta_35cm/203MeV/24.285707030031997,29.48024581026258/
1.2956571428571428	0.002834	0.009613	7.761e-08	0.2132	46450.0	/home/zhurh/new_frequency_realistic/stage1_2300mm_beta_35cm/203MeV/27.50975177288948,25.05472861791506/
1.5721904761904764	0.004414	0.00681	1.502e-07	0.2271	44930.0	/home/zhurh/new_frequency_realistic/stage1_2300mm_beta_35cm/203MeV/25.894550640098046,28.162688716191347/
1.3062095238095237	0.003018	0.008571	8.038e-08	0.1996	45250.0	/home/zhurh/new_frequency_realistic/stage1_2300mm_beta_35cm/203MeV/24.05434653383533,27.87608500511077/
1.2586285714285714	0.0028	0.0085	6.789e-08	0.1654	28520.0	/home/zhurh/new_frequency_realistic/stage1_2300mm_beta_35cm/203MeV/19.066942798325694,32.17802281412092/
1.224495238095238	0.002859	0.006934	5.893e-08	0.2158	41700.0	/home/zhurh/new_frequency_realistic/stage1_2300mm_beta_35cm/203MeV/20.74562461151216,34.653693569705666/
1.2833142857142859	0.003168	0.006911	7.437e-08	0.2214	42310.0	/home/zhurh/new_frequency_realistic/stage1_2300mm_beta_35cm/203MeV/21.75075140342865,33.50101040553664/
1.4636190476190478	0.004102	0.006353	1.217e-07	0.2274	42690.0	/home/zhurh/new_frequency_realistic/stage1_2300mm_beta_35cm/203MeV/23.102666101292332,31.887253684250886/
1.3629714285714285	0.003529	0.006951	9.528e-08	0.2218	43750.0	/home/zhurh/new_frequency_realistic/stage1_2300mm_beta_35cm/203MeV/23.58381092337481,30.770574111172746/
1.2654095238095238	0.002951	0.007631	6.967e-08	0.2146	44620.0	/home/zhurh/new_frequency_realistic/stage1_2300mm_beta_35cm/203MeV/23.510370568387177,30.25485546467354/
1.2596190476190476	0.00293	0.007694	6.815e-08	0.2074	44610.0	/home/zhurh/new_frequency_realistic/stage1_2300mm_beta_35cm/203MeV/22.735683574631906,30.615106263252947/
1.2785142857142857	0.003005	0.007802	7.311e-08	0.2026	44740.0	/home/zhurh/new_frequency_realistic/stage1_2300mm_beta_35cm/203MeV/22.774600821392212,30.017184172383672/
1.2596571428571428	0.002736	0.0089	6.816e-08	0.1905	43630.0	/home/zhurh/new_frequency_realistic/stage1_2300mm_beta_35cm/203MeV/22.338231265055583,29.410314261607027/
1.2954666666666668	0.00278	0.009982	7.756e-08	0.1839	39690.0	/home/zhurh/new_frequency_realistic/stage1_2300mm_beta_35cm/203MeV/24.05434653383533,26.230884698870213/
1.2388571428571429	0.002696	0.008442	6.27e-08	0.1671	30080.0	/home/zhurh/new_frequency_realistic/stage1_2300mm_beta_35cm/203MeV/18.76543982242157,32.96701701736785/
1.1903238095238096	0.002484	0.007838	4.996e-08	0.1886	38740.0	/home/zhurh/new_frequency_realistic/stage1_2300mm_beta_35cm/203MeV/19.10065564608746,34.76482587093048/
1.286552380952381	0.003228	0.006683	7.522e-08	0.2232	41580.0	/home/zhurh/new_frequency_realistic/stage1_2300mm_beta_35cm/203MeV/21.411062845403663,34.25238351824689/
1.2002666666666666	0.002545	0.007866	5.257e-08	0.1946	40270.0	/home/zhurh/new_frequency_realistic/stage1_2300mm_beta_35cm/203MeV/19.66671915663008,34.33201585678366/
1.218247619047619	0.002834	0.006861	5.729e-08	0.208	41120.0	/home/zhurh/new_frequency_realistic/stage1_2300mm_beta_35cm/203MeV/20.08277304037959,34.98800662543425/
1.2799238095238095	0.003122	0.00705	7.348e-08	0.2201	42750.0	/home/zhurh/new_frequency_realistic/stage1_2300mm_beta_35cm/203MeV/22.014506203983473,32.96701701736785/
1.2374095238095237	0.002907	0.007112	6.232e-08	0.2116	42580.0	/home/zhurh/new_frequency_realistic/stage1_2300mm_beta_35cm/203MeV/21.119693567349664,33.5606544541399/
1.2473142857142858	0.00295	0.007177	6.492e-08	0.2078	43170.0	/home/zhurh/new_frequency_realistic/stage1_2300mm_beta_35cm/203MeV/21.43510061710675,32.633491855591856/
1.966857142857143	0.005734	0.006279	2.538e-07	0.2373	43370.0	/home/zhurh/new_frequency_realistic/stage1_2300mm_beta_35cm/203MeV/24.179036649193346,31.0939098496044/
1.2800380952380952	0.002727	0.009826	7.351e-08	0.1805	39090.0	/home/zhurh/new_frequency_realistic/stage1_2300mm_beta_35cm/203MeV/22.400095612915802,28.20565040789065/
1.190247619047619	0.002496	0.007922	4.994e-08	0.1777	35720.0	/home/zhurh/new_frequency_realistic/stage1_2300mm_beta_35cm/203MeV/18.507379069912346,34.7080603577429/
1.201752380952381	0.002527	0.008121	5.296e-08	0.1798	37410.0	/home/zhurh/new_frequency_realistic/stage1_2300mm_beta_35cm/203MeV/19.037999356043077,33.86232232582641/
1.2207238095238095	0.002789	0.007176	5.794e-08	0.2041	41660.0	/home/zhurh/new_frequency_realistic/stage1_2300mm_beta_35cm/203MeV/20.375677358879408,34.02871432703239/
1.2019047619047618	0.002532	0.008021	5.3e-08	0.19	40510.0	/home/zhurh/new_frequency_realistic/stage1_2300mm_beta_35cm/203MeV/19.92275742654018,33.365925646643646/
1.224495238095238	0.00276	0.007439	5.893e-08	0.2013	42120.0	/home/zhurh/new_frequency_realistic/stage1_2300mm_beta_35cm/203MeV/20.57993979443419,33.365925646643646/
1.303504761904762	0.002962	0.008861	7.967e-08	0.1978	45110.0	/home/zhurh/new_frequency_realistic/stage1_2300mm_beta_35cm/203MeV/24.728247961058585,26.7832190806819/
1.2632761904761904	0.002994	0.007637	6.911e-08	0.1608	20910.0	/home/zhurh/new_frequency_realistic/stage1_2300mm_beta_35cm/196MeV/18.432766384866184,34.480242410254334/
1.2092190476190476	0.002556	0.00831	5.492e-08	0.1712	30950.0	/home/zhurh/new_frequency_realistic/stage1_2300mm_beta_35cm/196MeV/19.37016726476722,33.793703436768915/
1.2207238095238095	0.00258	0.008626	5.794e-08	0.1724	31720.0	/home/zhurh/new_frequency_realistic/stage1_2300mm_beta_35cm/196MeV/19.782453674094953,33.09855692211468/
1.283542857142857	0.002816	0.009206	7.443e-08	0.1736	26660.0	/home/zhurh/new_frequency_realistic/stage1_2300mm_beta_35cm/196MeV/22.90882933921462,27.729386485747767/
1.2904761904761906	0.00278	0.009582	7.625e-08	0.1794	30780.0	/home/zhurh/new_frequency_realistic/stage1_2300mm_beta_35cm/196MeV/25.728822468609476,24.894347218046676/
1.369447619047619	0.003484	0.007199	9.698e-08	0.2274	41900.0	/home/zhurh/new_frequency_realistic/stage1_2300mm_beta_35cm/196MeV/22.332458909588528,34.27447559296996/
1.2791238095238096	0.002992	0.007745	7.327e-08	0.2065	43180.0	/home/zhurh/new_frequency_realistic/stage1_2300mm_beta_35cm/196MeV/22.37887265676898,32.26757143701159/
1.250552380952381	0.002633	0.009455	6.577e-08	0.1904	41890.0	/home/zhurh/new_frequency_realistic/stage1_2300mm_beta_35cm/196MeV/23.231620357204758,29.236231237611715/
1.2951238095238096	0.002804	0.009854	7.747e-08	0.1988	43760.0	/home/zhurh/new_frequency_realistic/stage1_2300mm_beta_35cm/196MeV/25.890298797734154,26.305770690358553/
1.2982857142857143	0.002904	0.009201	7.83e-08	0.2171	46060.0	/home/zhurh/new_frequency_realistic/stage1_2300mm_beta_35cm/196MeV/27.700215782262983,26.15587630176246/
1.278895238095238	0.002832	0.008758	7.321e-08	0.1702	22310.0	/home/zhurh/new_frequency_realistic/stage1_2300mm_beta_35cm/196MeV/23.955891683217043,26.15587630176246/
1.1968761904761904	0.002465	0.008272	5.168e-08	0.1874	38120.0	/home/zhurh/new_frequency_realistic/stage1_2300mm_beta_35cm/196MeV/20.17415305871205,34.067819625523455/
1.2740952380952382	0.002701	0.009719	7.195e-08	0.1831	34130.0	/home/zhurh/new_frequency_realistic/stage1_2300mm_beta_35cm/196MeV/24.775713320754907,26.15587630176246/
1.269561904761905	0.002677	0.009741	7.076e-08	0.1837	34150.0	/home/zhurh/new_frequency_realistic/stage1_2300mm_beta_35cm/196MeV/25.463676824904795,25.439427667662315/
1.2670095238095238	0.002661	0.009961	7.009e-08	0.1843	38060.0	/home/zhurh/new_frequency_realistic/stage1_2300mm_beta_35cm/196MeV/23.1638575303083,28.582982979519713/
1.3121142857142858	0.003089	0.008019	8.193e-08	0.2178	44570.0	/home/zhurh/new_frequency_realistic/stage1_2300mm_beta_35cm/196MeV/24.010060679830428,31.040088463327685/
1.3958095238095238	0.003416	0.008304	1.039e-07	0.2221	45700.0	/home/zhurh/new_frequency_realistic/stage1_2300mm_beta_35cm/196MeV/26.83117641444188,27.767078623085105/
1.2506666666666666	0.002673	0.009175	6.58e-08	0.195	43280.0	/home/zhurh/new_frequency_realistic/stage1_2300mm_beta_35cm/196MeV/24.037187703518892,28.546751695439845/
1.2872761904761905	0.002976	0.008139	7.541e-08	0.2114	44780.0	/home/zhurh/new_frequency_realistic/stage1_2300mm_beta_35cm/196MeV/23.989087499391356,30.470648317588296/
1.2809523809523808	0.002747	0.009784	7.375e-08	0.1965	43380.0	/home/zhurh/new_frequency_realistic/stage1_2300mm_beta_35cm/196MeV/25.147159014886324,27.062575736370924/
1.2997714285714286	0.003057	0.008321	7.869e-08	0.1631	21260.0	/home/zhurh/new_frequency_realistic/stage1_2300mm_beta_35cm/196MeV/19.76436621724826,31.97530126484591/
1.2631619047619047	0.002738	0.00914	6.908e-08	0.1719	30350.0	/home/zhurh/new_frequency_realistic/stage1_2300mm_beta_35cm/196MeV/20.851948674766746,30.959197678728323/
1.2742857142857142	0.002784	0.009223	7.2e-08	0.1722	29600.0	/home/zhurh/new_frequency_realistic/stage1_2300mm_beta_35cm/196MeV/21.21817475164209,30.307647305763776/
1.2081904761904763	0.002503	0.008486	5.465e-08	0.1889	39620.0	/home/zhurh/new_frequency_realistic/stage1_2300mm_beta_35cm/196MeV/20.825319678743835,33.07246772249157/
1.221104761904762	0.002553	0.008822	5.804e-08	0.1824	38110.0	/home/zhurh/new_frequency_realistic/stage1_2300mm_beta_35cm/196MeV/20.825319678743835,32.35193447802614/
1.2661333333333333	0.002975	0.007477	6.986e-08	0.2095	42080.0	/home/zhurh/new_frequency_realistic/stage1_2300mm_beta_35cm/196MeV/21.606274165103137,33.77346201482827/
1.2536	0.002643	0.009602	6.657e-08	0.1809	37280.0	/home/zhurh/new_frequency_realistic/stage1_2300mm_beta_35cm/196MeV/21.916621199977516,30.25015498839329/
1.2474285714285713	0.002781	0.008037	6.495e-08	0.2031	42270.0	/home/zhurh/new_frequency_realistic/stage1_2300mm_beta_35cm/196MeV/21.797035540244696,32.84658664305435/
1.2162285714285714	0.002531	0.008636	5.676e-08	0.1919	41310.0	/home/zhurh/new_frequency_realistic/stage1_2300mm_beta_35cm/196MeV/21.688306828257918,31.931762011381913/
1.2648380952380953	0.002804	0.008759	6.952e-08	0.1993	44210.0	/home/zhurh/new_frequency_realistic/stage1_2300mm_beta_35cm/196MeV/24.70378022354144,28.061106025186724/
1.1996190476190476	0.002518	0.008155	5.24e-08	0.1748	32790.0	/home/zhurh/new_frequency_realistic/stage1_2300mm_beta_35cm/196MeV/19.10852879039993,34.75072533891563/
1.192	0.002447	0.00813	5.04e-08	0.1901	37860.0	/home/zhurh/new_frequency_realistic/stage1_2300mm_beta_35cm/196MeV/19.909412199799455,34.84736327439423/
1.2673904761904762	0.00271	0.009525	7.019e-08	0.1776	33100.0	/home/zhurh/new_frequency_realistic/stage1_2300mm_beta_35cm/196MeV/22.38146374768271,28.97507184175236/
1.2270476190476192	0.002679	0.008022	5.96e-08	0.2041	40820.0	/home/zhurh/new_frequency_realistic/stage1_2300mm_beta_35cm/196MeV/20.95966059903551,34.34764259939554/
1.2666285714285714	0.002685	0.009648	6.999e-08	0.1813	34230.0	/home/zhurh/new_frequency_realistic/stage1_2300mm_beta_35cm/196MeV/23.60420277496022,27.51156458220279/
1.256952380952381	0.002975	0.007237	6.745e-08	0.2139	41770.0	/home/zhurh/new_frequency_realistic/stage1_2300mm_beta_35cm/196MeV/21.523735349973588,34.34895651508728/
1.2934857142857143	0.003045	0.007886	7.704e-08	0.2066	43900.0	/home/zhurh/new_frequency_realistic/stage1_2300mm_beta_35cm/196MeV/22.883589750781624,31.523244503499143/
1.2736	0.002893	0.008343	7.182e-08	0.2012	44070.0	/home/zhurh/new_frequency_realistic/stage1_2300mm_beta_35cm/196MeV/23.61606661929458,29.8919566917804/
1.286209523809524	0.002696	0.01036	7.513e-08	0.1914	41480.0	/home/zhurh/new_frequency_realistic/stage1_2300mm_beta_35cm/196MeV/24.42971162507613,27.51156458220279/
1.3046857142857142	0.003035	0.008471	7.998e-08	0.2078	45220.0	/home/zhurh/new_frequency_realistic/stage1_2300mm_beta_35cm/196MeV/24.87405176637341,28.823642782123006/
1.1922285714285714	0.002469	0.008134	5.046e-08	0.1801	35590.0	/home/zhurh/new_frequency_realistic/stage1_2300mm_beta_35cm/196MeV/19.62924535635303,34.31134865226413/
1.2294476190476191	0.002576	0.009044	6.023e-08	0.1837	39140.0	/home/zhurh/new_frequency_realistic/stage1_2300mm_beta_35cm/196MeV/21.494291732223402,31.32943787816327/
1.2189333333333334	0.002605	0.008426	5.747e-08	0.1748	35780.0	/home/zhurh/new_frequency_realistic/stage1_2300mm_beta_35cm/204MeV/18.89465963672162,33.38023334856125/
1.2912761904761905	0.002852	0.009346	7.646e-08	0.1699	32020.0	/home/zhurh/new_frequency_realistic/stage1_2300mm_beta_35cm/204MeV/20.851546623467975,29.292615917605673/
1.2272	0.002893	0.006869	5.964e-08	0.2101	41450.0	/home/zhurh/new_frequency_realistic/stage1_2300mm_beta_35cm/204MeV/20.39413385155155,34.474164878411905/
1.587047619047619	0.004701	0.005856	1.541e-07	0.2321	41330.0	/home/zhurh/new_frequency_realistic/stage1_2300mm_beta_35cm/204MeV/22.57054813344811,32.870349257094794/
1.28	0.002771	0.009513	7.35e-08	0.1749	35870.0	/home/zhurh/new_frequency_realistic/stage1_2300mm_beta_35cm/204MeV/21.581843984437352,28.67437705663007/
1.2573333333333334	0.002746	0.008767	6.755e-08	0.1907	43620.0	/home/zhurh/new_frequency_realistic/stage1_2300mm_beta_35cm/204MeV/22.28108744325149,29.34360653227779/
1.8700952380952383	0.00547	0.0071	2.284e-07	0.2392	45210.0	/home/zhurh/new_frequency_realistic/stage1_2300mm_beta_35cm/204MeV/26.560658222824753,28.327101524145277/
1.273447619047619	0.002868	0.008511	7.178e-08	0.2119	45810.0	/home/zhurh/new_frequency_realistic/stage1_2300mm_beta_35cm/204MeV/25.249052244515426,27.471108199815877/
1.3044190476190476	0.00281	0.01001	7.991e-08	0.186	41360.0	/home/zhurh/new_frequency_realistic/stage1_2300mm_beta_35cm/204MeV/23.937275611244914,26.449489454157316/
1.2824380952380952	0.002848	0.009012	7.414e-08	0.2112	46080.0	/home/zhurh/new_frequency_realistic/stage1_2300mm_beta_35cm/204MeV/25.865715366399666,26.62936730161865/
1.963809523809524	0.005756	0.006161	2.53e-07	0.2448	38740.0	/home/zhurh/new_frequency_realistic/stage1_2300mm_beta_35cm/204MeV/22.063279009870197,34.942159209719904/
1.1944380952380953	0.002513	0.007826	5.104e-08	0.192	39670.0	/home/zhurh/new_frequency_realistic/stage1_2300mm_beta_35cm/204MeV/19.35627546495706,34.43714527299548/
2.016	0.005836	0.006601	2.667e-07	0.2444	41620.0	/home/zhurh/new_frequency_realistic/stage1_2300mm_beta_35cm/204MeV/23.612156153463026,32.46687111039116/
1.2385904761904762	0.002849	0.007421	6.263e-08	0.2009	42590.0	/home/zhurh/new_frequency_realistic/stage1_2300mm_beta_35cm/204MeV/20.920057035988435,32.56419963677846/
1.7295238095238097	0.005075	0.006247	1.915e-07	0.2306	43610.0	/home/zhurh/new_frequency_realistic/stage1_2300mm_beta_35cm/204MeV/24.544983735719676,29.928397149929413/
1.526857142857143	0.004385	0.006241	1.383e-07	0.2276	42760.0	/home/zhurh/new_frequency_realistic/stage1_2300mm_beta_35cm/204MeV/23.597668765823556,31.0129337578182/
1.262704761904762	0.002964	0.007606	6.896e-08	0.2051	44310.0	/home/zhurh/new_frequency_realistic/stage1_2300mm_beta_35cm/204MeV/22.46523080427885,30.576403148939555/
1.2762285714285715	0.002941	0.008183	7.251e-08	0.2045	45280.0	/home/zhurh/new_frequency_realistic/stage1_2300mm_beta_35cm/204MeV/23.76642143824697,28.649423104564192/
1.2670476190476192	0.002929	0.007828	7.01e-08	0.2134	44820.0	/home/zhurh/new_frequency_realistic/stage1_2300mm_beta_35cm/204MeV/23.918844514330978,29.389888161656028/
1.3169142857142857	0.00287	0.01009	8.319e-08	0.1869	40740.0	/home/zhurh/new_frequency_realistic/stage1_2300mm_beta_35cm/204MeV/27.286348202198177,22.947442040979684/
1.2031619047619049	0.002564	0.008045	5.333e-08	0.1736	34110.0	/home/zhurh/new_frequency_realistic/stage1_2300mm_beta_35cm/204MeV/18.229146715813794,34.57905883672895/
1.2432761904761904	0.002681	0.008795	6.386e-08	0.1716	33820.0	/home/zhurh/new_frequency_realistic/stage1_2300mm_beta_35cm/204MeV/19.275074634984804,32.27475046183151/
1.2407619047619047	0.002978	0.006733	6.32e-08	0.2204	41010.0	/home/zhurh/new_frequency_realistic/stage1_2300mm_beta_35cm/204MeV/20.746187626668345,34.99311226246964/
1.4807619047619047	0.004294	0.005881	1.262e-07	0.2304	40870.0	/home/zhurh/new_frequency_realistic/stage1_2300mm_beta_35cm/204MeV/22.036031373855756,33.62557930293647/
1.2334857142857143	0.002901	0.007008	6.129e-08	0.2115	42020.0	/home/zhurh/new_frequency_realistic/stage1_2300mm_beta_35cm/204MeV/20.876247258779806,33.791854160933624/
1.2662857142857142	0.002723	0.009362	6.99e-08	0.176	37090.0	/home/zhurh/new_frequency_realistic/stage1_2300mm_beta_35cm/204MeV/20.46950340827587,30.619590721554836/
1.2375619047619049	0.002937	0.006855	6.236e-08	0.2187	41470.0	/home/zhurh/new_frequency_realistic/stage1_2300mm_beta_35cm/204MeV/20.934959635266466,34.474164878411905/
2.0361904761904763	0.005866	0.006484	2.72e-07	0.2456	39780.0	/home/zhurh/new_frequency_realistic/stage1_2300mm_beta_35cm/204MeV/22.644741688964412,34.055477137038224/
1.2536380952380952	0.002872	0.007827	6.658e-08	0.2084	44700.0	/home/zhurh/new_frequency_realistic/stage1_2300mm_beta_35cm/204MeV/23.06850117858668,30.06305909511145/
1.240647619047619	0.002905	0.007236	6.317e-08	0.2103	42960.0	/home/zhurh/new_frequency_realistic/stage1_2300mm_beta_35cm/204MeV/21.468710305920403,32.67476937026774/
1.4925714285714287	0.004393	0.005705	1.293e-07	0.2328	39700.0	/home/zhurh/new_frequency_realistic/stage1_2300mm_beta_35cm/204MeV/21.448234096628887,34.85737004149767/
1.2045714285714286	0.002694	0.007155	5.37e-08	0.2023	40730.0	/home/zhurh/new_frequency_realistic/stage1_2300mm_beta_35cm/204MeV/19.89012075864864,34.54113792738991/
1.2252952380952382	0.002782	0.007368	5.914e-08	0.2013	41990.0	/home/zhurh/new_frequency_realistic/stage1_2300mm_beta_35cm/204MeV/20.53408971892465,33.27714308027423/
1.2228190476190477	0.002603	0.008569	5.849e-08	0.1774	37290.0	/home/zhurh/new_frequency_realistic/stage1_2300mm_beta_35cm/204MeV/19.35627546495706,32.776809960231944/
1.2021714285714287	0.002562	0.007853	5.307e-08	0.1937	40720.0	/home/zhurh/new_frequency_realistic/stage1_2300mm_beta_35cm/204MeV/19.89012075864864,33.62557930293647/
1.2400380952380954	0.002655	0.008879	6.301e-08	0.1781	38200.0	/home/zhurh/new_frequency_realistic/stage1_2300mm_beta_35cm/204MeV/19.89142001527116,31.876467134051037/
1.2555809523809525	0.002959	0.0074	6.709e-08	0.2034	43630.0	/home/zhurh/new_frequency_realistic/stage1_2300mm_beta_35cm/204MeV/21.772313775853846,31.453651936643816/
1.2656380952380952	0.002996	0.007352	6.973e-08	0.2156	43710.0	/home/zhurh/new_frequency_realistic/stage1_2300mm_beta_35cm/204MeV/22.77356596980257,31.236611591890707/
1.2251809523809525	0.002622	0.008385	5.911e-08	0.1902	42500.0	/home/zhurh/new_frequency_realistic/stage1_2300mm_beta_35cm/204MeV/21.029455076604073,31.288293923291125/
1.2962666666666667	0.002888	0.009227	7.777e-08	0.2133	46220.0	/home/zhurh/new_frequency_realistic/stage1_2300mm_beta_35cm/204MeV/26.77334188440171,25.756111720325535/
1.272647619047619	0.002808	0.008963	7.157e-08	0.1674	30470.0	/home/zhurh/new_frequency_realistic/stage1_2300mm_beta_35cm/204MeV/19.70036843092892,30.983189691102368/
1.2345142857142857	0.002897	0.007082	6.156e-08	0.2116	42410.0	/home/zhurh/new_frequency_realistic/stage1_2300mm_beta_35cm/204MeV/21.1848762605414,33.284645344674/
1.2454476190476191	0.002743	0.008341	6.443e-08	0.1928	43470.0	/home/zhurh/new_frequency_realistic/stage1_2300mm_beta_35cm/204MeV/21.65021342632827,30.54925572264525/
1.2285333333333333	0.002888	0.006939	5.999e-08	0.2064	41490.0	/home/zhurh/new_frequency_realistic/stage1_2300mm_beta_35cm/205MeV/20.396400920172127,33.8785249263448/
1.193104761904762	0.002531	0.007694	5.069e-08	0.194	39940.0	/home/zhurh/new_frequency_realistic/stage1_2300mm_beta_35cm/205MeV/19.471708127452665,34.2404813020144/
1.617904761904762	0.004889	0.005563	1.622e-07	0.234	39970.0	/home/zhurh/new_frequency_realistic/stage1_2300mm_beta_35cm/205MeV/21.952274393009187,33.89191561033265/
1.4384761904761905	0.004085	0.006049	1.151e-07	0.2264	41550.0	/home/zhurh/new_frequency_realistic/stage1_2300mm_beta_35cm/205MeV/22.505805819695507,32.38063916141434/
1.5638095238095238	0.00459	0.006019	1.48e-07	0.2284	42310.0	/home/zhurh/new_frequency_realistic/stage1_2300mm_beta_35cm/205MeV/23.32882838932978,31.26979284938772/
1.2575238095238095	0.002678	0.00933	6.76e-08	0.1809	40080.0	/home/zhurh/new_frequency_realistic/stage1_2300mm_beta_35cm/205MeV/20.95764347006868,30.15711296661815/
1.2247238095238095	0.002648	0.00817	5.899e-08	0.1914	42020.0	/home/zhurh/new_frequency_realistic/stage1_2300mm_beta_35cm/205MeV/20.66999501088701,31.816965842225265/
1.3383238095238095	0.003422	0.007062	8.881e-08	0.2192	43940.0	/home/zhurh/new_frequency_realistic/stage1_2300mm_beta_35cm/205MeV/24.298226180784336,29.245338681525226/
1.888	0.005552	0.00652	2.331e-07	0.2331	44530.0	/home/zhurh/new_frequency_realistic/stage1_2300mm_beta_35cm/205MeV/25.631041440511122,28.615116108048085/
1.2901333333333334	0.002968	0.008468	7.616e-08	0.2032	45270.0	/home/zhurh/new_frequency_realistic/stage1_2300mm_beta_35cm/205MeV/24.03046845418828,27.945253407228083/
1.2579809523809524	0.002749	0.008809	6.772e-08	0.1699	32530.0	/home/zhurh/new_frequency_realistic/stage1_2300mm_beta_35cm/205MeV/19.287037427372706,31.841913701987636/
1.253752380952381	0.002687	0.00912	6.661e-08	0.1735	35320.0	/home/zhurh/new_frequency_realistic/stage1_2300mm_beta_35cm/205MeV/19.955231832922372,31.027746505431942/
1.2639619047619048	0.002724	0.0092	6.929e-08	0.1709	33290.0	/home/zhurh/new_frequency_realistic/stage1_2300mm_beta_35cm/205MeV/20.18508040555163,30.343535624916587/
1.7946666666666666	0.005426	0.005632	2.086e-07	0.236	40830.0	/home/zhurh/new_frequency_realistic/stage1_2300mm_beta_35cm/205MeV/22.59279267392022,32.98954221515415/
1.9836190476190478	0.005908	0.00607	2.582e-07	0.2395	41850.0	/home/zhurh/new_frequency_realistic/stage1_2300mm_beta_35cm/205MeV/23.46777341593262,32.00913023728852/
1.2900952380952382	0.002781	0.009779	7.615e-08	0.1796	38680.0	/home/zhurh/new_frequency_realistic/stage1_2300mm_beta_35cm/205MeV/22.177137218275675,28.08478735399133/
1.2494476190476191	0.002914	0.007449	6.548e-08	0.2001	42980.0	/home/zhurh/new_frequency_realistic/stage1_2300mm_beta_35cm/205MeV/21.322481616040367,31.625700729012664/
1.2553904761904762	0.00295	0.007335	6.704e-08	0.2145	43340.0	/home/zhurh/new_frequency_realistic/stage1_2300mm_beta_35cm/205MeV/22.46920356673768,31.417194633766222/
1.3509333333333333	0.00341	0.007446	9.212e-08	0.219	44860.0	/home/zhurh/new_frequency_realistic/stage1_2300mm_beta_35cm/205MeV/25.460060127766713,27.712130814621478/
1.2664380952380951	0.00282	0.008604	6.994e-08	0.1922	43880.0	/home/zhurh/new_frequency_realistic/stage1_2300mm_beta_35cm/205MeV/22.450577699859636,29.05529152701027/
1.3262476190476191	0.003525	0.006227	8.564e-08	0.2249	40360.0	/home/zhurh/new_frequency_realistic/stage1_2300mm_beta_35cm/205MeV/21.095011039328,34.62857229248616/
1.1875809523809524	0.002496	0.007678	4.924e-08	0.1897	38600.0	/home/zhurh/new_frequency_realistic/stage1_2300mm_beta_35cm/205MeV/18.963657567981127,34.75411871303979/
1.2182857142857144	0.002863	0.006753	5.73e-08	0.2113	40880.0	/home/zhurh/new_frequency_realistic/stage1_2300mm_beta_35cm/205MeV/20.201037297418086,34.8042047755136/
1.1985142857142856	0.002541	0.007832	5.211e-08	0.1929	40380.0	/home/zhurh/new_frequency_realistic/stage1_2300mm_beta_35cm/205MeV/19.73133863446355,33.628142647997/
1.2355047619047619	0.002896	0.00714	6.182e-08	0.2034	42320.0	/home/zhurh/new_frequency_realistic/stage1_2300mm_beta_35cm/205MeV/20.86527190499386,32.73792896667733/
1.2435809523809525	0.002918	0.007254	6.394e-08	0.2111	42870.0	/home/zhurh/new_frequency_realistic/stage1_2300mm_beta_35cm/205MeV/21.603272572840122,32.38063916141434/
1.2796190476190477	0.00276	0.00957	7.34e-08	0.1753	36460.0	/home/zhurh/new_frequency_realistic/stage1_2300mm_beta_35cm/205MeV/20.970775249058853,29.504753705566532/
1.223352380952381	0.002597	0.00855	5.863e-08	0.1825	39860.0	/home/zhurh/new_frequency_realistic/stage1_2300mm_beta_35cm/205MeV/20.07476999832667,31.848693352202602/
1.2653714285714286	0.002881	0.008196	6.966e-08	0.2078	45120.0	/home/zhurh/new_frequency_realistic/stage1_2300mm_beta_35cm/205MeV/23.9796423370573,28.53583909320138/
1.7546666666666668	0.005183	0.006914	1.981e-07	0.2333	45820.0	/home/zhurh/new_frequency_realistic/stage1_2300mm_beta_35cm/205MeV/27.637974305834803,26.399600600724124/
1.2504761904761905	0.00275	0.00852	6.575e-08	0.1673	30390.0	/home/zhurh/new_frequency_realistic/stage1_2300mm_beta_35cm/205MeV/18.84179716937271,32.38063916141434/
1.232	0.002683	0.008366	6.09e-08	0.1696	31940.0	/home/zhurh/new_frequency_realistic/stage1_2300mm_beta_35cm/205MeV/18.411862210248348,33.50420133799317/
1.2023238095238096	0.00257	0.007993	5.311e-08	0.1728	33620.0	/home/zhurh/new_frequency_realistic/stage1_2300mm_beta_35cm/205MeV/18.099065706880197,34.545582742039784/
2.0544761904761906	0.005876	0.006513	2.768e-07	0.2452	38650.0	/home/zhurh/new_frequency_realistic/stage1_2300mm_beta_35cm/205MeV/22.328922324026454,34.44189280344986/
1.1915809523809524	0.0025	0.007874	5.029e-08	0.1831	37810.0	/home/zhurh/new_frequency_realistic/stage1_2300mm_beta_35cm/205MeV/18.830820691391544,34.2404813020144/
1.5333333333333334	0.004539	0.005726	1.4e-07	0.2307	40550.0	/home/zhurh/new_frequency_realistic/stage1_2300mm_beta_35cm/205MeV/22.084856219332995,33.388477620547526/
1.208304761904762	0.002566	0.008093	5.468e-08	0.19	41160.0	/home/zhurh/new_frequency_realistic/stage1_2300mm_beta_35cm/205MeV/20.25938654473883,32.38063916141434/
1.2414476190476191	0.002919	0.007098	6.338e-08	0.2147	42370.0	/home/zhurh/new_frequency_realistic/stage1_2300mm_beta_35cm/205MeV/21.50309029178934,32.93656348346148/
1.238895238095238	0.00263	0.008956	6.271e-08	0.1814	40040.0	/home/zhurh/new_frequency_realistic/stage1_2300mm_beta_35cm/205MeV/20.495739575078762,30.9852880494388/
1.2704	0.003014	0.007392	7.098e-08	0.2152	43660.0	/home/zhurh/new_frequency_realistic/stage1_2300mm_beta_35cm/205MeV/23.013843653517586,30.676984861896397/
1.5942857142857143	0.004833	0.005464	1.56e-07	0.2348	39240.0	/home/zhurh/new_frequency_realistic/stage1_2300mm_beta_35cm/205MeV/21.603272572840122,34.58892180656808/
1.2296761904761906	0.002875	0.007008	6.029e-08	0.2127	41940.0	/home/zhurh/new_frequency_realistic/stage1_2300mm_beta_35cm/205MeV/20.946680120820222,33.65083261907117/
1.218247619047619	0.002738	0.007374	5.729e-08	0.1999	41510.0	/home/zhurh/new_frequency_realistic/stage1_2300mm_beta_35cm/205MeV/20.3021359113539,33.331366456668356/
1.2040761904761905	0.002713	0.007023	5.357e-08	0.2034	40290.0	/home/zhurh/new_frequency_realistic/stage1_2300mm_beta_35cm/205MeV/19.647336857650043,34.93736431084788/
