 #NTuple/Z0                                                                      
 output from Ecalc9f version   2.09
  settings: 
    particle type:            2
    pzmin/pzmax:    0.0000000000000000      /   100.00000000000000     
    transverse cuts:    0.0000000000000000        0.0000000000000000     
    longitudinal cut:    0.0000000000000000     
    RF frequency (MHz):    352.00000000000000     
    sigma cut:    4.0000000000000000     
    subtract out amplitude correlation
    wrnew9 =  F

regn #   Z           Bz          eperp       elong       e6D         Ldim        Pzavg       beta        alpha       betaL       alphaL      n0          n1          n2          Lcan(eVs)   sigmaE      sigmaT      corrE       corrT       sigmaE_c    xavg        yavg        Dx          Dy          Dr          Dr2
     1  0.0000E+00  0.1412E-02  0.2844E-02  0.8932E-02  0.7332E-07 -0.4008E-01  0.2040E+00  0.3813E+00  0.2241E+00  0.8362E+00  0.4139E-01  0.4563E+05  0.4563E+05  0.4563E+05 -0.7565E-03  0.1386E-01  0.2336E-09  0.3248E+00  0.3130E-09  0.1349E-01 -0.8357E-02 -0.1164E-01 -0.5255E-01  0.1588E-01  0.5309E-01  0.6165E-01
     2  0.1800E+01  0.1444E-02  0.2811E-02  0.8909E-02  0.7049E-07 -0.4073E-01  0.2051E+00  0.3269E+00  0.3297E+00  0.7985E+00  0.8826E-02  0.4548E+05  0.4548E+05  0.4548E+05 -0.8586E-03  0.1413E-01  0.2276E-09  0.3004E+00  0.1470E-08  0.1382E-01 -0.1115E-01 -0.1125E-01 -0.6497E-01  0.7585E-03  0.7340E-01  0.7368E-01
     3  0.3600E+01  0.1285E-02  0.2760E-02  0.8833E-02  0.6824E-07 -0.4366E-01  0.2054E+00  0.2888E+00  0.1988E+00  0.8053E+00 -0.3200E-01  0.4532E+05  0.4532E+05  0.4532E+05 -0.1155E-02  0.1408E-01  0.2280E-09  0.3220E+00  0.2393E-08  0.1373E-01 -0.8558E-02 -0.1173E-01 -0.5554E-01  0.1239E-02  0.6496E-01  0.6241E-01
     4  0.5400E+01  0.1467E-02  0.2742E-02  0.8758E-02  0.6684E-07 -0.3830E-01  0.2049E+00  0.3041E+00  0.1071E+00  0.8260E+00 -0.3813E-01  0.4514E+05  0.4514E+05  0.4514E+05 -0.5490E-03  0.1390E-01  0.2312E-09  0.3534E+00  0.3165E-08  0.1348E-01 -0.1038E-01 -0.1109E-01 -0.7159E-01  0.2125E-02  0.6293E-01  0.6899E-01
     5  0.7200E+01  0.1356E-02  0.2681E-02  0.8744E-02  0.6551E-07 -0.4016E-01  0.2035E+00  0.3236E+00  0.1132E+00  0.8251E+00  0.6278E-02  0.4494E+05  0.4494E+05  0.4494E+05 -0.1203E-02  0.1396E-01  0.2325E-09  0.4154E+00  0.3612E-08  0.1340E-01 -0.9088E-02 -0.1155E-01 -0.4366E-01  0.3898E-02  0.6312E-01  0.6383E-01
     6  0.9000E+01  0.1362E-02  0.2679E-02  0.8765E-02  0.6553E-07 -0.3421E-01  0.2016E+00  0.3349E+00  0.1638E+00  0.7898E+00  0.2207E-01  0.4478E+05  0.4478E+05  0.4478E+05 -0.6570E-03  0.1436E-01  0.2292E-09  0.4841E+00  0.3517E-08  0.1362E-01 -0.8670E-02 -0.1152E-01 -0.6726E-01 -0.1889E-02  0.8481E-01  0.5943E-01
     7  0.1080E+02  0.1436E-02  0.2629E-02  0.8700E-02  0.6308E-07 -0.3470E-01  0.2000E+00  0.3250E+00  0.2071E+00  0.7667E+00 -0.4239E-02  0.4456E+05  0.4456E+05  0.4456E+05 -0.9138E-03  0.1455E-01  0.2254E-09  0.5333E+00  0.2698E-08  0.1369E-01 -0.8481E-02 -0.1081E-01 -0.5276E-01  0.9249E-02  0.8158E-01  0.5243E-01
     8  0.1260E+02  0.1345E-02  0.2610E-02  0.8473E-02  0.6092E-07 -0.3343E-01  0.1991E+00  0.3126E+00  0.2181E+00  0.7860E+00 -0.4118E-01  0.4440E+05  0.4440E+05  0.4440E+05 -0.8619E-03  0.1432E-01  0.2251E-09  0.5700E+00  0.1806E-08  0.1331E-01 -0.8021E-02 -0.1221E-01 -0.6838E-01  0.2822E-02  0.8501E-01  0.6022E-01
     9  0.1440E+02  0.1400E-02  0.2563E-02  0.8325E-02  0.5806E-07 -0.3375E-01  0.1993E+00  0.3032E+00  0.1894E+00  0.8322E+00 -0.3988E-01  0.4426E+05  0.4426E+05  0.4426E+05 -0.5191E-03  0.1382E-01  0.2289E-09  0.5621E+00  0.7733E-09  0.1283E-01 -0.8139E-02 -0.1068E-01 -0.4839E-01  0.4642E-02  0.7932E-01  0.5472E-01
    10  0.1620E+02  0.1397E-02  0.2565E-02  0.8136E-02  0.5581E-07 -0.3039E-01  0.2004E+00  0.3149E+00  0.1665E+00  0.8547E+00 -0.1642E-01  0.4408E+05  0.4408E+05  0.4408E+05 -0.9065E-03  0.1341E-01  0.2283E-09  0.5107E+00 -0.6017E-10  0.1256E-01 -0.9080E-02 -0.1150E-01 -0.7544E-01 -0.4050E-02  0.8780E-01  0.6874E-01
    11  0.1800E+02  0.1374E-02  0.2515E-02  0.7996E-02  0.5266E-07 -0.2947E-01  0.2021E+00  0.3301E+00  0.1960E+00  0.8536E+00  0.1057E-01  0.4388E+05  0.4388E+05  0.4388E+05 -0.4902E-03  0.1318E-01  0.2249E-09  0.4461E+00 -0.4842E-09  0.1253E-01 -0.8413E-02 -0.1186E-01 -0.4139E-01  0.9766E-02  0.6582E-01  0.6929E-01
    12  0.1980E+02  0.1389E-02  0.2495E-02  0.7837E-02  0.4955E-07 -0.3204E-01  0.2039E+00  0.3328E+00  0.2624E+00  0.8371E+00  0.2044E-01  0.4371E+05  0.4371E+05  0.4371E+05 -0.6173E-03  0.1305E-01  0.2190E-09  0.3658E+00 -0.1393E-09  0.1261E-01 -0.1045E-01 -0.1073E-01 -0.6992E-01 -0.2454E-03  0.7029E-01  0.7581E-01
    13  0.2160E+02  0.1404E-02  0.2451E-02  0.7800E-02  0.4742E-07 -0.2898E-01  0.2054E+00  0.3142E+00  0.2491E+00  0.8269E+00  0.1381E-01  0.4356E+05  0.4356E+05  0.4356E+05 -0.7578E-03  0.1308E-01  0.2162E-09  0.3352E+00  0.8376E-09  0.1273E-01 -0.9194E-02 -0.1221E-01 -0.5141E-01 -0.1191E-02  0.6378E-01  0.7850E-01
    14  0.2340E+02  0.1372E-02  0.2441E-02  0.7666E-02  0.4614E-07 -0.2783E-01  0.2063E+00  0.3117E+00  0.2021E+00  0.8067E+00  0.1573E-01  0.4338E+05  0.4338E+05  0.4338E+05 -0.2680E-03  0.1315E-01  0.2116E-09  0.3270E+00  0.1982E-08  0.1281E-01 -0.1074E-01 -0.1085E-01 -0.6708E-01  0.3711E-02  0.6176E-01  0.7794E-01
    15  0.2520E+02  0.1390E-02  0.2406E-02  0.7634E-02  0.4543E-07 -0.2828E-01  0.2064E+00  0.3212E+00  0.1879E+00  0.7976E+00  0.9571E-02  0.4322E+05  0.4322E+05  0.4322E+05 -0.8849E-03  0.1329E-01  0.2108E-09  0.3722E+00  0.2842E-08  0.1286E-01 -0.9827E-02 -0.1180E-01 -0.4514E-01 -0.2288E-02  0.5636E-01  0.7690E-01
    16  0.2700E+02  0.1416E-02  0.2402E-02  0.7513E-02  0.4463E-07 -0.2775E-01  0.2055E+00  0.3285E+00  0.2089E+00  0.7813E+00  0.1529E-01  0.4306E+05  0.4306E+05  0.4306E+05 -0.3454E-03  0.1340E-01  0.2081E-09  0.4229E+00  0.3237E-08  0.1285E-01 -0.9931E-02 -0.1145E-01 -0.7122E-01  0.7412E-02  0.6869E-01  0.7427E-01
    17  0.2880E+02  0.1343E-02  0.2364E-02  0.7487E-02  0.4379E-07 -0.3225E-01  0.2040E+00  0.3203E+00  0.2129E+00  0.7652E+00  0.2494E-01  0.4292E+05  0.4292E+05  0.4292E+05 -0.7732E-03  0.1359E-01  0.2064E-09  0.4830E+00  0.3019E-08  0.1290E-01 -0.9367E-02 -0.1108E-01 -0.4512E-01 -0.2807E-02  0.7036E-01  0.6611E-01
    18  0.3060E+02  0.1435E-02  0.2353E-02  0.7313E-02  0.4266E-07 -0.3111E-01  0.2024E+00  0.3158E+00  0.2079E+00  0.7492E+00  0.2001E-01  0.4279E+05  0.4279E+05  0.4279E+05 -0.6443E-03  0.1370E-01  0.2024E-09  0.5514E+00  0.2406E-08  0.1281E-01 -0.9261E-02 -0.1188E-01 -0.6508E-01  0.6231E-02  0.7804E-01  0.6954E-01
    19  0.3240E+02  0.1373E-02  0.2319E-02  0.7225E-02  0.4114E-07 -0.3419E-01  0.2013E+00  0.3111E+00  0.1885E+00  0.7491E+00  0.4266E-02  0.4269E+05  0.4269E+05  0.4269E+05 -0.6550E-03  0.1361E-01  0.2012E-09  0.5671E+00  0.1402E-08  0.1268E-01 -0.8460E-02 -0.1101E-01 -0.4867E-01 -0.5181E-02  0.7795E-01  0.6017E-01
    20  0.3420E+02  0.1366E-02  0.2303E-02  0.7070E-02  0.3937E-07 -0.3171E-01  0.2009E+00  0.3167E+00  0.1802E+00  0.7630E+00 -0.6374E-02  0.4256E+05  0.4256E+05  0.4256E+05 -0.6937E-03  0.1329E-01  0.2007E-09  0.5496E+00  0.4768E-09  0.1241E-01 -0.9065E-02 -0.1143E-01 -0.6616E-01  0.8762E-02  0.7819E-01  0.6864E-01
    21  0.3600E+02  0.1453E-02  0.2272E-02  0.6968E-02  0.3768E-07 -0.3367E-01  0.2015E+00  0.3203E+00  0.1875E+00  0.7831E+00 -0.8281E-02  0.4246E+05  0.4246E+05  0.4246E+05 -0.6338E-03  0.1294E-01  0.2015E-09  0.5078E+00 -0.1052E-09  0.1219E-01 -0.8755E-02 -0.1186E-01 -0.4668E-01 -0.2046E-02  0.7427E-01  0.7347E-01
    22  0.3780E+02  0.1318E-02  0.2253E-02  0.6834E-02  0.3562E-07 -0.3330E-01  0.2027E+00  0.3252E+00  0.2064E+00  0.7985E+00 -0.2881E-02  0.4232E+05  0.4232E+05  0.4232E+05 -0.5787E-03  0.1258E-01  0.2006E-09  0.4428E+00 -0.3145E-09  0.1201E-01 -0.9399E-02 -0.1069E-01 -0.7166E-01  0.6163E-02  0.7397E-01  0.7312E-01
    23  0.3960E+02  0.1444E-02  0.2224E-02  0.6787E-02  0.3439E-07 -0.3476E-01  0.2042E+00  0.3233E+00  0.2051E+00  0.8111E+00  0.1116E-02  0.4222E+05  0.4222E+05  0.4222E+05 -0.6766E-03  0.1240E-01  0.2004E-09  0.4001E+00  0.1527E-09  0.1193E-01 -0.9717E-02 -0.1227E-01 -0.4759E-01 -0.3278E-02  0.6963E-01  0.9025E-01
    24  0.4140E+02  0.1387E-02  0.2206E-02  0.6703E-02  0.3317E-07 -0.3392E-01  0.2057E+00  0.3271E+00  0.2069E+00  0.8079E+00  0.1278E-01  0.4209E+05  0.4209E+05  0.4209E+05 -0.4837E-03  0.1233E-01  0.1979E-09  0.3644E+00  0.8488E-09  0.1194E-01 -0.1023E-01 -0.1080E-01 -0.6307E-01  0.9834E-02  0.6494E-01  0.8358E-01
    25  0.4320E+02  0.1346E-02  0.2192E-02  0.6685E-02  0.3269E-07 -0.3614E-01  0.2067E+00  0.3297E+00  0.2056E+00  0.8015E+00  0.1443E-01  0.4197E+05  0.4197E+05  0.4197E+05 -0.7532E-03  0.1241E-01  0.1965E-09  0.3697E+00  0.1574E-08  0.1202E-01 -0.1015E-01 -0.1198E-01 -0.5361E-01 -0.8419E-02  0.7050E-01  0.9233E-01
    26  0.4500E+02  0.1473E-02  0.2167E-02  0.6601E-02  0.3164E-07 -0.3354E-01  0.2070E+00  0.3329E+00  0.2124E+00  0.7859E+00  0.2228E-01  0.4181E+05  0.4181E+05  0.4181E+05 -0.4560E-03  0.1249E-01  0.1935E-09  0.3886E+00  0.2095E-08  0.1208E-01 -0.1057E-01 -0.1119E-01 -0.6207E-01  0.9833E-02  0.6450E-01  0.8766E-01
    27  0.4680E+02  0.1312E-02  0.2147E-02  0.6551E-02  0.3117E-07 -0.3741E-01  0.2066E+00  0.3301E+00  0.2207E+00  0.7719E+00  0.3011E-01  0.4170E+05  0.4170E+05  0.4170E+05 -0.7567E-03  0.1264E-01  0.1916E-09  0.4413E+00  0.2502E-08  0.1212E-01 -0.9979E-02 -0.1156E-01 -0.4837E-01 -0.8177E-02  0.7208E-01  0.8461E-01
    28  0.4860E+02  0.1442E-02  0.2134E-02  0.6463E-02  0.3051E-07 -0.3464E-01  0.2056E+00  0.3248E+00  0.2162E+00  0.7495E+00  0.3103E-01  0.4158E+05  0.4158E+05  0.4158E+05 -0.5384E-03  0.1282E-01  0.1882E-09  0.4952E+00  0.2498E-08  0.1218E-01 -0.1030E-01 -0.1148E-01 -0.6459E-01  0.1166E-01  0.7423E-01  0.8351E-01
    29  0.5040E+02  0.1398E-02  0.2114E-02  0.6379E-02  0.2984E-07 -0.3608E-01  0.2043E+00  0.3196E+00  0.1915E+00  0.7333E+00  0.2395E-01  0.4147E+05  0.4147E+05  0.4147E+05 -0.7140E-03  0.1292E-01  0.1853E-09  0.5418E+00  0.1850E-08  0.1218E-01 -0.9239E-02 -0.1136E-01 -0.4842E-01 -0.8715E-02  0.7702E-01  0.7417E-01
    30  0.5220E+02  0.1339E-02  0.2100E-02  0.6252E-02  0.2890E-07 -0.3408E-01  0.2033E+00  0.3214E+00  0.1843E+00  0.7301E+00  0.9187E-02  0.4137E+05  0.4137E+05  0.4137E+05 -0.5384E-03  0.1284E-01  0.1833E-09  0.5609E+00  0.1100E-08  0.1203E-01 -0.9755E-02 -0.1145E-01 -0.6157E-01  0.1233E-01  0.7548E-01  0.7835E-01
    31  0.5400E+02  0.1477E-02  0.2087E-02  0.6155E-02  0.2806E-07 -0.3343E-01  0.2028E+00  0.3199E+00  0.1780E+00  0.7386E+00  0.3835E-03  0.4128E+05  0.4128E+05  0.4128E+05 -0.6685E-03  0.1260E-01  0.1831E-09  0.5431E+00  0.2701E-09  0.1185E-01 -0.9090E-02 -0.1153E-01 -0.5166E-01 -0.9521E-02  0.7971E-01  0.7734E-01
    32  0.5580E+02  0.1317E-02  0.2067E-02  0.6049E-02  0.2681E-07 -0.2945E-01  0.2029E+00  0.3244E+00  0.1776E+00  0.7532E+00 -0.1893E-02  0.4118E+05  0.4118E+05  0.4118E+05 -0.4353E-03  0.1230E-01  0.1832E-09  0.5094E+00 -0.1946E-09  0.1164E-01 -0.9313E-02 -0.1115E-01 -0.6539E-01  0.1087E-01  0.7629E-01  0.7923E-01
    33  0.5760E+02  0.1438E-02  0.2043E-02  0.5997E-02  0.2582E-07 -0.3047E-01  0.2036E+00  0.3256E+00  0.1857E+00  0.7665E+00 -0.1503E-02  0.4112E+05  0.4112E+05  0.4112E+05 -0.5483E-03  0.1204E-01  0.1835E-09  0.4571E+00 -0.1452E-09  0.1152E-01 -0.9894E-02 -0.1181E-01 -0.4803E-01 -0.4102E-02  0.7272E-01  0.9214E-01
    34  0.5940E+02  0.1401E-02  0.2029E-02  0.5919E-02  0.2481E-07 -0.3067E-01  0.2047E+00  0.3272E+00  0.1917E+00  0.7777E+00  0.1216E-02  0.4104E+05  0.4104E+05  0.4104E+05 -0.4997E-03  0.1182E-01  0.1829E-09  0.4041E+00  0.1782E-09  0.1140E-01 -0.9612E-02 -0.1113E-01 -0.6547E-01  0.8682E-02  0.6971E-01  0.8801E-01
    35  0.6120E+02  0.1345E-02  0.2018E-02  0.5871E-02  0.2422E-07 -0.2993E-01  0.2060E+00  0.3294E+00  0.1863E+00  0.7852E+00  0.6133E-02  0.4094E+05  0.4094E+05  0.4094E+05 -0.4366E-03  0.1170E-01  0.1824E-09  0.3769E+00  0.7068E-09  0.1135E-01 -0.1043E-01 -0.1172E-01 -0.5787E-01 -0.4433E-02  0.7277E-01  0.1023E+00
    36  0.6300E+02  0.1468E-02  0.2000E-02  0.5832E-02  0.2373E-07 -0.2897E-01  0.2070E+00  0.3336E+00  0.1886E+00  0.7792E+00  0.1208E-01  0.4083E+05  0.4083E+05  0.4083E+05 -0.4908E-03  0.1172E-01  0.1807E-09  0.3631E+00  0.1444E-08  0.1140E-01 -0.1038E-01 -0.1131E-01 -0.5507E-01  0.7164E-02  0.6344E-01  0.9807E-01
    37  0.6480E+02  0.1329E-02  0.1994E-02  0.5789E-02  0.2344E-07 -0.3029E-01  0.2075E+00  0.3368E+00  0.2007E+00  0.7771E+00  0.1736E-01  0.4073E+05  0.4073E+05  0.4073E+05 -0.4587E-03  0.1175E-01  0.1798E-09  0.3882E+00  0.2089E-08  0.1139E-01 -0.1060E-01 -0.1163E-01 -0.6015E-01 -0.2671E-02  0.7312E-01  0.1032E+00
    38  0.6660E+02  0.1433E-02  0.1978E-02  0.5743E-02  0.2310E-07 -0.2862E-01  0.2074E+00  0.3362E+00  0.2115E+00  0.7644E+00  0.2378E-01  0.4061E+05  0.4061E+05  0.4061E+05 -0.4871E-03  0.1187E-01  0.1780E-09  0.4309E+00  0.2547E-08  0.1144E-01 -0.1058E-01 -0.1139E-01 -0.5524E-01  0.7087E-02  0.7036E-01  0.9876E-01
    39  0.6840E+02  0.1399E-02  0.1973E-02  0.5676E-02  0.2292E-07 -0.3055E-01  0.2068E+00  0.3306E+00  0.2075E+00  0.7506E+00  0.3181E-01  0.4052E+05  0.4052E+05  0.4052E+05 -0.4798E-03  0.1201E-01  0.1757E-09  0.4908E+00  0.2506E-08  0.1145E-01 -0.1023E-01 -0.1151E-01 -0.5638E-01 -0.3799E-02  0.7959E-01  0.9515E-01
    40  0.7020E+02  0.1360E-02  0.1960E-02  0.5626E-02  0.2250E-07 -0.3114E-01  0.2059E+00  0.3274E+00  0.1956E+00  0.7326E+00  0.2867E-01  0.4043E+05  0.4043E+05  0.4043E+05 -0.5236E-03  0.1214E-01  0.1731E-09  0.5290E+00  0.2145E-08  0.1151E-01 -0.1032E-01 -0.1145E-01 -0.5594E-01  0.8830E-02  0.7403E-01  0.9251E-01
    41  0.7200E+02  0.1450E-02  0.1952E-02  0.5532E-02  0.2198E-07 -0.3080E-01  0.2051E+00  0.3268E+00  0.1841E+00  0.7233E+00  0.1679E-01  0.4034E+05  0.4034E+05  0.4034E+05 -0.5203E-03  0.1212E-01  0.1707E-09  0.5507E+00  0.1492E-08  0.1145E-01 -0.9733E-02 -0.1145E-01 -0.5776E-01 -0.4643E-02  0.8119E-01  0.8830E-01
