 #NTuple/Z0                                                                      
 output from Ecalc9f version   2.09
  settings: 
    particle type:            2
    pzmin/pzmax:    0.0000000000000000      /   100.00000000000000     
    transverse cuts:    0.0000000000000000        0.0000000000000000     
    longitudinal cut:    0.0000000000000000     
    RF frequency (MHz):    704.00000000000000     
    sigma cut:    4.0000000000000000     
    subtract out amplitude correlation
    wrnew9 =  F

regn #   Z           Bz          eperp       elong       e6D         Ldim        Pzavg       beta        alpha       betaL       alphaL      n0          n1          n2          Lcan(eVs)   sigmaE      sigmaT      corrE       corrT       sigmaE_c    xavg        yavg        Dx          Dy          Dr          Dr2
     1  0.0000E+00  0.0000E+00  0.7130E-03  0.2508E-02  0.1323E-08 -0.3416E-01  0.2089E+00  0.1021E+00  0.4877E-01  0.5001E+00 -0.4635E-01  0.2912E+05  0.2912E+05  0.2912E+05 -0.1769E-03  0.9832E-02  0.9449E-10  0.1162E+01 -0.3234E-08  0.9400E-02 -0.1356E-02 -0.2405E-02 -0.2041E-01 -0.2863E-03  0.1221E-01  0.4626E-02
     2  0.7000E+00  0.0000E+00  0.7003E-03  0.2553E-02  0.1261E-08 -0.2996E-01  0.2090E+00  0.6657E-01  0.4863E+00  0.4954E+00  0.2545E-01  0.2892E+05  0.2892E+05  0.2892E+05 -0.5670E-04  0.9724E-02  0.9459E-10  0.8450E+00 -0.1532E-08  0.9523E-02 -0.2176E-02 -0.2431E-02 -0.9651E-02 -0.8385E-03  0.2237E-01  0.6634E-02
     3  0.1400E+01  0.0000E+00  0.7224E-03  0.2540E-02  0.1340E-08 -0.2676E-01  0.2094E+00  0.4654E-01  0.6013E-01  0.4810E+00  0.1017E+00  0.2870E+05  0.2870E+05  0.2870E+05 -0.2564E-03  0.9818E-02  0.9292E-10  0.6283E+00  0.2264E-08  0.9700E-02 -0.2068E-02 -0.2472E-02 -0.4276E-02  0.6593E-03  0.7303E-03  0.6007E-02
     4  0.2100E+01  0.0000E+00  0.7524E-03  0.2504E-02  0.1435E-08 -0.2178E-01  0.2105E+00  0.5977E-01 -0.5022E-01  0.4544E+00  0.1449E+00  0.2855E+05  0.2855E+05  0.2855E+05 -0.8535E-04  0.1017E-01  0.9001E-10  0.7450E+00  0.4763E-08  0.9996E-02 -0.1681E-02 -0.2476E-02 -0.1466E-01  0.1643E-05 -0.5040E-02  0.4763E-02
     5  0.2800E+01  0.0000E+00  0.7341E-03  0.2506E-02  0.1379E-08 -0.1799E-01  0.2113E+00  0.6272E-01  0.4976E-01  0.4160E+00  0.1319E+00  0.2846E+05  0.2846E+05  0.2846E+05 -0.7058E-04  0.1072E-01  0.8654E-10  0.9676E+00  0.6420E-08  0.1046E-01 -0.2260E-02 -0.2363E-02 -0.1436E-01  0.7417E-03  0.6357E-02  0.5358E-02
     6  0.3500E+01  0.0000E+00  0.7103E-03  0.2527E-02  0.1334E-08 -0.1342E-01  0.2119E+00  0.6010E-01  0.8949E-01  0.3862E+00  0.6525E-01  0.2835E+05  0.2835E+05  0.2835E+05 -0.1372E-03  0.1117E-01  0.8438E-10  0.1145E+01  0.8190E-08  0.1086E-01 -0.1973E-02 -0.2525E-02 -0.8462E-02 -0.2091E-02  0.9565E-02  0.4800E-02
     7  0.4200E+01  0.0000E+00  0.7043E-03  0.2543E-02  0.1343E-08 -0.8509E-02  0.2121E+00  0.5896E-01  0.1014E+00  0.3833E+00 -0.3025E-01  0.2825E+05  0.2825E+05  0.2825E+05  0.1389E-04  0.1137E-01  0.8503E-10  0.1385E+01  0.9655E-08  0.1092E-01 -0.2040E-02 -0.2404E-02 -0.1379E-01  0.6950E-03  0.9809E-02  0.4509E-02
     8  0.4900E+01  0.0000E+00  0.6986E-03  0.2549E-02  0.1361E-08 -0.7228E-02  0.2121E+00  0.5715E-01  0.1027E+00  0.4047E+00 -0.9933E-01  0.2813E+05  0.2813E+05  0.2813E+05 -0.9443E-04  0.1136E-01  0.8734E-10  0.1697E+01  0.9772E-08  0.1069E-01 -0.2157E-02 -0.2462E-02 -0.1016E-01 -0.1076E-03  0.9663E-02  0.4864E-02
     9  0.5600E+01  0.0000E+00  0.6933E-03  0.2534E-02  0.1362E-08 -0.2036E-02  0.2117E+00  0.5635E-01  0.8523E-01  0.4392E+00 -0.1051E+00  0.2796E+05  0.2796E+05  0.2796E+05  0.4204E-05  0.1117E-01  0.8993E-10  0.2005E+01  0.8551E-08  0.1022E-01 -0.1938E-02 -0.2472E-02 -0.9777E-02 -0.1421E-03  0.1146E-01  0.4647E-02
    10  0.6300E+01  0.0000E+00  0.6887E-03  0.2524E-02  0.1349E-08 -0.1951E-03  0.2110E+00  0.5657E-01  0.7258E-01  0.4691E+00 -0.6133E-01  0.2782E+05  0.2782E+05  0.2782E+05 -0.1323E-04  0.1101E-01  0.9211E-10  0.2234E+01  0.6824E-08  0.9811E-02 -0.2100E-02 -0.2382E-02 -0.1184E-01 -0.1891E-03  0.1314E-01  0.4883E-02
    11  0.7000E+01  0.0000E+00  0.6825E-03  0.2492E-02  0.1328E-08  0.4444E-02  0.2101E+00  0.5643E-01  0.6500E-01  0.4775E+00  0.1740E-01  0.2770E+05  0.2770E+05  0.2770E+05 -0.8905E-05  0.1103E-01  0.9201E-10  0.2436E+01  0.5030E-08  0.9617E-02 -0.1926E-02 -0.2496E-02 -0.9953E-02  0.2224E-03  0.1387E-01  0.4777E-02
    12  0.7700E+01  0.0000E+00  0.6738E-03  0.2465E-02  0.1280E-08  0.5646E-02  0.2091E+00  0.5677E-01  0.5024E-01  0.4652E+00  0.9797E-01  0.2756E+05  0.2756E+05  0.2756E+05  0.4414E-04  0.1117E-01  0.9016E-10  0.2528E+01  0.2797E-08  0.9705E-02 -0.1925E-02 -0.2427E-02 -0.9452E-02 -0.4026E-03  0.1403E-01  0.4478E-02
    13  0.8400E+01  0.0000E+00  0.6693E-03  0.2450E-02  0.1241E-08  0.1027E-01  0.2082E+00  0.5759E-01  0.5594E-01  0.4329E+00  0.1391E+00  0.2745E+05  0.2745E+05  0.2745E+05  0.1549E-04  0.1145E-01  0.8680E-10  0.2523E+01  0.7015E-09  0.1005E-01 -0.1958E-02 -0.2397E-02 -0.1146E-01  0.3075E-04  0.1306E-01  0.4220E-02
    14  0.9100E+01  0.0000E+00  0.6590E-03  0.2437E-02  0.1175E-08  0.1113E-01  0.2075E+00  0.5732E-01  0.6260E-01  0.3941E+00  0.1233E+00  0.2734E+05  0.2734E+05  0.2734E+05  0.2711E-04  0.1166E-01  0.8286E-10  0.2388E+01 -0.1522E-08  0.1045E-01 -0.1735E-02 -0.2504E-02 -0.1128E-01  0.1764E-03  0.1095E-01  0.3905E-02
    15  0.9800E+01  0.0000E+00  0.6471E-03  0.2429E-02  0.1105E-08  0.1603E-01  0.2069E+00  0.5692E-01  0.4171E-01  0.3692E+00  0.5862E-01  0.2724E+05  0.2724E+05  0.2724E+05  0.1116E-03  0.1165E-01  0.8052E-10  0.2169E+01 -0.3670E-08  0.1070E-01 -0.1905E-02 -0.2393E-02 -0.1028E-01 -0.3655E-03  0.1004E-01  0.3903E-02
    16  0.1050E+02  0.0000E+00  0.6398E-03  0.2413E-02  0.1051E-08  0.1883E-01  0.2068E+00  0.5872E-01  0.2289E-01  0.3702E+00 -0.3475E-01  0.2715E+05  0.2715E+05  0.2715E+05  0.1986E-04  0.1139E-01  0.8057E-10  0.1956E+01 -0.4507E-08  0.1063E-01 -0.1855E-02 -0.2408E-02 -0.1291E-01 -0.5891E-04  0.1068E-01  0.4030E-02
    17  0.1120E+02  0.0000E+00  0.6343E-03  0.2389E-02  0.1015E-08  0.2163E-01  0.2070E+00  0.6120E-01  0.4386E-01  0.3965E+00 -0.1073E+00  0.2709E+05  0.2709E+05  0.2709E+05  0.1147E-03  0.1091E-01  0.8291E-10  0.1769E+01 -0.4700E-08  0.1028E-01 -0.1676E-02 -0.2527E-02 -0.1114E-01  0.2881E-04  0.8802E-02  0.4341E-02
    18  0.1190E+02  0.0000E+00  0.6291E-03  0.2385E-02  0.9831E-09  0.2344E-01  0.2073E+00  0.6017E-01  0.9822E-01  0.4333E+00 -0.1274E+00  0.2704E+05  0.2704E+05  0.2704E+05  0.1300E-03  0.1031E-01  0.8646E-10  0.1460E+01 -0.4682E-08  0.9861E-02 -0.2040E-02 -0.2353E-02 -0.9805E-02 -0.6143E-03  0.6234E-02  0.5084E-02
    19  0.1260E+02  0.0000E+00  0.6205E-03  0.2373E-02  0.9374E-09  0.2770E-01  0.2078E+00  0.5679E-01  0.6333E-01  0.4684E+00 -0.9353E-01  0.2698E+05  0.2698E+05  0.2698E+05  0.4329E-04  0.9758E-02  0.8927E-10  0.1221E+01 -0.3713E-08  0.9441E-02 -0.1829E-02 -0.2458E-02 -0.1292E-01 -0.7436E-03  0.6957E-02  0.5511E-02
    20  0.1330E+02  0.0000E+00  0.6146E-03  0.2363E-02  0.9098E-09  0.3062E-01  0.2085E+00  0.5915E-01 -0.6642E-02  0.4890E+00 -0.2095E-01  0.2694E+05  0.2694E+05  0.2694E+05  0.1833E-03  0.9453E-02  0.9061E-10  0.1084E+01 -0.2087E-08  0.9205E-02 -0.1801E-02 -0.2517E-02 -0.1301E-01  0.1506E-02  0.3790E-02  0.5969E-02
    21  0.1400E+02  0.0000E+00  0.6082E-03  0.2356E-02  0.8854E-09  0.3388E-01  0.2092E+00  0.6310E-01  0.3034E-01  0.4842E+00  0.5946E-01  0.2689E+05  0.2689E+05  0.2689E+05  0.1457E-03  0.9473E-02  0.8971E-10  0.9778E+00 -0.4974E-10  0.9274E-02 -0.2162E-02 -0.2345E-02 -0.1084E-01 -0.1114E-02  0.5684E-02  0.6355E-02
    22  0.1470E+02  0.0000E+00  0.5996E-03  0.2361E-02  0.8591E-09  0.3873E-01  0.2098E+00  0.6189E-01  0.8470E-01  0.4582E+00  0.1091E+00  0.2685E+05  0.2685E+05  0.2685E+05  0.1043E-03  0.9778E-02  0.8726E-10  0.9475E+00  0.2104E-08  0.9603E-02 -0.1861E-02 -0.2501E-02 -0.1135E-01 -0.6899E-03  0.7875E-02  0.5764E-02
    23  0.1540E+02  0.0000E+00  0.5966E-03  0.2366E-02  0.8496E-09  0.4092E-01  0.2103E+00  0.5958E-01  0.8181E-01  0.4239E+00  0.1100E+00  0.2681E+05  0.2681E+05  0.2681E+05  0.2309E-03  0.1019E-01  0.8421E-10  0.1005E+01  0.4307E-08  0.1001E-01 -0.2010E-02 -0.2464E-02 -0.1441E-01  0.1018E-02  0.6164E-02  0.5532E-02
    24  0.1610E+02  0.0000E+00  0.5942E-03  0.2369E-02  0.8557E-09  0.4053E-01  0.2106E+00  0.5849E-01  0.7529E-01  0.3980E+00  0.6920E-01  0.2677E+05  0.2677E+05  0.2677E+05  0.1274E-03  0.1054E-01  0.8195E-10  0.1155E+01  0.6012E-08  0.1031E-01 -0.2117E-02 -0.2393E-02 -0.9856E-02 -0.6329E-03  0.3767E-02  0.5202E-02
    25  0.1680E+02  0.0000E+00  0.5939E-03  0.2371E-02  0.8644E-09  0.4589E-01  0.2108E+00  0.5755E-01  0.6692E-01  0.3897E+00  0.8272E-02  0.2673E+05  0.2673E+05  0.2673E+05  0.1891E-03  0.1074E-01  0.8133E-10  0.1396E+01  0.6765E-08  0.1041E-01 -0.1935E-02 -0.2513E-02 -0.1272E-01 -0.8583E-03  0.6142E-02  0.4974E-02
    26  0.1750E+02  0.0000E+00  0.5910E-03  0.2377E-02  0.8695E-09  0.4731E-01  0.2107E+00  0.5771E-01  0.5234E-01  0.3980E+00 -0.5020E-01  0.2668E+05  0.2668E+05  0.2668E+05  0.2075E-03  0.1078E-01  0.8240E-10  0.1620E+01  0.7074E-08  0.1032E-01 -0.2059E-02 -0.2398E-02 -0.1306E-01  0.8689E-03  0.6106E-02  0.4908E-02
    27  0.1820E+02  0.0000E+00  0.5849E-03  0.2380E-02  0.8711E-09  0.4958E-01  0.2104E+00  0.5741E-01  0.5488E-01  0.4180E+00 -0.7439E-01  0.2662E+05  0.2662E+05  0.2662E+05  0.1819E-03  0.1068E-01  0.8453E-10  0.1848E+01  0.7110E-08  0.1008E-01 -0.2031E-02 -0.2467E-02 -0.9015E-02 -0.9742E-03  0.7767E-02  0.5116E-02
    28  0.1890E+02  0.0000E+00  0.5803E-03  0.2382E-02  0.8660E-09  0.5086E-01  0.2099E+00  0.5754E-01  0.4754E-01  0.4396E+00 -0.6371E-01  0.2657E+05  0.2657E+05  0.2657E+05  0.2059E-03  0.1057E-01  0.8662E-10  0.2077E+01  0.6464E-08  0.9811E-02 -0.1971E-02 -0.2458E-02 -0.1250E-01  0.4212E-03  0.1008E-01  0.5090E-02
    29  0.1960E+02  0.0000E+00  0.5752E-03  0.2384E-02  0.8590E-09  0.5401E-01  0.2092E+00  0.5767E-01  0.4219E-01  0.4527E+00 -0.2321E-01  0.2653E+05  0.2653E+05  0.2653E+05  0.2112E-03  0.1052E-01  0.8780E-10  0.2269E+01  0.5244E-08  0.9634E-02 -0.1960E-02 -0.2418E-02 -0.1158E-01 -0.6344E-03  0.1104E-01  0.5004E-02
    30  0.2030E+02  0.0000E+00  0.5711E-03  0.2375E-02  0.8473E-09  0.5660E-01  0.2085E+00  0.5790E-01  0.3557E-01  0.4509E+00  0.3237E-01  0.2650E+05  0.2650E+05  0.2650E+05  0.2144E-03  0.1059E-01  0.8734E-10  0.2386E+01  0.3357E-08  0.9612E-02 -0.1926E-02 -0.2468E-02 -0.1140E-01  0.5153E-03  0.1155E-01  0.4975E-02
    31  0.2100E+02  0.0000E+00  0.5679E-03  0.2363E-02  0.8321E-09  0.5857E-01  0.2078E+00  0.5824E-01  0.3259E-01  0.4354E+00  0.7179E-01  0.2646E+05  0.2646E+05  0.2646E+05  0.2375E-03  0.1075E-01  0.8562E-10  0.2424E+01  0.1351E-08  0.9756E-02 -0.1887E-02 -0.2440E-02 -0.1172E-01 -0.1158E-02  0.1308E-01  0.4691E-02
    32  0.2170E+02  0.0000E+00  0.5641E-03  0.2357E-02  0.8141E-09  0.6098E-01  0.2073E+00  0.5903E-01  0.3664E-01  0.4133E+00  0.7994E-01  0.2642E+05  0.2642E+05  0.2642E+05  0.2269E-03  0.1092E-01  0.8346E-10  0.2376E+01 -0.6695E-09  0.9988E-02 -0.1878E-02 -0.2403E-02 -0.1070E-01  0.5173E-03  0.1111E-01  0.4415E-02
    33  0.2240E+02  0.0000E+00  0.5594E-03  0.2355E-02  0.7877E-09  0.6224E-01  0.2069E+00  0.5904E-01  0.4901E-01  0.3937E+00  0.5201E-01  0.2638E+05  0.2638E+05  0.2638E+05  0.2305E-03  0.1100E-01  0.8163E-10  0.2252E+01 -0.2476E-08  0.1020E-01 -0.1836E-02 -0.2501E-02 -0.1291E-01 -0.3544E-03  0.1061E-01  0.4482E-02
    34  0.2310E+02  0.0000E+00  0.5549E-03  0.2354E-02  0.7664E-09  0.6643E-01  0.2067E+00  0.5830E-01  0.4374E-01  0.3862E+00  0.1398E-02  0.2635E+05  0.2635E+05  0.2635E+05  0.2699E-03  0.1093E-01  0.8107E-10  0.2046E+01 -0.3894E-08  0.1027E-01 -0.1813E-02 -0.2394E-02 -0.1125E-01 -0.3932E-03  0.8959E-02  0.4231E-02
    35  0.2380E+02  0.0000E+00  0.5517E-03  0.2344E-02  0.7456E-09  0.6901E-01  0.2068E+00  0.5898E-01  0.3028E-01  0.3946E+00 -0.5109E-01  0.2631E+05  0.2631E+05  0.2631E+05  0.2491E-03  0.1069E-01  0.8184E-10  0.1827E+01 -0.4592E-08  0.1016E-01 -0.1888E-02 -0.2425E-02 -0.1224E-01 -0.2862E-03  0.8136E-02  0.4611E-02
    36  0.2450E+02  0.0000E+00  0.5474E-03  0.2337E-02  0.7248E-09  0.7120E-01  0.2072E+00  0.6003E-01  0.3862E-01  0.4168E+00 -0.8176E-01  0.2628E+05  0.2628E+05  0.2628E+05  0.2679E-03  0.1031E-01  0.8388E-10  0.1593E+01 -0.4667E-08  0.9902E-02 -0.1842E-02 -0.2519E-02 -0.1157E-01  0.3744E-03  0.6703E-02  0.5085E-02
    37  0.2520E+02  0.0000E+00  0.5431E-03  0.2332E-02  0.7037E-09  0.7409E-01  0.2076E+00  0.6029E-01  0.4778E-01  0.4424E+00 -0.7848E-01  0.2623E+05  0.2623E+05  0.2623E+05  0.2958E-03  0.9908E-02  0.8607E-10  0.1347E+01 -0.4036E-08  0.9614E-02 -0.1889E-02 -0.2357E-02 -0.1278E-01 -0.4130E-03  0.6383E-02  0.5172E-02
    38  0.2590E+02  0.0000E+00  0.5388E-03  0.2336E-02  0.6895E-09  0.7613E-01  0.2081E+00  0.5977E-01  0.4724E-01  0.4612E+00 -0.4250E-01  0.2619E+05  0.2619E+05  0.2619E+05  0.2636E-03  0.9641E-02  0.8760E-10  0.1165E+01 -0.2573E-08  0.9419E-02 -0.1933E-02 -0.2474E-02 -0.1142E-01  0.2631E-03  0.5263E-02  0.5891E-02
    39  0.2660E+02  0.0000E+00  0.5351E-03  0.2335E-02  0.6752E-09  0.7854E-01  0.2087E+00  0.6020E-01  0.3813E-01  0.4660E+00  0.1066E-01  0.2615E+05  0.2615E+05  0.2615E+05  0.3103E-03  0.9546E-02  0.8777E-10  0.1033E+01 -0.8954E-09  0.9376E-02 -0.1956E-02 -0.2495E-02 -0.1229E-01 -0.3806E-03  0.4638E-02  0.6146E-02
    40  0.2730E+02  0.0000E+00  0.5326E-03  0.2341E-02  0.6686E-09  0.8003E-01  0.2092E+00  0.6066E-01  0.4713E-01  0.4554E+00  0.5462E-01  0.2611E+05  0.2611E+05  0.2611E+05  0.2898E-03  0.9683E-02  0.8674E-10  0.9996E+00  0.1179E-08  0.9527E-02 -0.1956E-02 -0.2349E-02 -0.1284E-01 -0.4964E-03  0.4947E-02  0.5579E-02
    41  0.2800E+02  0.0000E+00  0.5296E-03  0.2344E-02  0.6626E-09  0.8189E-01  0.2096E+00  0.6015E-01  0.5383E-01  0.4352E+00  0.7207E-01  0.2609E+05  0.2609E+05  0.2609E+05  0.2961E-03  0.9934E-02  0.8488E-10  0.1016E+01  0.3120E-08  0.9777E-02 -0.1998E-02 -0.2527E-02 -0.1230E-01 -0.1718E-03  0.4852E-02  0.5902E-02
    42  0.2870E+02  0.0000E+00  0.5269E-03  0.2349E-02  0.6601E-09  0.8369E-01  0.2099E+00  0.5957E-01  0.5697E-01  0.4154E+00  0.5984E-01  0.2606E+05  0.2606E+05  0.2606E+05  0.3180E-03  0.1019E-01  0.8320E-10  0.1080E+01  0.4820E-08  0.1002E-01 -0.2019E-02 -0.2438E-02 -0.1197E-01  0.1040E-02  0.4128E-02  0.5420E-02
    43  0.2940E+02  0.0000E+00  0.5249E-03  0.2349E-02  0.6599E-09  0.8506E-01  0.2100E+00  0.5890E-01  0.5314E-01  0.4043E+00  0.2582E-01  0.2603E+05  0.2603E+05  0.2603E+05  0.2990E-03  0.1037E-01  0.8237E-10  0.1234E+01  0.6300E-08  0.1015E-01 -0.1993E-02 -0.2414E-02 -0.1205E-01 -0.1462E-02  0.5721E-02  0.5151E-02
    44  0.3010E+02  0.0000E+00  0.5236E-03  0.2354E-02  0.6649E-09  0.8828E-01  0.2099E+00  0.5883E-01  0.4511E-01  0.4035E+00 -0.1222E-01  0.2600E+05  0.2600E+05  0.2600E+05  0.3253E-03  0.1047E-01  0.8260E-10  0.1456E+01  0.7209E-08  0.1016E-01 -0.2007E-02 -0.2492E-02 -0.1289E-01  0.1923E-03  0.6468E-02  0.5286E-02
    45  0.3080E+02  0.0000E+00  0.5194E-03  0.2356E-02  0.6643E-09  0.8902E-01  0.2097E+00  0.5909E-01  0.4915E-01  0.4121E+00 -0.3814E-01  0.2596E+05  0.2596E+05  0.2596E+05  0.3236E-03  0.1048E-01  0.8360E-10  0.1714E+01  0.7401E-08  0.1006E-01 -0.1992E-02 -0.2413E-02 -0.1141E-01  0.9685E-04  0.6839E-02  0.5048E-02
    46  0.3150E+02  0.0000E+00  0.5171E-03  0.2358E-02  0.6672E-09  0.9155E-01  0.2092E+00  0.5839E-01  0.5529E-01  0.4254E+00 -0.4167E-01  0.2593E+05  0.2593E+05  0.2593E+05  0.3202E-03  0.1046E-01  0.8490E-10  0.1992E+01  0.6843E-08  0.9889E-02 -0.1974E-02 -0.2454E-02 -0.1163E-01 -0.4898E-03  0.9262E-02  0.5146E-02
    47  0.3220E+02  0.0000E+00  0.5157E-03  0.2353E-02  0.6685E-09  0.9231E-01  0.2087E+00  0.5797E-01  0.4353E-01  0.4350E+00 -0.2517E-01  0.2590E+05  0.2590E+05  0.2590E+05  0.3327E-03  0.1043E-01  0.8569E-10  0.2185E+01  0.5845E-08  0.9747E-02 -0.1950E-02 -0.2464E-02 -0.1136E-01  0.2817E-03  0.9292E-02  0.5128E-02
    48  0.3290E+02  0.0000E+00  0.5151E-03  0.2347E-02  0.6690E-09  0.9550E-01  0.2081E+00  0.5817E-01  0.4206E-01  0.4379E+00  0.6166E-02  0.2587E+05  0.2587E+05  0.2587E+05  0.3377E-03  0.1048E-01  0.8574E-10  0.2345E+01  0.4074E-08  0.9680E-02 -0.1913E-02 -0.2412E-02 -0.1189E-01 -0.3644E-03  0.1014E-01  0.4877E-02
    49  0.3360E+02  0.0000E+00  0.5119E-03  0.2338E-02  0.6575E-09  0.9624E-01  0.2076E+00  0.5824E-01  0.3494E-01  0.4325E+00  0.3497E-01  0.2583E+05  0.2583E+05  0.2583E+05  0.3330E-03  0.1054E-01  0.8498E-10  0.2417E+01  0.2010E-08  0.9710E-02 -0.1885E-02 -0.2467E-02 -0.1266E-01  0.9688E-04  0.1112E-01  0.4889E-02
    50  0.3430E+02  0.0000E+00  0.5080E-03  0.2331E-02  0.6451E-09  0.9862E-01  0.2072E+00  0.5867E-01  0.2743E-01  0.4201E+00  0.4920E-01  0.2580E+05  0.2580E+05  0.2580E+05  0.3586E-03  0.1063E-01  0.8368E-10  0.2385E+01  0.4815E-10  0.9829E-02 -0.1856E-02 -0.2445E-02 -0.1094E-01 -0.4686E-03  0.1053E-01  0.4684E-02
    51  0.3500E+02  0.0000E+00  0.5046E-03  0.2329E-02  0.6303E-09  0.1000E+00  0.2069E+00  0.5954E-01  0.3681E-01  0.4080E+00  0.4073E-01  0.2577E+05  0.2577E+05  0.2577E+05  0.3490E-03  0.1068E-01  0.8254E-10  0.2279E+01 -0.1482E-08  0.9956E-02 -0.1904E-02 -0.2400E-02 -0.1171E-01 -0.5964E-04  0.1008E-01  0.4617E-02
    52  0.3570E+02  0.0000E+00  0.5009E-03  0.2326E-02  0.6127E-09  0.9967E-01  0.2068E+00  0.5946E-01  0.4821E-01  0.4004E+00  0.1388E-01  0.2574E+05  0.2574E+05  0.2574E+05  0.3235E-03  0.1065E-01  0.8186E-10  0.2124E+01 -0.2949E-08  0.1003E-01 -0.1821E-02 -0.2498E-02 -0.1272E-01  0.3546E-03  0.8963E-02  0.4704E-02
    53  0.3640E+02  0.0000E+00  0.4955E-03  0.2321E-02  0.5925E-09  0.1016E+00  0.2069E+00  0.5886E-01  0.4192E-01  0.4022E+00 -0.2043E-01  0.2569E+05  0.2569E+05  0.2569E+05  0.3814E-03  0.1048E-01  0.8203E-10  0.1899E+01 -0.3822E-08  0.1000E-01 -0.1837E-02 -0.2411E-02 -0.1178E-01 -0.1001E-02  0.7901E-02  0.4652E-02
    54  0.3710E+02  0.0000E+00  0.4925E-03  0.2316E-02  0.5786E-09  0.1039E+00  0.2071E+00  0.5954E-01  0.2792E-01  0.4130E+00 -0.4575E-01  0.2566E+05  0.2566E+05  0.2566E+05  0.3370E-03  0.1025E-01  0.8299E-10  0.1668E+01 -0.4119E-08  0.9880E-02 -0.1943E-02 -0.2405E-02 -0.1160E-01  0.2067E-03  0.6658E-02  0.5044E-02
    55  0.3780E+02  0.0000E+00  0.4907E-03  0.2308E-02  0.5678E-09  0.1054E+00  0.2075E+00  0.6047E-01  0.4336E-01  0.4296E+00 -0.5290E-01  0.2563E+05  0.2563E+05  0.2563E+05  0.3516E-03  0.9986E-02  0.8430E-10  0.1473E+01 -0.3521E-08  0.9686E-02 -0.1856E-02 -0.2530E-02 -0.1274E-01  0.1896E-03  0.5942E-02  0.5475E-02
    56  0.3850E+02  0.0000E+00  0.4881E-03  0.2306E-02  0.5571E-09  0.1077E+00  0.2080E+00  0.6023E-01  0.4296E-01  0.4444E+00 -0.3723E-01  0.2560E+05  0.2560E+05  0.2560E+05  0.3889E-03  0.9756E-02  0.8547E-10  0.1284E+01 -0.2497E-08  0.9527E-02 -0.1895E-02 -0.2377E-02 -0.1280E-01  0.9260E-04  0.6150E-02  0.5405E-02
    57  0.3920E+02  0.0000E+00  0.4856E-03  0.2305E-02  0.5491E-09  0.1094E+00  0.2084E+00  0.6052E-01  0.4631E-01  0.4520E+00 -0.5329E-02  0.2557E+05  0.2557E+05  0.2557E+05  0.3560E-03  0.9625E-02  0.8596E-10  0.1123E+01 -0.9346E-09  0.9451E-02 -0.2008E-02 -0.2454E-02 -0.1119E-01 -0.1258E-02  0.4946E-02  0.6027E-02
    58  0.3990E+02  0.0000E+00  0.4842E-03  0.2311E-02  0.5457E-09  0.1113E+00  0.2088E+00  0.6007E-01  0.5199E-01  0.4477E+00  0.2831E-01  0.2555E+05  0.2555E+05  0.2555E+05  0.3705E-03  0.9688E-02  0.8554E-10  0.1093E+01  0.7971E-09  0.9527E-02 -0.1931E-02 -0.2493E-02 -0.1282E-01  0.8699E-03  0.4041E-02  0.5898E-02
    59  0.4060E+02  0.0000E+00  0.4821E-03  0.2314E-02  0.5412E-09  0.1108E+00  0.2091E+00  0.5976E-01  0.4047E-01  0.4363E+00  0.4561E-01  0.2552E+05  0.2552E+05  0.2552E+05  0.3879E-03  0.9829E-02  0.8452E-10  0.1092E+01  0.2709E-08  0.9672E-02 -0.1959E-02 -0.2396E-02 -0.1246E-01 -0.4291E-04  0.4932E-02  0.5545E-02
    60  0.4130E+02  0.0000E+00  0.4801E-03  0.2314E-02  0.5386E-09  0.1147E+00  0.2093E+00  0.6067E-01  0.4190E-01  0.4225E+00  0.4488E-01  0.2549E+05  0.2549E+05  0.2549E+05  0.3702E-03  0.1002E-01  0.8327E-10  0.1193E+01  0.4200E-08  0.9837E-02 -0.2050E-02 -0.2484E-02 -0.1278E-01 -0.1149E-02  0.5754E-02  0.5792E-02
    61  0.4200E+02  0.0000E+00  0.4774E-03  0.2319E-02  0.5377E-09  0.1146E+00  0.2094E+00  0.6005E-01  0.6096E-01  0.4122E+00  0.2612E-01  0.2547E+05  0.2547E+05  0.2547E+05  0.3809E-03  0.1019E-01  0.8250E-10  0.1336E+01  0.5396E-08  0.9963E-02 -0.1929E-02 -0.2440E-02 -0.1180E-01  0.6842E-03  0.5160E-02  0.5230E-02
    62  0.4270E+02  0.0000E+00  0.4762E-03  0.2320E-02  0.5380E-09  0.1139E+00  0.2093E+00  0.5881E-01  0.5287E-01  0.4094E+00  0.7932E-03  0.2544E+05  0.2544E+05  0.2544E+05  0.3867E-03  0.1028E-01  0.8239E-10  0.1494E+01  0.6030E-08  0.9994E-02 -0.2011E-02 -0.2436E-02 -0.1272E-01 -0.7873E-03  0.6826E-02  0.5319E-02
    63  0.4340E+02  0.0000E+00  0.4754E-03  0.2322E-02  0.5430E-09  0.1154E+00  0.2091E+00  0.5880E-01  0.4266E-01  0.4126E+00 -0.1901E-01  0.2542E+05  0.2542E+05  0.2542E+05  0.3664E-03  0.1032E-01  0.8286E-10  0.1689E+01  0.6338E-08  0.9953E-02 -0.1992E-02 -0.2473E-02 -0.1135E-01  0.2228E-03  0.6382E-02  0.5318E-02
    64  0.4410E+02  0.0000E+00  0.4747E-03  0.2324E-02  0.5454E-09  0.1161E+00  0.2087E+00  0.5890E-01  0.4191E-01  0.4206E+00 -0.2433E-01  0.2539E+05  0.2539E+05  0.2539E+05  0.3931E-03  0.1032E-01  0.8368E-10  0.1911E+01  0.5816E-08  0.9852E-02 -0.1917E-02 -0.2427E-02 -0.1268E-01 -0.5398E-03  0.8187E-02  0.5059E-02
    65  0.4480E+02  0.0000E+00  0.4724E-03  0.2321E-02  0.5438E-09  0.1164E+00  0.2083E+00  0.5893E-01  0.3984E-01  0.4266E+00 -0.1828E-01  0.2536E+05  0.2536E+05  0.2536E+05  0.3775E-03  0.1031E-01  0.8425E-10  0.2068E+01  0.5222E-08  0.9761E-02 -0.1955E-02 -0.2439E-02 -0.1221E-01  0.7998E-04  0.8894E-02  0.5164E-02
    66  0.4550E+02  0.0000E+00  0.4694E-03  0.2314E-02  0.5384E-09  0.1200E+00  0.2078E+00  0.5900E-01  0.3981E-01  0.4286E+00 -0.6216E-04  0.2532E+05  0.2532E+05  0.2532E+05  0.3915E-03  0.1031E-01  0.8426E-10  0.2196E+01  0.3927E-08  0.9707E-02 -0.1927E-02 -0.2480E-02 -0.1081E-01 -0.8293E-03  0.9063E-02  0.5196E-02
    67  0.4620E+02  0.0000E+00  0.4669E-03  0.2311E-02  0.5302E-09  0.1214E+00  0.2074E+00  0.5892E-01  0.3960E-01  0.4263E+00  0.1603E-01  0.2528E+05  0.2528E+05  0.2528E+05  0.3903E-03  0.1034E-01  0.8395E-10  0.2260E+01  0.2365E-08  0.9713E-02 -0.1878E-02 -0.2392E-02 -0.1258E-01  0.1506E-03  0.9315E-02  0.4844E-02
    68  0.4690E+02  0.0000E+00  0.4646E-03  0.2305E-02  0.5226E-09  0.1221E+00  0.2071E+00  0.5899E-01  0.2898E-01  0.4202E+00  0.2438E-01  0.2525E+05  0.2525E+05  0.2525E+05  0.3889E-03  0.1038E-01  0.8326E-10  0.2254E+01  0.7961E-09  0.9760E-02 -0.1864E-02 -0.2477E-02 -0.1256E-01  0.2095E-03  0.9491E-02  0.4982E-02
    69  0.4760E+02  0.0000E+00  0.4612E-03  0.2303E-02  0.5124E-09  0.1239E+00  0.2069E+00  0.5998E-01  0.2875E-01  0.4137E+00  0.2032E-01  0.2522E+05  0.2522E+05  0.2522E+05  0.4097E-03  0.1038E-01  0.8263E-10  0.2161E+01 -0.5115E-09  0.9827E-02 -0.1883E-02 -0.2453E-02 -0.1139E-01 -0.3338E-03  0.9037E-02  0.4941E-02
    70  0.4830E+02  0.0000E+00  0.4591E-03  0.2300E-02  0.5033E-09  0.1259E+00  0.2068E+00  0.6024E-01  0.4367E-01  0.4095E+00  0.7279E-02  0.2518E+05  0.2518E+05  0.2518E+05  0.3927E-03  0.1035E-01  0.8220E-10  0.2036E+01 -0.1575E-08  0.9865E-02 -0.1862E-02 -0.2391E-02 -0.1224E-01 -0.5686E-03  0.8690E-02  0.4773E-02
    71  0.4900E+02  0.0000E+00  0.4575E-03  0.2301E-02  0.4964E-09  0.1270E+00  0.2069E+00  0.5978E-01  0.4716E-01  0.4108E+00 -0.1354E-01  0.2516E+05  0.2516E+05  0.2516E+05  0.4038E-03  0.1027E-01  0.8236E-10  0.1878E+01 -0.2106E-08  0.9856E-02 -0.1861E-02 -0.2497E-02 -0.1233E-01  0.3236E-03  0.7564E-02  0.5098E-02
    72  0.4970E+02  0.0000E+00  0.4549E-03  0.2295E-02  0.4864E-09  0.1266E+00  0.2071E+00  0.5973E-01  0.4241E-01  0.4175E+00 -0.2754E-01  0.2512E+05  0.2512E+05  0.2512E+05  0.4110E-03  0.1012E-01  0.8284E-10  0.1711E+01 -0.2096E-08  0.9773E-02 -0.1884E-02 -0.2417E-02 -0.1226E-01 -0.3603E-03  0.6403E-02  0.5080E-02
    73  0.5040E+02  0.0000E+00  0.4517E-03  0.2289E-02  0.4761E-09  0.1262E+00  0.2074E+00  0.5986E-01  0.3640E-01  0.4279E+00 -0.3159E-01  0.2508E+05  0.2508E+05  0.2508E+05  0.3881E-03  0.9938E-02  0.8367E-10  0.1562E+01 -0.2020E-08  0.9653E-02 -0.1910E-02 -0.2414E-02 -0.1204E-01 -0.5177E-03  0.6469E-02  0.5316E-02
    74  0.5110E+02  0.0000E+00  0.4499E-03  0.2289E-02  0.4695E-09  0.1283E+00  0.2078E+00  0.6070E-01  0.3856E-01  0.4363E+00 -0.2123E-01  0.2505E+05  0.2505E+05  0.2505E+05  0.4010E-03  0.9808E-02  0.8433E-10  0.1425E+01 -0.1271E-08  0.9569E-02 -0.1914E-02 -0.2499E-02 -0.1290E-01  0.3341E-03  0.5425E-02  0.5706E-02
    75  0.5180E+02  0.0000E+00  0.4471E-03  0.2294E-02  0.4639E-09  0.1298E+00  0.2082E+00  0.6006E-01  0.5001E-01  0.4403E+00 -0.1789E-02  0.2503E+05  0.2503E+05  0.2503E+05  0.4157E-03  0.9751E-02  0.8468E-10  0.1329E+01 -0.1031E-09  0.9546E-02 -0.1934E-02 -0.2416E-02 -0.1180E-01  0.1113E-03  0.4923E-02  0.5587E-02
    76  0.5250E+02  0.0000E+00  0.4454E-03  0.2300E-02  0.4606E-09  0.1311E+00  0.2085E+00  0.5980E-01  0.3568E-01  0.4379E+00  0.1736E-01  0.2500E+05  0.2500E+05  0.2500E+05  0.3996E-03  0.9793E-02  0.8449E-10  0.1309E+01  0.1240E-08  0.9597E-02 -0.1978E-02 -0.2445E-02 -0.1266E-01 -0.8615E-03  0.5755E-02  0.5743E-02
