 #NTuple/Z0                                                                     
  
 output from Ecalc9f version   2.09
  settings: 
    particle type:            2
    pzmin/pzmax:   0.000000000000000E+000 /   100.000000000000     
    transverse cuts:   0.000000000000000E+000  0.000000000000000E+000
    longitudinal cut:   0.000000000000000E+000
    RF frequency (MHz):    704.000000000000     
    sigma cut:    4.00000000000000     
    subtract out amplitude correlation
    wrnew9 =  F
 
regn #   Z           Bz          eperp       elong       e6D         Ldim        Pzavg       beta        alpha       betaL       alphaL      n0          n1          n2          Lcan(eVs)   sigmaE      sigmaT      corrE       corrT       sigmaE_c    xavg        yavg        Dx          Dy          Dr          Dr2
     1  0.0000E+00  0.1409E-14  0.3670E-03  0.1873E-02  0.2679E-09  0.3219E+00  0.2022E+00  0.3757E-01  0.5336E-01  0.4243E+00  0.2192E-01  0.2408E+05  0.2408E+05  0.2408E+05  0.8193E-03  0.9246E-02  0.7697E-10  0.2354E+01  0.4610E-08  0.8611E-02 -0.9836E-03 -0.1038E-02 -0.9580E-02 -0.2534E-03  0.7997E-02  0.1328E-02
     2  0.6000E+00  0.1626E-14  0.3692E-03  0.1926E-02  0.2801E-09  0.3158E+00  0.2018E+00  0.2460E-01  0.6375E-01  0.4252E+00 -0.1013E+00  0.2409E+05  0.2409E+05  0.2409E+05  0.8365E-03  0.9358E-02  0.7851E-10  0.2299E+01  0.6519E-08  0.8752E-02 -0.1099E-02 -0.1001E-02 -0.7257E-02 -0.6258E-03  0.1144E-01  0.1418E-02
     3  0.1200E+01  0.5421E-15  0.3714E-03  0.1933E-02  0.2892E-09  0.3087E+00  0.2025E+00  0.3077E-01 -0.5085E-01  0.4713E+00 -0.2170E+00  0.2398E+05  0.2398E+05  0.2398E+05  0.7757E-03  0.9028E-02  0.8313E-10  0.2090E+01  0.9209E-08  0.8497E-02 -0.1208E-02 -0.1009E-02 -0.6141E-02  0.5045E-03  0.7593E-02  0.1671E-02
     4  0.1800E+01  0.1409E-14  0.3636E-03  0.1936E-02  0.2818E-09  0.3108E+00  0.2028E+00  0.3100E-01  0.4103E-01  0.5394E+00 -0.2753E+00  0.2392E+05  0.2392E+05  0.2392E+05  0.7568E-03  0.8669E-02  0.8887E-10  0.2271E+01  0.1014E-07  0.8068E-02 -0.1061E-02 -0.1055E-02 -0.7180E-02 -0.1776E-03  0.1503E-01  0.1703E-02
     5  0.2400E+01  0.1518E-14  0.3625E-03  0.1953E-02  0.2858E-09  0.3069E+00  0.2031E+00  0.3019E-01  0.6606E-01  0.6112E+00 -0.2889E+00  0.2387E+05  0.2387E+05  0.2387E+05  0.7886E-03  0.8281E-02  0.9514E-10  0.2255E+01  0.1171E-07  0.7648E-02 -0.1071E-02 -0.1021E-02 -0.8275E-02 -0.2034E-03  0.1400E-01  0.1809E-02
     6  0.3000E+01 -0.1301E-14  0.3614E-03  0.1963E-02  0.2895E-09  0.3035E+00  0.2035E+00  0.2973E-01  0.1368E-01  0.6794E+00 -0.2428E+00  0.2380E+05  0.2380E+05  0.2380E+05  0.7582E-03  0.7946E-02  0.1002E-09  0.2381E+01  0.1149E-07  0.7198E-02 -0.1197E-02 -0.9966E-03 -0.8296E-02  0.5877E-03  0.1427E-01  0.2163E-02
     7  0.3600E+01  0.5421E-15  0.3593E-03  0.1964E-02  0.2904E-09  0.3020E+00  0.2039E+00  0.3065E-01  0.3172E-01  0.7276E+00 -0.1568E+00  0.2375E+05  0.2375E+05  0.2375E+05  0.7336E-03  0.7712E-02  0.1035E-09  0.2503E+01  0.1123E-07  0.6852E-02 -0.1144E-02 -0.1058E-02 -0.5271E-02 -0.2952E-03  0.1587E-01  0.2310E-02
     8  0.4200E+01 -0.1084E-14  0.3569E-03  0.1974E-02  0.2884E-09  0.3009E+00  0.2042E+00  0.2986E-01  0.3622E-01  0.7452E+00 -0.5119E-01  0.2370E+05  0.2370E+05  0.2370E+05  0.7572E-03  0.7664E-02  0.1047E-09  0.2641E+01  0.1091E-07  0.6723E-02 -0.1154E-02 -0.1025E-02 -0.6796E-02 -0.3418E-03  0.1703E-01  0.2314E-02
     9  0.4800E+01  0.1409E-14  0.3546E-03  0.1994E-02  0.2855E-09  0.3000E+00  0.2046E+00  0.3010E-01  0.1615E-01  0.7338E+00  0.5122E-01  0.2364E+05  0.2364E+05  0.2364E+05  0.7283E-03  0.7783E-02  0.1043E-09  0.2706E+01  0.1116E-07  0.6818E-02 -0.1207E-02 -0.9973E-03 -0.8287E-02  0.8482E-03  0.1760E-01  0.2321E-02
    10  0.5400E+01 -0.1626E-14  0.3506E-03  0.2002E-02  0.2781E-09  0.2990E+00  0.2050E+00  0.3050E-01  0.3225E-01  0.6976E+00  0.1413E+00  0.2358E+05  0.2358E+05  0.2358E+05  0.7145E-03  0.8030E-02  0.1017E-09  0.2778E+01  0.1034E-07  0.7077E-02 -0.1169E-02 -0.1066E-02 -0.5922E-02 -0.6380E-03  0.1644E-01  0.2228E-02
    11  0.6000E+01 -0.6505E-15  0.3503E-03  0.2000E-02  0.2756E-09  0.2964E+00  0.2053E+00  0.2956E-01  0.5165E-01  0.6478E+00  0.1993E+00  0.2353E+05  0.2353E+05  0.2353E+05  0.7345E-03  0.8397E-02  0.9764E-10  0.2864E+01  0.8990E-08  0.7420E-02 -0.1220E-02 -0.1027E-02 -0.7547E-02  0.1491E-03  0.1511E-01  0.2068E-02
    12  0.6600E+01  0.1626E-14  0.3494E-03  0.2000E-02  0.2717E-09  0.2927E+00  0.2057E+00  0.2902E-01  0.3190E-01  0.5930E+00  0.2172E+00  0.2349E+05  0.2349E+05  0.2349E+05  0.6905E-03  0.8752E-02  0.9330E-10  0.2893E+01  0.8582E-08  0.7793E-02 -0.1221E-02 -0.1000E-02 -0.7127E-02  0.6445E-03  0.1316E-01  0.1866E-02
    13  0.7200E+01  0.1084E-15  0.3485E-03  0.1996E-02  0.2682E-09  0.2922E+00  0.2061E+00  0.2921E-01  0.2950E-01  0.5406E+00  0.1957E+00  0.2346E+05  0.2346E+05  0.2346E+05  0.7024E-03  0.9074E-02  0.8892E-10  0.2953E+01  0.8416E-08  0.8131E-02 -0.1209E-02 -0.1071E-02 -0.6920E-02 -0.8916E-03  0.1250E-01  0.1820E-02
    14  0.7800E+01  0.4337E-15  0.3473E-03  0.1995E-02  0.2647E-09  0.2916E+00  0.2065E+00  0.2892E-01  0.4696E-01  0.4965E+00  0.1476E+00  0.2341E+05  0.2341E+05  0.2341E+05  0.7092E-03  0.9355E-02  0.8497E-10  0.2973E+01  0.7397E-08  0.8426E-02 -0.1249E-02 -0.1011E-02 -0.7826E-02  0.3617E-03  0.1142E-01  0.1698E-02
    15  0.8400E+01 -0.1193E-14  0.3450E-03  0.2001E-02  0.2613E-09  0.2850E+00  0.2068E+00  0.2824E-01  0.4013E-01  0.4739E+00  0.7879E-01  0.2337E+05  0.2337E+05  0.2337E+05  0.6675E-03  0.9482E-02  0.8298E-10  0.2983E+01  0.6983E-08  0.8579E-02 -0.1243E-02 -0.1026E-02 -0.6513E-02  0.2547E-03  0.1012E-01  0.1657E-02
    16  0.9000E+01  0.8674E-15  0.3437E-03  0.2004E-02  0.2587E-09  0.2835E+00  0.2071E+00  0.2843E-01  0.3413E-01  0.4686E+00  0.2699E-02  0.2332E+05  0.2332E+05  0.2332E+05  0.6793E-03  0.9481E-02  0.8242E-10  0.2945E+01  0.6483E-08  0.8616E-02 -0.1264E-02 -0.1064E-02 -0.7608E-02 -0.1002E-02  0.1031E-01  0.1739E-02
    17  0.9600E+01 -0.3253E-15  0.3423E-03  0.2002E-02  0.2587E-09  0.2808E+00  0.2073E+00  0.2828E-01  0.4234E-01  0.4825E+00 -0.6280E-01  0.2329E+05  0.2329E+05  0.2329E+05  0.6634E-03  0.9404E-02  0.8346E-10  0.2968E+01  0.6025E-08  0.8513E-02 -0.1264E-02 -0.9918E-03 -0.6667E-02  0.8328E-03  0.9163E-02  0.1670E-02
    18  0.1020E+02  0.6505E-15  0.3430E-03  0.1994E-02  0.2612E-09  0.2746E+00  0.2075E+00  0.2797E-01  0.4458E-01  0.5115E+00 -0.1116E+00  0.2324E+05  0.2324E+05  0.2324E+05  0.6361E-03  0.9233E-02  0.8567E-10  0.2986E+01  0.5818E-08  0.8289E-02 -0.1284E-02 -0.1071E-02 -0.6790E-02 -0.3164E-03  0.9416E-02  0.1871E-02
    19  0.1080E+02  0.7589E-15  0.3420E-03  0.1984E-02  0.2596E-09  0.2728E+00  0.2076E+00  0.2786E-01  0.3774E-01  0.5455E+00 -0.1298E+00  0.2319E+05  0.2319E+05  0.2319E+05  0.6553E-03  0.8978E-02  0.8817E-10  0.2951E+01  0.5464E-08  0.8026E-02 -0.1267E-02 -0.1038E-02 -0.7339E-02 -0.5838E-04  0.9544E-02  0.1900E-02
    20  0.1140E+02  0.1084E-14  0.3430E-03  0.1984E-02  0.2657E-09  0.2661E+00  0.2076E+00  0.2790E-01  0.3446E-01  0.5813E+00 -0.1132E+00  0.2318E+05  0.2318E+05  0.2318E+05  0.6184E-03  0.8818E-02  0.9109E-10  0.3017E+01  0.6227E-08  0.7761E-02 -0.1261E-02 -0.1006E-02 -0.5883E-02 -0.8233E-04  0.9545E-02  0.1912E-02
    21  0.1200E+02 -0.1084E-15  0.3406E-03  0.1973E-02  0.2602E-09  0.2666E+00  0.2076E+00  0.2789E-01  0.2301E-01  0.6075E+00 -0.7970E-01  0.2314E+05  0.2314E+05  0.2314E+05  0.6261E-03  0.8588E-02  0.9282E-10  0.2986E+01  0.5977E-08  0.7545E-02 -0.1306E-02 -0.1066E-02 -0.6870E-02 -0.3982E-03  0.1032E-01  0.2195E-02
    22  0.1260E+02 -0.1409E-14  0.3381E-03  0.1966E-02  0.2559E-09  0.2628E+00  0.2075E+00  0.2845E-01  0.2710E-01  0.6236E+00 -0.2722E-01  0.2308E+05  0.2308E+05  0.2308E+05  0.6073E-03  0.8464E-02  0.9394E-10  0.3000E+01  0.6459E-08  0.7411E-02 -0.1256E-02 -0.1021E-02 -0.6804E-02  0.1383E-02  0.1061E-01  0.2087E-02
    23  0.1320E+02  0.1193E-14  0.3352E-03  0.1953E-02  0.2483E-09  0.2604E+00  0.2073E+00  0.2821E-01  0.3377E-01  0.6215E+00  0.3691E-01  0.2302E+05  0.2302E+05  0.2302E+05  0.6064E-03  0.8401E-02  0.9354E-10  0.2946E+01  0.6482E-08  0.7397E-02 -0.1262E-02 -0.1041E-02 -0.5752E-02 -0.1323E-02  0.1091E-01  0.2162E-02
    24  0.1380E+02 -0.9758E-15  0.3352E-03  0.1945E-02  0.2467E-09  0.2604E+00  0.2072E+00  0.2820E-01  0.1888E-01  0.6067E+00  0.8988E-01  0.2299E+05  0.2299E+05  0.2299E+05  0.5922E-03  0.8529E-02  0.9232E-10  0.2990E+01  0.6872E-08  0.7492E-02 -0.1301E-02 -0.1026E-02 -0.7499E-02  0.9158E-03  0.1095E-01  0.2150E-02
    25  0.1440E+02  0.1193E-14  0.3312E-03  0.1936E-02  0.2374E-09  0.2578E+00  0.2070E+00  0.2863E-01  0.3199E-01  0.5788E+00  0.1318E+00  0.2293E+05  0.2293E+05  0.2293E+05  0.5773E-03  0.8654E-02  0.8996E-10  0.2998E+01  0.6410E-08  0.7685E-02 -0.1217E-02 -0.1045E-02 -0.6801E-02 -0.1732E-03  0.1014E-01  0.1954E-02
    26  0.1500E+02  0.1409E-14  0.3271E-03  0.1933E-02  0.2283E-09  0.2582E+00  0.2069E+00  0.2806E-01  0.2756E-01  0.5455E+00  0.1470E+00  0.2290E+05  0.2290E+05  0.2290E+05  0.5947E-03  0.8816E-02  0.8729E-10  0.2966E+01  0.6091E-08  0.7922E-02 -0.1256E-02 -0.1034E-02 -0.6343E-02 -0.5964E-03  0.1056E-01  0.1937E-02
    27  0.1560E+02 -0.1193E-14  0.3267E-03  0.1927E-02  0.2252E-09  0.2575E+00  0.2068E+00  0.2860E-01  0.2391E-01  0.5113E+00  0.1289E+00  0.2286E+05  0.2286E+05  0.2286E+05  0.5684E-03  0.9001E-02  0.8443E-10  0.2936E+01  0.6204E-08  0.8149E-02 -0.1307E-02 -0.1019E-02 -0.7244E-02  0.4843E-03  0.9435E-02  0.1921E-02
    28  0.1620E+02  0.1518E-14  0.3249E-03  0.1921E-02  0.2203E-09  0.2539E+00  0.2068E+00  0.2847E-01  0.4146E-01  0.4849E+00  0.8959E-01  0.2281E+05  0.2281E+05  0.2281E+05  0.5534E-03  0.9122E-02  0.8214E-10  0.2893E+01  0.6349E-08  0.8317E-02 -0.1194E-02 -0.1056E-02 -0.7477E-02 -0.3214E-03  0.9399E-02  0.1736E-02
    29  0.1680E+02  0.2168E-15  0.3234E-03  0.1921E-02  0.2192E-09  0.2522E+00  0.2068E+00  0.2799E-01  0.3225E-01  0.4725E+00  0.3044E-01  0.2278E+05  0.2278E+05  0.2278E+05  0.5844E-03  0.9217E-02  0.8116E-10  0.2922E+01  0.6818E-08  0.8398E-02 -0.1252E-02 -0.1027E-02 -0.6920E-02 -0.3803E-03  0.9641E-02  0.1754E-02
    30  0.1740E+02 -0.1084E-15  0.3202E-03  0.1916E-02  0.2136E-09  0.2506E+00  0.2069E+00  0.2848E-01  0.2759E-01  0.4739E+00 -0.3211E-01  0.2272E+05  0.2272E+05  0.2272E+05  0.5351E-03  0.9135E-02  0.8107E-10  0.2879E+01  0.6501E-08  0.8376E-02 -0.1321E-02 -0.1010E-02 -0.7009E-02  0.2417E-03  0.8809E-02  0.1875E-02
    31  0.1800E+02 -0.1409E-14  0.3200E-03  0.1913E-02  0.2143E-09  0.2466E+00  0.2070E+00  0.2824E-01  0.4681E-01  0.4931E+00 -0.8552E-01  0.2269E+05  0.2269E+05  0.2269E+05  0.5273E-03  0.9014E-02  0.8263E-10  0.2861E+01  0.6722E-08  0.8236E-02 -0.1208E-02 -0.1078E-02 -0.6847E-02 -0.4497E-03  0.9082E-02  0.1830E-02
    32  0.1860E+02 -0.1409E-14  0.3184E-03  0.1910E-02  0.2126E-09  0.2440E+00  0.2072E+00  0.2799E-01  0.3710E-01  0.5220E+00 -0.1211E+00  0.2265E+05  0.2265E+05  0.2265E+05  0.5553E-03  0.8831E-02  0.8489E-10  0.2897E+01  0.6921E-08  0.8032E-02 -0.1257E-02 -0.1021E-02 -0.8092E-02  0.1889E-04  0.9510E-02  0.1909E-02
    33  0.1920E+02  0.8674E-15  0.3181E-03  0.1910E-02  0.2148E-09  0.2411E+00  0.2075E+00  0.2808E-01  0.3812E-01  0.5562E+00 -0.1297E+00  0.2262E+05  0.2262E+05  0.2262E+05  0.5115E-03  0.8628E-02  0.8753E-10  0.2881E+01  0.6946E-08  0.7795E-02 -0.1310E-02 -0.1016E-02 -0.6059E-02  0.3471E-03  0.8938E-02  0.2090E-02
    34  0.1980E+02 -0.4337E-15  0.3150E-03  0.1901E-02  0.2110E-09  0.2412E+00  0.2077E+00  0.2795E-01  0.3421E-01  0.5927E+00 -0.1163E+00  0.2257E+05  0.2257E+05  0.2257E+05  0.5196E-03  0.8390E-02  0.9010E-10  0.2927E+01  0.7439E-08  0.7529E-02 -0.1272E-02 -0.1078E-02 -0.6509E-02 -0.7435E-03  0.1012E-01  0.2245E-02
    35  0.2040E+02  0.1518E-14  0.3143E-03  0.1906E-02  0.2106E-09  0.2392E+00  0.2080E+00  0.2840E-01  0.3917E-01  0.6175E+00 -0.7803E-01  0.2254E+05  0.2254E+05  0.2254E+05  0.5243E-03  0.8237E-02  0.9205E-10  0.2919E+01  0.8087E-08  0.7366E-02 -0.1289E-02 -0.1013E-02 -0.7744E-02  0.3225E-03  0.1045E-01  0.2260E-02
    36  0.2100E+02 -0.5421E-15  0.3116E-03  0.1905E-02  0.2067E-09  0.2361E+00  0.2083E+00  0.2794E-01  0.4430E-01  0.6316E+00 -0.2990E-01  0.2250E+05  0.2250E+05  0.2250E+05  0.4947E-03  0.8129E-02  0.9297E-10  0.2920E+01  0.8172E-08  0.7270E-02 -0.1312E-02 -0.1040E-02 -0.6122E-02 -0.4400E-03  0.1069E-01  0.2418E-02
    37  0.2160E+02 -0.1084E-14  0.3105E-03  0.1916E-02  0.2068E-09  0.2355E+00  0.2086E+00  0.2794E-01  0.3853E-01  0.6309E+00  0.2708E-01  0.2246E+05  0.2246E+05  0.2246E+05  0.5060E-03  0.8198E-02  0.9309E-10  0.2980E+01  0.8339E-08  0.7302E-02 -0.1325E-02 -0.1061E-02 -0.6556E-02 -0.2186E-03  0.1001E-01  0.2446E-02
    38  0.2220E+02 -0.1193E-14  0.3091E-03  0.1922E-02  0.2041E-09  0.2309E+00  0.2089E+00  0.2763E-01  0.4715E-01  0.6177E+00  0.7184E-01  0.2243E+05  0.2243E+05  0.2243E+05  0.4862E-03  0.8288E-02  0.9215E-10  0.2984E+01  0.8159E-08  0.7416E-02 -0.1322E-02 -0.1016E-02 -0.6863E-02  0.2364E-03  0.1000E-01  0.2316E-02
    39  0.2280E+02  0.5421E-15  0.3075E-03  0.1921E-02  0.2002E-09  0.2292E+00  0.2093E+00  0.2757E-01  0.3247E-01  0.5958E+00  0.1043E+00  0.2239E+05  0.2239E+05  0.2239E+05  0.4795E-03  0.8411E-02  0.9040E-10  0.2973E+01  0.8269E-08  0.7579E-02 -0.1345E-02 -0.1057E-02 -0.7235E-02 -0.3351E-03  0.1004E-01  0.2370E-02
    40  0.2340E+02  0.0000E+00  0.3065E-03  0.1920E-02  0.1983E-09  0.2287E+00  0.2096E+00  0.2793E-01  0.5177E-01  0.5678E+00  0.1184E+00  0.2234E+05  0.2234E+05  0.2234E+05  0.4814E-03  0.8613E-02  0.8818E-10  0.2995E+01  0.8444E-08  0.7782E-02 -0.1351E-02 -0.1044E-02 -0.6742E-02 -0.3486E-04  0.9424E-02  0.2258E-02
    41  0.2400E+02  0.2168E-15  0.3045E-03  0.1909E-02  0.1936E-09  0.2244E+00  0.2099E+00  0.2715E-01  0.6122E-01  0.5429E+00  0.1062E+00  0.2229E+05  0.2229E+05  0.2229E+05  0.4650E-03  0.8728E-02  0.8590E-10  0.2976E+01  0.8284E-08  0.7933E-02 -0.1355E-02 -0.1029E-02 -0.6720E-02 -0.2163E-03  0.8761E-02  0.2187E-02
    42  0.2460E+02 -0.3253E-15  0.3044E-03  0.1904E-02  0.1926E-09  0.2209E+00  0.2102E+00  0.2695E-01  0.4123E-01  0.5226E+00  0.7892E-01  0.2224E+05  0.2224E+05  0.2224E+05  0.4580E-03  0.8863E-02  0.8416E-10  0.2995E+01  0.8658E-08  0.8062E-02 -0.1372E-02 -0.1061E-02 -0.7369E-02  0.5439E-03  0.8760E-02  0.2205E-02
    43  0.2520E+02  0.1409E-14  0.3042E-03  0.1898E-02  0.1928E-09  0.2204E+00  0.2105E+00  0.2702E-01  0.4783E-01  0.5120E+00  0.4487E-01  0.2220E+05  0.2220E+05  0.2220E+05  0.4670E-03  0.8950E-02  0.8319E-10  0.3034E+01  0.9095E-08  0.8124E-02 -0.1375E-02 -0.1042E-02 -0.6729E-02 -0.5799E-03  0.8079E-02  0.2143E-02
    44  0.2580E+02  0.1518E-14  0.3040E-03  0.1893E-02  0.1929E-09  0.2172E+00  0.2108E+00  0.2648E-01  0.6876E-01  0.5102E+00  0.1204E-01  0.2216E+05  0.2216E+05  0.2216E+05  0.4464E-03  0.8971E-02  0.8294E-10  0.3072E+01  0.9506E-08  0.8128E-02 -0.1387E-02 -0.1029E-02 -0.6492E-02 -0.3869E-03  0.7595E-02  0.2137E-02
    45  0.2640E+02  0.1084E-14  0.2989E-03  0.1875E-02  0.1836E-09  0.2132E+00  0.2109E+00  0.2603E-01  0.4929E-01  0.5168E+00 -0.2309E-01  0.2207E+05  0.2207E+05  0.2207E+05  0.4274E-03  0.8828E-02  0.8290E-10  0.3085E+01  0.9168E-08  0.8043E-02 -0.1394E-02 -0.1071E-02 -0.7178E-02  0.1337E-03  0.7419E-02  0.2282E-02
    46  0.2700E+02 -0.4337E-15  0.3038E-03  0.1875E-02  0.1939E-09  0.2100E+00  0.2112E+00  0.2619E-01  0.4261E-01  0.5327E+00 -0.4007E-01  0.2207E+05  0.2207E+05  0.2207E+05  0.4460E-03  0.8873E-02  0.8429E-10  0.3195E+01  0.9942E-08  0.7933E-02 -0.1390E-02 -0.1040E-02 -0.6771E-02  0.1164E-03  0.7451E-02  0.2211E-02
    47  0.2760E+02 -0.1084E-15  0.3014E-03  0.1862E-02  0.1906E-09  0.2072E+00  0.2113E+00  0.2614E-01  0.6671E-01  0.5507E+00 -0.4508E-01  0.2200E+05  0.2200E+05  0.2200E+05  0.4206E-03  0.8746E-02  0.8527E-10  0.3253E+01  0.9639E-08  0.7778E-02 -0.1407E-02 -0.1031E-02 -0.5981E-02 -0.4591E-03  0.7585E-02  0.2297E-02
    48  0.2820E+02 -0.1735E-14  0.3012E-03  0.1852E-02  0.1918E-09  0.2058E+00  0.2114E+00  0.2555E-01  0.5762E-01  0.5698E+00 -0.3411E-01  0.2196E+05  0.2196E+05  0.2196E+05  0.4199E-03  0.8682E-02  0.8663E-10  0.3364E+01  0.1057E-07  0.7624E-02 -0.1404E-02 -0.1073E-02 -0.6661E-02 -0.1292E-03  0.7929E-02  0.2394E-02
    49  0.2880E+02  0.1084E-15  0.3031E-03  0.1831E-02  0.1939E-09  0.2001E+00  0.2114E+00  0.2553E-01  0.5044E-01  0.5808E+00 -0.1257E-01  0.2191E+05  0.2191E+05  0.2191E+05  0.4172E-03  0.8634E-02  0.8701E-10  0.3368E+01  0.1057E-07  0.7506E-02 -0.1404E-02 -0.1034E-02 -0.5860E-02  0.8292E-04  0.7618E-02  0.2354E-02
    50  0.2940E+02  0.9758E-15  0.3020E-03  0.1817E-02  0.1916E-09  0.1967E+00  0.2114E+00  0.2561E-01  0.5756E-01  0.5881E+00  0.2564E-01  0.2185E+05  0.2185E+05  0.2185E+05  0.3980E-03  0.8603E-02  0.8708E-10  0.3449E+01  0.9955E-08  0.7432E-02 -0.1406E-02 -0.1042E-02 -0.6137E-02 -0.7418E-03  0.8018E-02  0.2391E-02
    51  0.3000E+02  0.7589E-15  0.3003E-03  0.1804E-02  0.1874E-09  0.1942E+00  0.2113E+00  0.2523E-01  0.5088E-01  0.5841E+00  0.6019E-01  0.2180E+05  0.2180E+05  0.2180E+05  0.3943E-03  0.8617E-02  0.8648E-10  0.3464E+01  0.9842E-08  0.7440E-02 -0.1385E-02 -0.1066E-02 -0.6886E-02  0.6461E-03  0.7570E-02  0.2376E-02
    52  0.3060E+02 -0.1518E-14  0.2983E-03  0.1788E-02  0.1842E-09  0.1917E+00  0.2113E+00  0.2543E-01  0.4136E-01  0.5732E+00  0.9012E-01  0.2174E+05  0.2174E+05  0.2174E+05  0.3999E-03  0.8700E-02  0.8541E-10  0.3519E+01  0.1020E-07  0.7494E-02 -0.1420E-02 -0.1045E-02 -0.5514E-02 -0.8311E-03  0.8011E-02  0.2371E-02
    53  0.3120E+02 -0.6505E-15  0.2956E-03  0.1771E-02  0.1775E-09  0.1882E+00  0.2112E+00  0.2581E-01  0.5145E-01  0.5546E+00  0.1059E+00  0.2165E+05  0.2165E+05  0.2165E+05  0.3686E-03  0.8757E-02  0.8357E-10  0.3525E+01  0.9862E-08  0.7592E-02 -0.1414E-02 -0.1021E-02 -0.6725E-02  0.7004E-04  0.8122E-02  0.2293E-02
    54  0.3180E+02  0.6505E-15  0.2952E-03  0.1765E-02  0.1761E-09  0.1842E+00  0.2112E+00  0.2537E-01  0.5573E-01  0.5349E+00  0.1102E+00  0.2162E+05  0.2162E+05  0.2162E+05  0.3619E-03  0.8894E-02  0.8202E-10  0.3526E+01  0.9918E-08  0.7720E-02 -0.1357E-02 -0.1081E-02 -0.6490E-02  0.8020E-04  0.7626E-02  0.2195E-02
    55  0.3240E+02 -0.2168E-15  0.2919E-03  0.1755E-02  0.1694E-09  0.1838E+00  0.2111E+00  0.2539E-01  0.4859E-01  0.5150E+00  0.9712E-01  0.2154E+05  0.2154E+05  0.2154E+05  0.3848E-03  0.8923E-02  0.8019E-10  0.3508E+01  0.9603E-08  0.7832E-02 -0.1426E-02 -0.1033E-02 -0.6489E-02 -0.2169E-03  0.7380E-02  0.2241E-02
    56  0.3300E+02  0.1084E-15  0.2896E-03  0.1744E-02  0.1648E-09  0.1791E+00  0.2111E+00  0.2549E-01  0.4897E-01  0.5007E+00  0.7625E-01  0.2149E+05  0.2149E+05  0.2149E+05  0.3271E-03  0.8952E-02  0.7865E-10  0.3495E+01  0.8580E-08  0.7904E-02 -0.1398E-02 -0.1033E-02 -0.6081E-02 -0.4294E-03  0.7034E-02  0.2171E-02
    57  0.3360E+02 -0.3253E-15  0.2883E-03  0.1740E-02  0.1627E-09  0.1786E+00  0.2111E+00  0.2555E-01  0.5443E-01  0.4922E+00  0.4188E-01  0.2144E+05  0.2144E+05  0.2144E+05  0.3616E-03  0.8974E-02  0.7793E-10  0.3481E+01  0.8784E-08  0.7950E-02 -0.1373E-02 -0.1072E-02 -0.6679E-02  0.1950E-03  0.6904E-02  0.2167E-02
    58  0.3420E+02  0.1084E-15  0.2873E-03  0.1726E-02  0.1602E-09  0.1753E+00  0.2112E+00  0.2539E-01  0.5677E-01  0.4921E+00  0.3308E-02  0.2138E+05  0.2138E+05  0.2138E+05  0.3388E-03  0.8933E-02  0.7754E-10  0.3487E+01  0.8454E-08  0.7912E-02 -0.1425E-02 -0.1029E-02 -0.6807E-02 -0.4385E-03  0.6909E-02  0.2228E-02
    59  0.3480E+02  0.3253E-15  0.2849E-03  0.1712E-02  0.1564E-09  0.1737E+00  0.2113E+00  0.2551E-01  0.5355E-01  0.5022E+00 -0.2929E-01  0.2131E+05  0.2131E+05  0.2131E+05  0.3266E-03  0.8797E-02  0.7788E-10  0.3443E+01  0.7932E-08  0.7806E-02 -0.1387E-02 -0.1054E-02 -0.6322E-02 -0.2880E-03  0.6838E-02  0.2257E-02
    60  0.3540E+02  0.4337E-15  0.2835E-03  0.1699E-02  0.1541E-09  0.1688E+00  0.2114E+00  0.2537E-01  0.5812E-01  0.5187E+00 -0.4953E-01  0.2125E+05  0.2125E+05  0.2125E+05  0.3296E-03  0.8648E-02  0.7885E-10  0.3441E+01  0.8237E-08  0.7661E-02 -0.1405E-02 -0.1061E-02 -0.6594E-02 -0.5267E-04  0.6501E-02  0.2381E-02
    61  0.3600E+02  0.1518E-14  0.2838E-03  0.1696E-02  0.1551E-09  0.1713E+00  0.2116E+00  0.2519E-01  0.5406E-01  0.5367E+00 -0.5268E-01  0.2122E+05  0.2122E+05  0.2122E+05  0.3327E-03  0.8548E-02  0.8010E-10  0.3437E+01  0.8280E-08  0.7530E-02 -0.1435E-02 -0.1023E-02 -0.6302E-02  0.1273E-03  0.6634E-02  0.2447E-02
    62  0.3660E+02 -0.2168E-15  0.2823E-03  0.1683E-02  0.1528E-09  0.1645E+00  0.2118E+00  0.2543E-01  0.5429E-01  0.5572E+00 -0.4505E-01  0.2116E+05  0.2116E+05  0.2116E+05  0.2977E-03  0.8393E-02  0.8119E-10  0.3435E+01  0.8096E-08  0.7365E-02 -0.1399E-02 -0.1069E-02 -0.6017E-02 -0.1663E-03  0.6578E-02  0.2534E-02
    63  0.3720E+02  0.8674E-15  0.2789E-03  0.1674E-02  0.1473E-09  0.1653E+00  0.2120E+00  0.2541E-01  0.5927E-01  0.5692E+00 -0.2404E-01  0.2110E+05  0.2110E+05  0.2110E+05  0.3286E-03  0.8239E-02  0.8171E-10  0.3400E+01  0.7836E-08  0.7265E-02 -0.1429E-02 -0.1049E-02 -0.6671E-02 -0.2329E-03  0.7001E-02  0.2671E-02
    64  0.3780E+02 -0.1084E-14  0.2771E-03  0.1661E-02  0.1445E-09  0.1606E+00  0.2122E+00  0.2536E-01  0.5856E-01  0.5803E+00  0.1930E-02  0.2104E+05  0.2104E+05  0.2104E+05  0.2837E-03  0.8142E-02  0.8216E-10  0.3405E+01  0.8223E-08  0.7170E-02 -0.1449E-02 -0.1034E-02 -0.5664E-02 -0.6897E-04  0.6626E-02  0.2756E-02
    65  0.3840E+02 -0.1084E-15  0.2752E-03  0.1655E-02  0.1411E-09  0.1604E+00  0.2124E+00  0.2538E-01  0.5913E-01  0.5799E+00  0.3355E-01  0.2098E+05  0.2098E+05  0.2098E+05  0.3025E-03  0.8102E-02  0.8193E-10  0.3352E+01  0.8216E-08  0.7171E-02 -0.1430E-02 -0.1073E-02 -0.6657E-02 -0.4832E-03  0.7165E-02  0.2814E-02
    66  0.3900E+02  0.1084E-15  0.2722E-03  0.1653E-02  0.1362E-09  0.1584E+00  0.2127E+00  0.2533E-01  0.5388E-01  0.5729E+00  0.5932E-01  0.2092E+05  0.2092E+05  0.2092E+05  0.2925E-03  0.8079E-02  0.8131E-10  0.3277E+01  0.8374E-08  0.7223E-02 -0.1449E-02 -0.1037E-02 -0.6684E-02  0.1314E-03  0.6520E-02  0.2815E-02
    67  0.3960E+02  0.1301E-14  0.2698E-03  0.1646E-02  0.1329E-09  0.1590E+00  0.2129E+00  0.2535E-01  0.6263E-01  0.5605E+00  0.7885E-01  0.2087E+05  0.2087E+05  0.2087E+05  0.2853E-03  0.8144E-02  0.8029E-10  0.3318E+01  0.9170E-08  0.7304E-02 -0.1473E-02 -0.1063E-02 -0.6594E-02 -0.5625E-03  0.6720E-02  0.2881E-02
    68  0.4020E+02 -0.1409E-14  0.2696E-03  0.1640E-02  0.1322E-09  0.1557E+00  0.2132E+00  0.2499E-01  0.6758E-01  0.5457E+00  0.8658E-01  0.2083E+05  0.2083E+05  0.2083E+05  0.2842E-03  0.8236E-02  0.7903E-10  0.3302E+01  0.9132E-08  0.7399E-02 -0.1452E-02 -0.1057E-02 -0.5798E-02 -0.1193E-03  0.5986E-02  0.2757E-02
    69  0.4080E+02 -0.1518E-14  0.2697E-03  0.1635E-02  0.1308E-09  0.1506E+00  0.2134E+00  0.2494E-01  0.7841E-01  0.5312E+00  0.8282E-01  0.2078E+05  0.2078E+05  0.2078E+05  0.2704E-03  0.8290E-02  0.7785E-10  0.3229E+01  0.9249E-08  0.7493E-02 -0.1485E-02 -0.1049E-02 -0.7076E-02 -0.5719E-03  0.5834E-02  0.2791E-02
    70  0.4140E+02 -0.7589E-15  0.2694E-03  0.1628E-02  0.1301E-09  0.1483E+00  0.2137E+00  0.2431E-01  0.7479E-01  0.5191E+00  0.7294E-01  0.2073E+05  0.2073E+05  0.2073E+05  0.2609E-03  0.8369E-02  0.7680E-10  0.3262E+01  0.9648E-08  0.7562E-02 -0.1467E-02 -0.1062E-02 -0.6107E-02  0.4721E-04  0.5347E-02  0.2720E-02
    71  0.4200E+02 -0.1084E-15  0.2686E-03  0.1617E-02  0.1290E-09  0.1440E+00  0.2139E+00  0.2428E-01  0.6960E-01  0.5131E+00  0.5486E-01  0.2067E+05  0.2067E+05  0.2067E+05  0.2661E-03  0.8393E-02  0.7613E-10  0.3294E+01  0.1014E-07  0.7579E-02 -0.1495E-02 -0.1053E-02 -0.5773E-02 -0.1289E-03  0.5146E-02  0.2762E-02
    72  0.4260E+02  0.1301E-14  0.2698E-03  0.1610E-02  0.1303E-09  0.1434E+00  0.2142E+00  0.2411E-01  0.8337E-01  0.5093E+00  0.3388E-01  0.2064E+05  0.2064E+05  0.2064E+05  0.2508E-03  0.8461E-02  0.7576E-10  0.3391E+01  0.1087E-07  0.7588E-02 -0.1509E-02 -0.1051E-02 -0.6800E-02 -0.6428E-03  0.5876E-02  0.2759E-02
    73  0.4320E+02 -0.9758E-15  0.2696E-03  0.1600E-02  0.1302E-09  0.1389E+00  0.2143E+00  0.2377E-01  0.7709E-01  0.5121E+00  0.1348E-01  0.2059E+05  0.2059E+05  0.2059E+05  0.2474E-03  0.8434E-02  0.7576E-10  0.3430E+01  0.1127E-07  0.7546E-02 -0.1470E-02 -0.1066E-02 -0.6187E-02  0.1530E-03  0.4942E-02  0.2704E-02
    74  0.4380E+02 -0.1409E-14  0.2707E-03  0.1582E-02  0.1307E-09  0.1355E+00  0.2145E+00  0.2349E-01  0.7998E-01  0.5200E+00 -0.3034E-02  0.2053E+05  0.2053E+05  0.2053E+05  0.2592E-03  0.8382E-02  0.7586E-10  0.3468E+01  0.1110E-07  0.7449E-02 -0.1525E-02 -0.1056E-02 -0.6470E-02 -0.4938E-03  0.5450E-02  0.2862E-02
    75  0.4440E+02  0.4337E-15  0.2686E-03  0.1571E-02  0.1287E-09  0.1335E+00  0.2146E+00  0.2346E-01  0.8296E-01  0.5297E+00 -0.7942E-02  0.2046E+05  0.2046E+05  0.2046E+05  0.2295E-03  0.8312E-02  0.7629E-10  0.3531E+01  0.1139E-07  0.7359E-02 -0.1518E-02 -0.1047E-02 -0.5400E-02 -0.3482E-03  0.5230E-02  0.2877E-02
    76  0.4500E+02  0.6505E-15  0.2703E-03  0.1556E-02  0.1302E-09  0.1270E+00  0.2147E+00  0.2304E-01  0.8044E-01  0.5395E+00 -0.4526E-02  0.2041E+05  0.2041E+05  0.2041E+05  0.2269E-03  0.8285E-02  0.7667E-10  0.3591E+01  0.1169E-07  0.7258E-02 -0.1490E-02 -0.1081E-02 -0.6414E-02 -0.1243E-03  0.5535E-02  0.2890E-02
