 #NTuple/Z0                                                                      
 output from Ecalc9f version   2.09
  settings: 
    particle type:            2
    pzmin/pzmax:    0.0000000000000000      /   100.00000000000000     
    transverse cuts:    0.0000000000000000        0.0000000000000000     
    longitudinal cut:    0.0000000000000000     
    RF frequency (MHz):    704.00000000000000     
    sigma cut:    0.0000000000000000     
    subtract out amplitude correlation
    wrnew9 =  F

regn #   Z           Bz          eperp       elong       e6D         Ldim        Pzavg       beta        alpha       betaL       alphaL      n0          n1          n2          Lcan(eVs)   sigmaE      sigmaT      corrE       corrT       sigmaE_c    xavg        yavg        Dx          Dy          Dr          Dr2
     1  0.0000E+00  0.4009E-03  0.2473E-02  0.7049E-02  0.4358E-07 -0.2774E-01  0.2207E+00  0.4788E+00 -0.6561E-02  0.6442E+00  0.7549E-03  0.1254E+06  0.1254E+06  0.1254E+06 -0.5814E-03  0.1481E-01  0.1725E-09  0.4162E+00  0.8641E-11  0.1441E-01 -0.2176E-01 -0.1397E-01 -0.6366E-01  0.5886E-03  0.6829E-01  0.1898E+00
     2  0.8000E+00  0.3787E-03  0.2455E-02  0.7029E-02  0.4316E-07 -0.1845E-01  0.2197E+00  0.3659E+00 -0.4410E+00  0.6122E+00  0.1446E+00  0.1246E+06  0.1246E+06  0.1246E+06 -0.1787E-03  0.1523E-01  0.1686E-09  0.4003E+00  0.9750E-09  0.1487E-01 -0.2124E-01 -0.1330E-01 -0.2879E-01  0.1403E-02  0.2438E-01  0.1642E+00
     3  0.1600E+01  0.3988E-03  0.2481E-02  0.7225E-02  0.4427E-07 -0.1611E-02  0.2186E+00  0.2371E+00 -0.1976E+00  0.5356E+00  0.1888E+00  0.1237E+06  0.1237E+06  0.1237E+06  0.3815E-04  0.1649E-01  0.1610E-09  0.3912E+00  0.1888E-08  0.1617E-01 -0.2071E-01 -0.1389E-01 -0.4724E-01  0.2526E-02  0.2552E-01  0.1381E+00
     4  0.2400E+01  0.3887E-03  0.2503E-02  0.7295E-02  0.4606E-07  0.9071E-02  0.2183E+00  0.2640E+00  0.1294E+00  0.4651E+00  0.1520E+00  0.1232E+06  0.1232E+06  0.1232E+06 -0.9099E-04  0.1766E-01  0.1516E-09  0.4176E+00  0.2510E-08  0.1732E-01 -0.2134E-01 -0.1346E-01 -0.4337E-01  0.3400E-02  0.5393E-01  0.1257E+00
     5  0.3200E+01  0.3854E-03  0.2511E-02  0.7441E-02  0.4773E-07  0.1660E-01  0.2185E+00  0.3278E+00  0.7015E-01  0.4297E+00  0.1687E-01  0.1230E+06  0.1230E+06  0.1230E+06  0.5725E-03  0.1840E-01  0.1479E-09  0.4604E+00  0.3095E-08  0.1800E-01 -0.2077E-01 -0.1340E-01 -0.4224E-01  0.3149E-02  0.5646E-01  0.1118E+00
     6  0.4000E+01  0.4002E-03  0.2472E-02  0.7519E-02  0.4775E-07  0.1912E-01  0.2188E+00  0.3194E+00 -0.7401E-01  0.4493E+00 -0.1101E+00  0.1228E+06  0.1228E+06  0.1228E+06  0.1463E-03  0.1838E-01  0.1519E-09  0.5634E+00  0.3247E-08  0.1782E-01 -0.2127E-01 -0.1416E-01 -0.3647E-01 -0.1863E-03  0.3797E-01  0.1182E+00
     7  0.4800E+01  0.3807E-03  0.2457E-02  0.7675E-02  0.4799E-07  0.2478E-01  0.2191E+00  0.2965E+00 -0.7301E-01  0.5012E+00 -0.1699E+00  0.1224E+06  0.1224E+06  0.1224E+06  0.4082E-03  0.1788E-01  0.1607E-09  0.6117E+00  0.2437E-08  0.1720E-01 -0.2108E-01 -0.1316E-01 -0.4394E-01  0.7955E-02  0.4030E-01  0.1185E+00
     8  0.5600E+01  0.3963E-03  0.2432E-02  0.7868E-02  0.4846E-07  0.3035E-01  0.2192E+00  0.2927E+00 -0.1244E-01  0.5557E+00 -0.1622E+00  0.1221E+06  0.1221E+06  0.1221E+06  0.6754E-03  0.1728E-01  0.1706E-09  0.6416E+00  0.1871E-08  0.1653E-01 -0.2138E-01 -0.1392E-01 -0.3891E-01  0.2534E-02  0.4844E-01  0.1342E+00
     9  0.6400E+01  0.3906E-03  0.2395E-02  0.8215E-02  0.4906E-07  0.2900E-01  0.2191E+00  0.2999E+00  0.1132E-02  0.5840E+00 -0.9308E-01  0.1219E+06  0.1219E+06  0.1219E+06  0.3609E-03  0.1709E-01  0.1784E-09  0.6535E+00  0.1381E-08  0.1633E-01 -0.2130E-01 -0.1392E-01 -0.3235E-01  0.3948E-03  0.4290E-01  0.1359E+00
    10  0.7200E+01  0.3848E-03  0.2377E-02  0.8576E-02  0.4975E-07  0.3287E-01  0.2189E+00  0.3098E+00 -0.8650E-02  0.5813E+00  0.1116E-02  0.1217E+06  0.1217E+06  0.1217E+06  0.4838E-03  0.1736E-01  0.1818E-09  0.6488E+00  0.6922E-09  0.1664E-01 -0.2102E-01 -0.1326E-01 -0.4561E-01  0.1036E-01  0.4689E-01  0.1259E+00
    11  0.8000E+01  0.3990E-03  0.2364E-02  0.8918E-02  0.5068E-07  0.3594E-01  0.2185E+00  0.3045E+00 -0.4534E-01  0.5458E+00  0.8338E-01  0.1215E+06  0.1215E+06  0.1215E+06  0.7636E-03  0.1811E-01  0.1798E-09  0.5850E+00  0.5436E-10  0.1755E-01 -0.2173E-01 -0.1414E-01 -0.4206E-01 -0.3406E-02  0.4636E-01  0.1256E+00
    12  0.8800E+01  0.3831E-03  0.2346E-02  0.9139E-02  0.5051E-07  0.3287E-01  0.2182E+00  0.2903E+00 -0.4452E-01  0.4952E+00  0.1246E+00  0.1213E+06  0.1213E+06  0.1213E+06  0.4034E-03  0.1914E-01  0.1736E-09  0.5249E+00 -0.4876E-09  0.1871E-01 -0.2043E-01 -0.1369E-01 -0.4420E-01  0.3450E-02  0.4002E-01  0.1012E+00
    13  0.9600E+01  0.3936E-03  0.2323E-02  0.9283E-02  0.4973E-07  0.3823E-01  0.2180E+00  0.2900E+00  0.1912E-01  0.4436E+00  0.9418E-01  0.1212E+06  0.1212E+06  0.1212E+06  0.5353E-03  0.2011E-01  0.1657E-09  0.4251E+00 -0.6649E-09  0.1985E-01 -0.2144E-01 -0.1343E-01 -0.4490E-01  0.3734E-02  0.3397E-01  0.9648E-01
    14  0.1040E+02  0.3922E-03  0.2315E-02  0.9434E-02  0.4975E-07  0.3856E-01  0.2182E+00  0.3148E+00  0.2758E-01  0.4161E+00  0.5482E-01  0.1210E+06  0.1210E+06  0.1210E+06  0.7834E-03  0.2073E-01  0.1618E-09  0.2890E+00 -0.9311E-09  0.2061E-01 -0.2113E-01 -0.1409E-01 -0.4775E-01 -0.2719E-02  0.3905E-01  0.9194E-01
    15  0.1120E+02  0.3849E-03  0.2295E-02  0.9553E-02  0.4955E-07  0.3381E-01  0.2185E+00  0.3180E+00 -0.8690E-01  0.4071E+00  0.1200E-01  0.1207E+06  0.1207E+06  0.1207E+06  0.3167E-03  0.2101E-01  0.1608E-09  0.1931E+00 -0.7854E-09  0.2096E-01 -0.2068E-01 -0.1354E-01 -0.4238E-01  0.3042E-02  0.3643E-01  0.8505E-01
    16  0.1200E+02  0.3971E-03  0.2267E-02  0.9496E-02  0.4768E-07  0.3346E-01  0.2187E+00  0.2836E+00 -0.1041E+00  0.4038E+00 -0.2596E-01  0.1203E+06  0.1203E+06  0.1203E+06  0.6370E-03  0.2102E-01  0.1597E-09  0.1198E+00 -0.1029E-08  0.2099E-01 -0.2164E-01 -0.1370E-01 -0.4944E-01  0.1316E-02  0.3151E-01  0.9095E-01
    17  0.1280E+02  0.3858E-03  0.2245E-02  0.9491E-02  0.4631E-07  0.3139E-01  0.2188E+00  0.2802E+00  0.3731E-01  0.4151E+00 -0.1348E-02  0.1199E+06  0.1199E+06  0.1199E+06  0.4627E-03  0.2071E-01  0.1616E-09  0.2282E-01 -0.4871E-09  0.2071E-01 -0.2085E-01 -0.1393E-01 -0.5144E-01 -0.2153E-02  0.3194E-01  0.8973E-01
    18  0.1360E+02  0.3913E-03  0.2219E-02  0.9294E-02  0.4487E-07  0.3195E-01  0.2191E+00  0.3188E+00  0.5699E-01  0.4200E+00 -0.2380E-01  0.1194E+06  0.1194E+06  0.1194E+06  0.3275E-03  0.2039E-01  0.1607E-09 -0.1248E-01 -0.1288E-09  0.2039E-01 -0.2122E-01 -0.1343E-01 -0.4165E-01  0.1243E-03  0.2958E-01  0.9267E-01
    19  0.1440E+02  0.3930E-03  0.2193E-02  0.9232E-02  0.4332E-07  0.2576E-01  0.2192E+00  0.3302E+00 -0.5933E-01  0.4287E+00  0.3759E-01  0.1189E+06  0.1189E+06  0.1189E+06  0.4920E-03  0.2014E-01  0.1617E-09  0.3237E-01 -0.2490E-09  0.2013E-01 -0.2157E-01 -0.1390E-01 -0.5403E-01 -0.5207E-03  0.3661E-01  0.9984E-01
    20  0.1520E+02  0.3860E-03  0.2182E-02  0.8969E-02  0.4181E-07  0.1970E-01  0.2191E+00  0.3021E+00 -0.1092E+00  0.4140E+00  0.6578E-01  0.1183E+06  0.1183E+06  0.1183E+06  0.1649E-03  0.2022E-01  0.1567E-09  0.3688E-02  0.5506E-09  0.2022E-01 -0.2117E-01 -0.1369E-01 -0.4535E-01 -0.5576E-02  0.2999E-01  0.9509E-01
    21  0.1600E+02  0.3946E-03  0.2196E-02  0.8679E-02  0.4097E-07  0.1315E-01  0.2191E+00  0.2902E+00 -0.4289E-01  0.4001E+00  0.7784E-01  0.1177E+06  0.1177E+06  0.1177E+06  0.1491E-03  0.2025E-01  0.1516E-09 -0.4263E-01  0.4682E-09  0.2025E-01 -0.2128E-01 -0.1371E-01 -0.4270E-01 -0.1648E-02  0.3100E-01  0.9476E-01
    22  0.1680E+02  0.3885E-03  0.2185E-02  0.8305E-02  0.3884E-07  0.8842E-02  0.2193E+00  0.3000E+00  0.3357E-02  0.3884E+00  0.6005E-01  0.1171E+06  0.1171E+06  0.1171E+06 -0.1533E-04  0.2009E-01  0.1460E-09  0.3138E-02  0.3506E-09  0.2009E-01 -0.2142E-01 -0.1377E-01 -0.4536E-01 -0.2319E-02  0.3607E-01  0.9839E-01
    23  0.1760E+02  0.3897E-03  0.2180E-02  0.8063E-02  0.3763E-07  0.4371E-02  0.2195E+00  0.3119E+00 -0.1758E-01  0.3853E+00  0.5996E-01  0.1166E+06  0.1166E+06  0.1166E+06  0.4807E-04  0.1989E-01  0.1436E-09 -0.1224E-01  0.1080E-08  0.1989E-01 -0.2131E-01 -0.1357E-01 -0.4580E-01  0.3654E-02  0.3160E-01  0.9845E-01
    24  0.1840E+02  0.3927E-03  0.2139E-02  0.7635E-02  0.3462E-07 -0.6377E-02  0.2200E+00  0.3101E+00 -0.4480E-01  0.3898E+00  0.2069E-01  0.1159E+06  0.1159E+06  0.1159E+06 -0.1263E-04  0.1926E-01  0.1402E-09  0.1114E+00  0.9998E-09  0.1924E-01 -0.2163E-01 -0.1403E-01 -0.3581E-01 -0.5458E-02  0.3147E-01  0.1095E+00
    25  0.1920E+02  0.3880E-03  0.2124E-02  0.7378E-02  0.3275E-07 -0.1574E-01  0.2204E+00  0.3082E+00 -0.5185E-01  0.4061E+00  0.2883E-02  0.1154E+06  0.1154E+06  0.1154E+06 -0.4505E-03  0.1857E-01  0.1403E-09  0.7620E-01  0.3538E-09  0.1854E-01 -0.2141E-01 -0.1376E-01 -0.4624E-01  0.3352E-02  0.3724E-01  0.1152E+00
    26  0.2000E+02  0.3919E-03  0.2079E-02  0.7052E-02  0.3053E-07 -0.1885E-01  0.2207E+00  0.3046E+00 -0.2682E-01  0.4247E+00 -0.9133E-02  0.1150E+06  0.1150E+06  0.1150E+06 -0.1820E-03  0.1805E-01  0.1403E-09  0.4710E+00  0.1155E-08  0.1775E-01 -0.2183E-01 -0.1357E-01 -0.4563E-01  0.4087E-02  0.4013E-01  0.1254E+00
    27  0.2080E+02  0.3905E-03  0.2057E-02  0.6853E-02  0.2925E-07 -0.2732E-01  0.2209E+00  0.3046E+00 -0.2530E-01  0.4362E+00  0.8937E-02  0.1146E+06  0.1146E+06  0.1146E+06 -0.2753E-03  0.1763E-01  0.1401E-09  0.5004E+00  0.1367E-08  0.1728E-01 -0.2159E-01 -0.1417E-01 -0.3767E-01 -0.5087E-02  0.4065E-01  0.1330E+00
    28  0.2160E+02  0.3893E-03  0.2044E-02  0.6642E-02  0.2807E-07 -0.3713E-01  0.2213E+00  0.3075E+00 -0.2101E-01  0.4433E+00 -0.7530E-02  0.1143E+06  0.1143E+06  0.1143E+06 -0.8315E-03  0.1731E-01  0.1388E-09  0.5498E+00  0.1062E-08  0.1689E-01 -0.2167E-01 -0.1364E-01 -0.4354E-01  0.3021E-02  0.4528E-01  0.1360E+00
    29  0.2240E+02  0.3912E-03  0.2031E-02  0.6445E-02  0.2688E-07 -0.4315E-01  0.2217E+00  0.3087E+00 -0.2047E-01  0.4450E+00  0.4473E-01  0.1140E+06  0.1140E+06  0.1140E+06 -0.3827E-03  0.1706E-01  0.1366E-09  0.5379E+00  0.3809E-09  0.1664E-01 -0.2228E-01 -0.1372E-01 -0.4263E-01  0.3254E-02  0.4433E-01  0.1464E+00
    30  0.2320E+02  0.3905E-03  0.2014E-02  0.6292E-02  0.2570E-07 -0.4981E-01  0.2220E+00  0.3117E+00 -0.3109E-01  0.4386E+00  0.4615E-01  0.1137E+06  0.1137E+06  0.1137E+06 -0.7326E-03  0.1693E-01  0.1339E-09  0.4960E+00  0.9638E-10  0.1658E-01 -0.2156E-01 -0.1417E-01 -0.3983E-01 -0.4551E-02  0.4362E-01  0.1448E+00
    31  0.2400E+02  0.3896E-03  0.1995E-02  0.6161E-02  0.2476E-07 -0.6215E-01  0.2224E+00  0.3093E+00 -0.4163E-01  0.4358E+00  0.4262E-01  0.1135E+06  0.1135E+06  0.1135E+06 -0.1086E-02  0.1684E-01  0.1319E-09  0.5200E+00 -0.3588E-09  0.1648E-01 -0.2215E-01 -0.1360E-01 -0.3807E-01  0.4877E-02  0.3990E-01  0.1484E+00
    32  0.2480E+02  0.3912E-03  0.1993E-02  0.6085E-02  0.2391E-07 -0.6799E-01  0.2228E+00  0.3103E+00 -0.1672E-01  0.4257E+00  0.2488E-01  0.1133E+06  0.1133E+06  0.1133E+06 -0.6677E-03  0.1665E-01  0.1294E-09  0.1577E+00 -0.3131E-09  0.1658E-01 -0.2227E-01 -0.1386E-01 -0.4378E-01  0.5003E-02  0.3959E-01  0.1543E+00
    33  0.2560E+02  0.3904E-03  0.1966E-02  0.5857E-02  0.2276E-07 -0.8052E-01  0.2231E+00  0.3160E+00 -0.1475E-01  0.4426E+00 -0.3836E-01  0.1131E+06  0.1131E+06  0.1131E+06 -0.1156E-02  0.1623E-01  0.1293E-09  0.4273E+00  0.2106E-10  0.1598E-01 -0.2190E-01 -0.1407E-01 -0.3567E-01 -0.3743E-02  0.4060E-01  0.1610E+00
    34  0.2640E+02  0.3888E-03  0.1952E-02  0.5737E-02  0.2196E-07 -0.8812E-01  0.2234E+00  0.3166E+00 -0.5666E-01  0.4615E+00 -0.1186E-01  0.1128E+06  0.1128E+06  0.1128E+06 -0.1328E-02  0.1577E-01  0.1306E-09  0.4519E+00 -0.1637E-09  0.1549E-01 -0.2235E-01 -0.1368E-01 -0.4106E-01  0.3628E-02  0.4134E-01  0.1730E+00
    35  0.2720E+02  0.3928E-03  0.1947E-02  0.5662E-02  0.2143E-07 -0.9133E-01  0.2235E+00  0.3035E+00 -0.3489E-01  0.4695E+00 -0.8499E-02  0.1126E+06  0.1126E+06  0.1126E+06 -0.1060E-02  0.1550E-01  0.1308E-09  0.4205E+00  0.7121E-10  0.1526E-01 -0.2225E-01 -0.1377E-01 -0.4871E-01  0.2255E-02  0.4437E-01  0.1786E+00
    36  0.2800E+02  0.3886E-03  0.1921E-02  0.5615E-02  0.2087E-07 -0.1013E+00  0.2235E+00  0.3089E+00  0.1353E-01  0.4765E+00  0.1981E-01  0.1124E+06  0.1124E+06  0.1124E+06 -0.1393E-02  0.1532E-01  0.1312E-09  0.4239E+00  0.3829E-09  0.1508E-01 -0.2215E-01 -0.1403E-01 -0.3267E-01 -0.2912E-02  0.3705E-01  0.1829E+00
    37  0.2880E+02  0.3904E-03  0.1917E-02  0.5555E-02  0.2045E-07 -0.1098E+00  0.2235E+00  0.3225E+00 -0.1926E-01  0.4668E+00  0.3929E-01  0.1122E+06  0.1122E+06  0.1122E+06 -0.1522E-02  0.1542E-01  0.1293E-09  0.4326E+00  0.6683E-09  0.1517E-01 -0.2234E-01 -0.1371E-01 -0.4376E-01  0.2657E-03  0.4701E-01  0.1813E+00
    38  0.2960E+02  0.3927E-03  0.1910E-02  0.5547E-02  0.2014E-07 -0.1151E+00  0.2233E+00  0.3148E+00 -0.6114E-01  0.4470E+00  0.5043E-01  0.1120E+06  0.1120E+06  0.1120E+06 -0.1457E-02  0.1559E-01  0.1264E-09  0.2256E+00  0.3805E-09  0.1549E-01 -0.2232E-01 -0.1389E-01 -0.4249E-01  0.5792E-02  0.3967E-01  0.1771E+00
    39  0.3040E+02  0.3863E-03  0.1895E-02  0.5503E-02  0.1976E-07 -0.1201E+00  0.2232E+00  0.3023E+00 -0.2554E-01  0.4413E+00  0.4124E-01  0.1119E+06  0.1119E+06  0.1119E+06 -0.1607E-02  0.1574E-01  0.1254E-09  0.4223E+00  0.1203E-08  0.1551E-01 -0.2202E-01 -0.1380E-01 -0.4138E-01 -0.2519E-02  0.3814E-01  0.1702E+00
    40  0.3120E+02  0.3941E-03  0.1880E-02  0.5464E-02  0.1931E-07 -0.1310E+00  0.2232E+00  0.3125E+00 -0.3757E-02  0.4336E+00  0.2548E-01  0.1118E+06  0.1118E+06  0.1118E+06 -0.1680E-02  0.1576E-01  0.1239E-09  0.3429E+00  0.1144E-08  0.1559E-01 -0.2232E-01 -0.1387E-01 -0.3990E-01 -0.2160E-02  0.4470E-01  0.1738E+00
    41  0.3200E+02  0.3892E-03  0.1869E-02  0.5360E-02  0.1883E-07 -0.1337E+00  0.2232E+00  0.3173E+00 -0.3894E-01  0.4325E+00 -0.6755E-02  0.1116E+06  0.1116E+06  0.1116E+06 -0.1790E-02  0.1573E-01  0.1225E-09  0.4679E+00  0.1268E-08  0.1545E-01 -0.2216E-01 -0.1385E-01 -0.4404E-01  0.4182E-02  0.4415E-01  0.1729E+00
    42  0.3280E+02  0.3881E-03  0.1853E-02  0.5293E-02  0.1837E-07 -0.1385E+00  0.2232E+00  0.3094E+00 -0.3807E-01  0.4434E+00 -0.8590E-02  0.1114E+06  0.1114E+06  0.1114E+06 -0.1736E-02  0.1552E-01  0.1232E-09  0.5320E+00  0.1219E-08  0.1517E-01 -0.2228E-01 -0.1362E-01 -0.4044E-01 -0.2244E-02  0.4163E-01  0.1771E+00
    43  0.3360E+02  0.3956E-03  0.1842E-02  0.5255E-02  0.1808E-07 -0.1451E+00  0.2233E+00  0.3087E+00 -0.2542E-01  0.4561E+00 -0.7952E-02  0.1113E+06  0.1113E+06  0.1113E+06 -0.1768E-02  0.1530E-01  0.1244E-09  0.5746E+00  0.1016E-08  0.1490E-01 -0.2229E-01 -0.1417E-01 -0.3942E-01 -0.2584E-02  0.4521E-01  0.1864E+00
    44  0.3440E+02  0.3848E-03  0.1833E-02  0.5206E-02  0.1770E-07 -0.1507E+00  0.2234E+00  0.3117E+00 -0.2427E-01  0.4599E+00 -0.5080E-02  0.1112E+06  0.1112E+06  0.1112E+06 -0.2108E-02  0.1516E-01  0.1243E-09  0.5583E+00  0.1105E-08  0.1478E-01 -0.2219E-01 -0.1364E-01 -0.4655E-01  0.6997E-02  0.4538E-01  0.1849E+00
    45  0.3520E+02  0.3931E-03  0.1816E-02  0.5162E-02  0.1732E-07 -0.1513E+00  0.2235E+00  0.3094E+00 -0.1475E-01  0.4658E+00  0.2016E-01  0.1111E+06  0.1111E+06  0.1111E+06 -0.1658E-02  0.1508E-01  0.1245E-09  0.6183E+00  0.7440E-09  0.1463E-01 -0.2254E-01 -0.1368E-01 -0.3729E-01 -0.1522E-02  0.4335E-01  0.1915E+00
    46  0.3600E+02  0.3920E-03  0.1809E-02  0.5133E-02  0.1707E-07 -0.1592E+00  0.2237E+00  0.3169E+00 -0.1793E-01  0.4602E+00  0.3217E-01  0.1109E+06  0.1109E+06  0.1109E+06 -0.2033E-02  0.1512E-01  0.1233E-09  0.6044E+00  0.7353E-09  0.1469E-01 -0.2222E-01 -0.1425E-01 -0.4007E-01 -0.4664E-02  0.4531E-01  0.1913E+00
    47  0.3680E+02  0.3844E-03  0.1799E-02  0.4999E-02  0.1648E-07 -0.1633E+00  0.2240E+00  0.3163E+00 -0.4710E-01  0.4510E+00  0.3669E-01  0.1108E+06  0.1108E+06  0.1108E+06 -0.2227E-02  0.1512E-01  0.1203E-09  0.6215E+00  0.4758E-09  0.1466E-01 -0.2253E-01 -0.1349E-01 -0.4209E-01  0.4666E-02  0.4735E-01  0.1899E+00
    48  0.3760E+02  0.3974E-03  0.1786E-02  0.5010E-02  0.1622E-07 -0.1644E+00  0.2242E+00  0.3059E+00 -0.3498E-01  0.4482E+00  0.1971E-01  0.1107E+06  0.1107E+06  0.1107E+06 -0.1739E-02  0.1519E-01  0.1200E-09  0.6467E+00  0.6152E-09  0.1472E-01 -0.2255E-01 -0.1386E-01 -0.4232E-01  0.4300E-02  0.4445E-01  0.1909E+00
    49  0.3840E+02  0.3859E-03  0.1773E-02  0.5008E-02  0.1597E-07 -0.1677E+00  0.2244E+00  0.3082E+00  0.9107E-03  0.4456E+00  0.3116E-01  0.1106E+06  0.1106E+06  0.1106E+06 -0.2177E-02  0.1517E-01  0.1195E-09  0.5908E+00 -0.7157E-10  0.1478E-01 -0.2234E-01 -0.1409E-01 -0.3611E-01 -0.6869E-02  0.4489E-01  0.1911E+00
    50  0.3920E+02  0.3896E-03  0.1767E-02  0.4918E-02  0.1554E-07 -0.1701E+00  0.2247E+00  0.3209E+00 -0.1386E-01  0.4474E+00 -0.8472E-02  0.1104E+06  0.1104E+06  0.1104E+06 -0.2150E-02  0.1500E-01  0.1186E-09  0.5830E+00  0.2167E-09  0.1462E-01 -0.2279E-01 -0.1355E-01 -0.4303E-01  0.3003E-02  0.4741E-01  0.1974E+00
    51  0.4000E+02  0.3960E-03  0.1757E-02  0.4866E-02  0.1519E-07 -0.1682E+00  0.2249E+00  0.3166E+00 -0.4982E-01  0.4533E+00 -0.2433E-02  0.1103E+06  0.1103E+06  0.1103E+06 -0.1868E-02  0.1484E-01  0.1186E-09  0.5979E+00  0.2012E-09  0.1445E-01 -0.2264E-01 -0.1392E-01 -0.4287E-01  0.6287E-02  0.4287E-01  0.2024E+00
    52  0.4080E+02  0.3820E-03  0.1746E-02  0.4865E-02  0.1500E-07 -0.1722E+00  0.2250E+00  0.3057E+00 -0.3196E-01  0.4552E+00 -0.1085E-01  0.1102E+06  0.1102E+06  0.1102E+06 -0.2140E-02  0.1475E-01  0.1189E-09  0.5480E+00  0.2947E-09  0.1443E-01 -0.2247E-01 -0.1392E-01 -0.3655E-01 -0.5470E-02  0.4162E-01  0.2026E+00
    53  0.4160E+02  0.3968E-03  0.1744E-02  0.4835E-02  0.1481E-07 -0.1739E+00  0.2250E+00  0.3128E+00 -0.6503E-02  0.4595E+00 -0.2491E-02  0.1101E+06  0.1101E+06  0.1101E+06 -0.2112E-02  0.1463E-01  0.1190E-09  0.5273E+00  0.3943E-09  0.1432E-01 -0.2278E-01 -0.1370E-01 -0.4323E-01  0.2531E-03  0.4672E-01  0.2088E+00
    54  0.4240E+02  0.3893E-03  0.1737E-02  0.4823E-02  0.1461E-07 -0.1710E+00  0.2250E+00  0.3183E+00 -0.2541E-01  0.4567E+00  0.2551E-01  0.1100E+06  0.1100E+06  0.1100E+06 -0.2040E-02  0.1460E-01  0.1185E-09  0.4757E+00  0.3417E-09  0.1435E-01 -0.2270E-01 -0.1387E-01 -0.4390E-01  0.4758E-02  0.4477E-01  0.2096E+00
    55  0.4320E+02  0.3853E-03  0.1723E-02  0.4761E-02  0.1426E-07 -0.1701E+00  0.2250E+00  0.3118E+00 -0.4340E-01  0.4539E+00  0.1220E-01  0.1099E+06  0.1099E+06  0.1099E+06 -0.2000E-02  0.1459E-01  0.1175E-09  0.5220E+00  0.6377E-09  0.1429E-01 -0.2258E-01 -0.1372E-01 -0.3690E-01 -0.3459E-02  0.4086E-01  0.2068E+00
    56  0.4400E+02  0.3989E-03  0.1718E-02  0.4740E-02  0.1402E-07 -0.1721E+00  0.2249E+00  0.3075E+00 -0.2543E-01  0.4497E+00  0.3645E-01  0.1098E+06  0.1098E+06  0.1098E+06 -0.2037E-02  0.1461E-01  0.1167E-09  0.4898E+00  0.6549E-09  0.1433E-01 -0.2268E-01 -0.1397E-01 -0.4380E-01  0.3976E-03  0.4613E-01  0.2098E+00
    57  0.4480E+02  0.3821E-03  0.1712E-02  0.4700E-02  0.1386E-07 -0.1697E+00  0.2248E+00  0.3111E+00 -0.1328E-01  0.4410E+00  0.3053E-01  0.1097E+06  0.1097E+06  0.1097E+06 -0.2067E-02  0.1467E-01  0.1151E-09  0.4641E+00  0.7629E-09  0.1441E-01 -0.2267E-01 -0.1369E-01 -0.4263E-01  0.2815E-02  0.4465E-01  0.2055E+00
    58  0.4560E+02  0.3936E-03  0.1699E-02  0.4649E-02  0.1352E-07 -0.1644E+00  0.2248E+00  0.3141E+00 -0.2020E-01  0.4426E+00  0.2107E-01  0.1096E+06  0.1096E+06  0.1096E+06 -0.1797E-02  0.1464E-01  0.1147E-09  0.5778E+00  0.9877E-09  0.1430E-01 -0.2256E-01 -0.1369E-01 -0.4264E-01 -0.2754E-03  0.4398E-01  0.2051E+00
    59  0.4640E+02  0.3937E-03  0.1686E-02  0.4586E-02  0.1317E-07 -0.1651E+00  0.2248E+00  0.3131E+00 -0.3095E-01  0.4372E+00  0.2259E-01  0.1095E+06  0.1095E+06  0.1095E+06 -0.1943E-02  0.1462E-01  0.1132E-09  0.5755E+00  0.9040E-09  0.1429E-01 -0.2278E-01 -0.1407E-01 -0.3870E-01 -0.3129E-02  0.4301E-01  0.2113E+00
    60  0.4720E+02  0.3819E-03  0.1684E-02  0.4528E-02  0.1300E-07 -0.1620E+00  0.2249E+00  0.3116E+00 -0.3362E-01  0.4392E+00 -0.3622E-02  0.1093E+06  0.1093E+06  0.1093E+06 -0.1956E-02  0.1454E-01  0.1128E-09  0.6096E+00  0.1057E-08  0.1416E-01 -0.2246E-01 -0.1354E-01 -0.4354E-01  0.5016E-02  0.4522E-01  0.2053E+00
    61  0.4800E+02  0.3993E-03  0.1676E-02  0.4512E-02  0.1287E-07 -0.1578E+00  0.2249E+00  0.3088E+00 -0.2095E-01  0.4471E+00  0.1335E-01  0.1092E+06  0.1092E+06  0.1092E+06 -0.1681E-02  0.1445E-01  0.1136E-09  0.6542E+00  0.8988E-09  0.1402E-01 -0.2289E-01 -0.1379E-01 -0.4161E-01  0.2239E-02  0.4418E-01  0.2158E+00
    62  0.4880E+02  0.3849E-03  0.1668E-02  0.4474E-02  0.1265E-07 -0.1589E+00  0.2250E+00  0.3122E+00 -0.1769E-01  0.4473E+00  0.3162E-02  0.1091E+06  0.1091E+06  0.1091E+06 -0.1802E-02  0.1435E-01  0.1131E-09  0.6201E+00  0.8795E-09  0.1396E-01 -0.2263E-01 -0.1406E-01 -0.3885E-01 -0.6055E-02  0.4708E-01  0.2179E+00
    63  0.4960E+02  0.3890E-03  0.1660E-02  0.4417E-02  0.1243E-07 -0.1539E+00  0.2252E+00  0.3137E+00 -0.2851E-01  0.4517E+00  0.2187E-01  0.1090E+06  0.1090E+06  0.1090E+06 -0.1896E-02  0.1428E-01  0.1128E-09  0.6863E+00  0.6640E-09  0.1381E-01 -0.2261E-01 -0.1354E-01 -0.3789E-01  0.8540E-02  0.4276E-01  0.2153E+00
    64  0.5040E+02  0.3975E-03  0.1659E-02  0.4420E-02  0.1229E-07 -0.1472E+00  0.2254E+00  0.3095E+00 -0.2233E-01  0.4475E+00  0.3006E-01  0.1089E+06  0.1089E+06  0.1089E+06 -0.1511E-02  0.1430E-01  0.1122E-09  0.6400E+00  0.1817E-09  0.1389E-01 -0.2308E-01 -0.1377E-01 -0.4566E-01  0.1979E-02  0.4736E-01  0.2237E+00
    65  0.5120E+02  0.3809E-03  0.1648E-02  0.4337E-02  0.1202E-07 -0.1453E+00  0.2256E+00  0.3112E+00 -0.8490E-02  0.4465E+00  0.9744E-02  0.1088E+06  0.1088E+06  0.1088E+06 -0.1628E-02  0.1419E-01  0.1110E-09  0.6487E+00  0.5005E-09  0.1378E-01 -0.2259E-01 -0.1403E-01 -0.3658E-01 -0.4556E-02  0.4389E-01  0.2223E+00
    66  0.5200E+02  0.3969E-03  0.1647E-02  0.4314E-02  0.1187E-07 -0.1382E+00  0.2258E+00  0.3170E+00 -0.2208E-01  0.4460E+00  0.2134E-01  0.1087E+06  0.1087E+06  0.1087E+06 -0.1708E-02  0.1416E-01  0.1105E-09  0.6301E+00  0.3413E-09  0.1376E-01 -0.2285E-01 -0.1354E-01 -0.3916E-01  0.4504E-02  0.4342E-01  0.2232E+00
    67  0.5280E+02  0.3894E-03  0.1637E-02  0.4288E-02  0.1164E-07 -0.1294E+00  0.2259E+00  0.3115E+00 -0.3699E-01  0.4479E+00  0.7118E-02  0.1087E+06  0.1087E+06  0.1087E+06 -0.1276E-02  0.1409E-01  0.1104E-09  0.6289E+00  0.4566E-09  0.1369E-01 -0.2310E-01 -0.1383E-01 -0.4365E-01  0.4536E-02  0.4591E-01  0.2320E+00
    68  0.5360E+02  0.3849E-03  0.1627E-02  0.4271E-02  0.1147E-07 -0.1269E+00  0.2261E+00  0.3076E+00 -0.1779E-01  0.4473E+00  0.2673E-02  0.1086E+06  0.1086E+06  0.1086E+06 -0.1441E-02  0.1405E-01  0.1101E-09  0.6176E+00  0.5360E-09  0.1368E-01 -0.2260E-01 -0.1391E-01 -0.3883E-01 -0.3857E-02  0.4431E-01  0.2268E+00
    69  0.5440E+02  0.3989E-03  0.1623E-02  0.4256E-02  0.1137E-07 -0.1244E+00  0.2262E+00  0.3138E+00 -0.7119E-02  0.4519E+00  0.1432E-01  0.1085E+06  0.1085E+06  0.1085E+06 -0.1472E-02  0.1399E-01  0.1104E-09  0.6488E+00  0.4712E-09  0.1359E-01 -0.2312E-01 -0.1368E-01 -0.4011E-01  0.2078E-02  0.4637E-01  0.2345E+00
    70  0.5520E+02  0.3828E-03  0.1616E-02  0.4205E-02  0.1113E-07 -0.1154E+00  0.2263E+00  0.3150E+00 -0.2186E-01  0.4465E+00  0.1814E-01  0.1084E+06  0.1084E+06  0.1084E+06 -0.1119E-02  0.1397E-01  0.1090E-09  0.6325E+00  0.4891E-09  0.1360E-01 -0.2300E-01 -0.1381E-01 -0.4178E-01  0.7504E-02  0.4171E-01  0.2342E+00
    71  0.5600E+02  0.3930E-03  0.1609E-02  0.4178E-02  0.1098E-07 -0.1089E+00  0.2263E+00  0.3125E+00 -0.2408E-01  0.4483E+00  0.1305E-01  0.1084E+06  0.1084E+06  0.1084E+06 -0.1263E-02  0.1390E-01  0.1089E-09  0.6280E+00  0.5554E-09  0.1353E-01 -0.2272E-01 -0.1376E-01 -0.3845E-01 -0.2875E-02  0.4266E-01  0.2322E+00
    72  0.5680E+02  0.3937E-03  0.1604E-02  0.4165E-02  0.1083E-07 -0.1061E+00  0.2263E+00  0.3123E+00 -0.2340E-01  0.4457E+00  0.1892E-01  0.1083E+06  0.1083E+06  0.1083E+06 -0.1161E-02  0.1388E-01  0.1084E-09  0.5913E+00  0.5535E-09  0.1355E-01 -0.2324E-01 -0.1384E-01 -0.4144E-01 -0.2472E-04  0.4738E-01  0.2416E+00
    73  0.5760E+02  0.3825E-03  0.1598E-02  0.4109E-02  0.1063E-07 -0.9768E-01  0.2263E+00  0.3113E+00 -0.1980E-01  0.4443E+00  0.1725E-01  0.1082E+06  0.1082E+06  0.1082E+06 -0.1034E-02  0.1385E-01  0.1075E-09  0.6283E+00  0.6495E-09  0.1347E-01 -0.2276E-01 -0.1372E-01 -0.4193E-01  0.7610E-02  0.4236E-01  0.2340E+00
    74  0.5840E+02  0.3981E-03  0.1591E-02  0.4105E-02  0.1053E-07 -0.9164E-01  0.2263E+00  0.3128E+00 -0.9273E-02  0.4423E+00  0.1033E-01  0.1081E+06  0.1081E+06  0.1081E+06 -0.1008E-02  0.1384E-01  0.1073E-09  0.5976E+00  0.7908E-09  0.1350E-01 -0.2295E-01 -0.1370E-01 -0.3876E-01 -0.1715E-02  0.4388E-01  0.2370E+00
    75  0.5920E+02  0.3859E-03  0.1585E-02  0.4109E-02  0.1041E-07 -0.8970E-01  0.2262E+00  0.3148E+00 -0.2796E-01  0.4418E+00  0.1839E-01  0.1080E+06  0.1080E+06  0.1080E+06 -0.8990E-03  0.1381E-01  0.1073E-09  0.5534E+00  0.6526E-09  0.1351E-01 -0.2313E-01 -0.1394E-01 -0.4001E-01  0.1782E-02  0.4393E-01  0.2430E+00
    76  0.6000E+02  0.3886E-03  0.1581E-02  0.4010E-02  0.1019E-07 -0.8228E-01  0.2262E+00  0.3091E+00 -0.3419E-01  0.4438E+00  0.1577E-01  0.1079E+06  0.1079E+06  0.1079E+06 -0.9414E-03  0.1370E-01  0.1062E-09  0.6276E+00  0.8060E-09  0.1332E-01 -0.2268E-01 -0.1366E-01 -0.4148E-01  0.3031E-02  0.4584E-01  0.2374E+00
    77  0.6080E+02  0.3968E-03  0.1576E-02  0.3998E-02  0.1008E-07 -0.7727E-01  0.2262E+00  0.3075E+00 -0.7626E-02  0.4437E+00  0.6529E-02  0.1078E+06  0.1078E+06  0.1078E+06 -0.7765E-03  0.1368E-01  0.1061E-09  0.6333E+00  0.9744E-09  0.1330E-01 -0.2317E-01 -0.1376E-01 -0.3931E-01  0.3589E-02  0.4315E-01  0.2464E+00
    78  0.6160E+02  0.3823E-03  0.1576E-02  0.3998E-02  0.1008E-07 -0.7351E-01  0.2262E+00  0.3145E+00 -0.1052E-01  0.4430E+00  0.1619E-01  0.1077E+06  0.1077E+06  0.1077E+06 -0.7335E-03  0.1367E-01  0.1060E-09  0.6096E+00  0.8990E-09  0.1331E-01 -0.2289E-01 -0.1389E-01 -0.3882E-01 -0.7731E-03  0.4672E-01  0.2439E+00
    79  0.6240E+02  0.3953E-03  0.1572E-02  0.3967E-02  0.9970E-08 -0.7131E-01  0.2263E+00  0.3128E+00 -0.3339E-01  0.4417E+00  0.1419E-01  0.1076E+06  0.1076E+06  0.1076E+06 -0.8310E-03  0.1365E-01  0.1054E-09  0.6132E+00  0.1009E-08  0.1328E-01 -0.2284E-01 -0.1367E-01 -0.3927E-01  0.4625E-02  0.4423E-01  0.2418E+00
    80  0.6320E+02  0.3901E-03  0.1566E-02  0.3935E-02  0.9825E-08 -0.6217E-01  0.2264E+00  0.3076E+00 -0.1793E-01  0.4427E+00  0.6292E-02  0.1076E+06  0.1076E+06  0.1076E+06 -0.5832E-03  0.1366E-01  0.1051E-09  0.6833E+00  0.9762E-09  0.1321E-01 -0.2327E-01 -0.1379E-01 -0.4197E-01  0.3658E-02  0.4427E-01  0.2496E+00
    81  0.6400E+02  0.3854E-03  0.1561E-02  0.3913E-02  0.9723E-08 -0.6057E-01  0.2266E+00  0.3138E+00 -0.1874E-02  0.4438E+00  0.1276E-01  0.1075E+06  0.1075E+06  0.1075E+06 -0.5813E-03  0.1358E-01  0.1048E-09  0.6546E+00  0.7531E-09  0.1317E-01 -0.2279E-01 -0.1384E-01 -0.3828E-01 -0.3377E-02  0.4503E-01  0.2457E+00
    82  0.6480E+02  0.3973E-03  0.1556E-02  0.3880E-02  0.9594E-08 -0.5594E-01  0.2268E+00  0.3175E+00 -0.2795E-01  0.4455E+00  0.3407E-02  0.1074E+06  0.1074E+06  0.1074E+06 -0.7195E-03  0.1353E-01  0.1045E-09  0.6778E+00  0.7022E-09  0.1309E-01 -0.2306E-01 -0.1377E-01 -0.3753E-01  0.7529E-02  0.4186E-01  0.2510E+00
    83  0.6560E+02  0.3847E-03  0.1548E-02  0.3864E-02  0.9413E-08 -0.5061E-01  0.2269E+00  0.3106E+00 -0.3240E-01  0.4503E+00  0.1060E-03  0.1073E+06  0.1073E+06  0.1073E+06 -0.3906E-03  0.1342E-01  0.1048E-09  0.6681E+00  0.6532E-09  0.1300E-01 -0.2327E-01 -0.1369E-01 -0.4600E-01  0.1965E-02  0.4884E-01  0.2582E+00
    84  0.6640E+02  0.3918E-03  0.1544E-02  0.3854E-02  0.9350E-08 -0.4968E-01  0.2270E+00  0.3089E+00 -0.1061E-01  0.4512E+00  0.8177E-02  0.1072E+06  0.1072E+06  0.1072E+06 -0.4584E-03  0.1333E-01  0.1047E-09  0.6014E+00  0.4878E-09  0.1298E-01 -0.2285E-01 -0.1395E-01 -0.3634E-01  0.5579E-03  0.4206E-01  0.2572E+00
    85  0.6720E+02  0.3933E-03  0.1538E-02  0.3807E-02  0.9173E-08 -0.4685E-01  0.2272E+00  0.3165E+00 -0.1279E-01  0.4538E+00  0.1161E-01  0.1071E+06  0.1071E+06  0.1071E+06 -0.6260E-03  0.1328E-01  0.1043E-09  0.6674E+00  0.6354E-09  0.1287E-01 -0.2326E-01 -0.1373E-01 -0.4046E-01  0.2755E-02  0.4518E-01  0.2646E+00
    86  0.6800E+02  0.3841E-03  0.1533E-02  0.3776E-02  0.9049E-08 -0.4198E-01  0.2272E+00  0.3134E+00 -0.2586E-01  0.4517E+00  0.2547E-01  0.1071E+06  0.1071E+06  0.1071E+06 -0.2640E-03  0.1326E-01  0.1036E-09  0.6682E+00  0.6329E-09  0.1285E-01 -0.2319E-01 -0.1373E-01 -0.4138E-01  0.4909E-02  0.4312E-01  0.2638E+00
    87  0.6880E+02  0.3959E-03  0.1534E-02  0.3771E-02  0.9041E-08 -0.4056E-01  0.2273E+00  0.3123E+00 -0.1533E-01  0.4476E+00  0.2009E-01  0.1070E+06  0.1070E+06  0.1070E+06 -0.4726E-03  0.1331E-01  0.1031E-09  0.6677E+00  0.7375E-09  0.1290E-01 -0.2296E-01 -0.1392E-01 -0.4043E-01  0.9200E-03  0.4491E-01  0.2603E+00
    88  0.6960E+02  0.3873E-03  0.1529E-02  0.3766E-02  0.8950E-08 -0.4086E-01  0.2274E+00  0.3152E+00 -0.1445E-01  0.4417E+00  0.2626E-01  0.1069E+06  0.1069E+06  0.1069E+06 -0.4290E-03  0.1334E-01  0.1023E-09  0.6143E+00  0.7411E-09  0.1298E-01 -0.2344E-01 -0.1371E-01 -0.3902E-01 -0.8044E-03  0.4481E-01  0.2653E+00
    89  0.7040E+02  0.3886E-03  0.1529E-02  0.3743E-02  0.8897E-08 -0.3699E-01  0.2274E+00  0.3147E+00 -0.2358E-01  0.4401E+00  0.1371E-01  0.1068E+06  0.1068E+06  0.1068E+06 -0.2522E-03  0.1334E-01  0.1018E-09  0.6383E+00  0.8147E-09  0.1297E-01 -0.2296E-01 -0.1383E-01 -0.3953E-01  0.9203E-02  0.3996E-01  0.2580E+00
    90  0.7120E+02  0.3952E-03  0.1522E-02  0.3726E-02  0.8788E-08 -0.3444E-01  0.2275E+00  0.3136E+00 -0.2141E-01  0.4394E+00  0.1505E-01  0.1067E+06  0.1067E+06  0.1067E+06 -0.4515E-03  0.1333E-01  0.1015E-09  0.6474E+00  0.8314E-09  0.1295E-01 -0.2317E-01 -0.1380E-01 -0.4138E-01 -0.1957E-02  0.4630E-01  0.2621E+00
    91  0.7200E+02  0.3845E-03  0.1521E-02  0.3706E-02  0.8700E-08 -0.3507E-01  0.2274E+00  0.3116E+00 -0.1854E-01  0.4364E+00  0.9487E-02  0.1067E+06  0.1067E+06  0.1067E+06 -0.2338E-03  0.1331E-01  0.1009E-09  0.6193E+00  0.6733E-09  0.1296E-01 -0.2335E-01 -0.1379E-01 -0.4086E-01  0.1717E-02  0.4477E-01  0.2656E+00
