 #NTuple/Z0                                                                     
  
 output from Ecalc9f version   2.09
  settings: 
    particle type:            2
    pzmin/pzmax:   0.000000000000000E+000 /   100.000000000000     
    transverse cuts:   0.000000000000000E+000  0.000000000000000E+000
    longitudinal cut:   0.000000000000000E+000
    RF frequency (MHz):    352.000000000000     
    sigma cut:   0.000000000000000E+000
    subtract out amplitude correlation
    wrnew9 =  F
 
regn #   Z           Bz          eperp       elong       e6D         Ldim        Pzavg       beta        alpha       betaL       alphaL      n0          n1          n2          Lcan(eVs)   sigmaE      sigmaT      corrE       corrT       sigmaE_c    xavg        yavg        Dx          Dy          Dr          Dr2
     1  0.0000E+00  0.4649E-03  0.1704E-01  0.4578E-01  0.1342E-04 -0.6732E+00  0.2875E+00  0.9755E+00 -0.1164E-01  0.4046E+00  0.1814E+00  0.1973E+06  0.1973E+06  0.1973E+06 -0.8025E-01  0.5638E-01  0.2944E-09  0.1225E+00  0.4560E-09  0.5593E-01 -0.4762E-01 -0.2041E-01  0.6767E-02 -0.9060E-03  0.1572E-01  0.8305E-01
     2  0.1800E+01  0.4646E-03  0.1655E-01  0.4687E-01  0.1353E-04 -0.6626E+00  0.2976E+00  0.1280E+01 -0.7593E-01  0.4173E+00  0.8855E-01  0.1942E+06  0.1942E+06  0.1942E+06 -0.7844E-01  0.6064E-01  0.2987E-09  0.5627E+00  0.1160E-08  0.5622E-01 -0.3928E-01 -0.1477E-01 -0.3886E-01  0.7494E-02  0.1078E+00  0.7801E-01
     3  0.3600E+01  0.4615E-03  0.1613E-01  0.4726E-01  0.1320E-04 -0.6417E+00  0.2966E+00  0.1014E+01 -0.6221E-01  0.4324E+00 -0.5847E-01  0.1938E+06  0.1938E+06  0.1938E+06 -0.7204E-01  0.6095E-01  0.3045E-09  0.6534E+00  0.9691E-09  0.5522E-01 -0.4664E-01 -0.1449E-01 -0.7357E-01 -0.1259E-01  0.9214E-01  0.8941E-01
     4  0.5400E+01  0.4651E-03  0.1574E-01  0.4684E-01  0.1273E-04 -0.6250E+00  0.2946E+00  0.1134E+01  0.2296E-01  0.4728E+00 -0.1623E+00  0.1924E+06  0.1924E+06  0.1924E+06 -0.6711E-01  0.5941E-01  0.3162E-09  0.6930E+00  0.3888E-09  0.5295E-01 -0.5331E-01 -0.2270E-01 -0.7851E-01 -0.1914E-01  0.1124E+00  0.1247E+00
     5  0.7200E+01  0.4653E-03  0.1521E-01  0.4453E-01  0.1141E-04 -0.6217E+00  0.2891E+00  0.1082E+01 -0.8270E-01  0.5377E+00 -0.1678E+00  0.1907E+06  0.1907E+06  0.1907E+06 -0.6789E-01  0.5379E-01  0.3322E-09  0.6504E+00  0.5112E-10  0.4790E-01 -0.4165E-01 -0.1853E-01 -0.6316E-01 -0.1708E-01  0.1072E+00  0.9751E-01
     6  0.9000E+01  0.4622E-03  0.1478E-01  0.4123E-01  0.1001E-04 -0.6207E+00  0.2831E+00  0.1052E+01  0.1538E-02  0.6025E+00 -0.8994E-01  0.1885E+06  0.1885E+06  0.1885E+06 -0.6470E-01  0.4732E-01  0.3428E-09  0.5607E+00  0.1298E-10  0.4256E-01 -0.4122E-01 -0.1221E-01 -0.1456E-01  0.1100E-02  0.1037E+00  0.1024E+00
     7  0.1080E+02  0.4653E-03  0.1457E-01  0.3831E-01  0.8854E-05 -0.6094E+00  0.2783E+00  0.1033E+01 -0.5728E-01  0.6222E+00 -0.1992E-01  0.1852E+06  0.1852E+06  0.1852E+06 -0.6064E-01  0.4403E-01  0.3395E-09  0.5139E+00 -0.2078E-09  0.3978E-01 -0.4587E-01 -0.1903E-01 -0.4394E-01  0.4455E-02  0.1181E+00  0.1438E+00
     8  0.1260E+02  0.4659E-03  0.1428E-01  0.3681E-01  0.8211E-05 -0.5979E+00  0.2745E+00  0.1023E+01 -0.1154E-01  0.6205E+00  0.3172E-01  0.1832E+06  0.1832E+06  0.1832E+06 -0.6086E-01  0.4323E-01  0.3360E-09  0.5274E+00 -0.6603E-09  0.3873E-01 -0.4210E-01 -0.1974E-01 -0.7906E-01 -0.2218E-01  0.1368E+00  0.1354E+00
     9  0.1440E+02  0.4628E-03  0.1390E-01  0.3814E-01  0.8001E-05 -0.5910E+00  0.2719E+00  0.1016E+01 -0.5196E-01  0.5838E+00  0.4269E-01  0.1836E+06  0.1836E+06  0.1836E+06 -0.5839E-01  0.4436E-01  0.3338E-09  0.5104E+00 -0.7054E-09  0.4042E-01 -0.4222E-01 -0.1454E-01 -0.5973E-01 -0.5211E-02  0.1199E+00  0.1172E+00
    10  0.1620E+02  0.4657E-03  0.1353E-01  0.3860E-01  0.7504E-05 -0.5828E+00  0.2696E+00  0.9676E+00 -0.1390E-01  0.5722E+00 -0.3924E-01  0.1830E+06  0.1830E+06  0.1830E+06 -0.5410E-01  0.4390E-01  0.3350E-09  0.4576E+00 -0.9328E-09  0.4084E-01 -0.4246E-01 -0.1681E-01 -0.4671E-01  0.1045E-03  0.9797E-01  0.1159E+00
    11  0.1800E+02  0.4663E-03  0.1330E-01  0.3907E-01  0.7298E-05 -0.5756E+00  0.2682E+00  0.1026E+01 -0.1916E-01  0.5933E+00 -0.8951E-01  0.1828E+06  0.1828E+06  0.1828E+06 -0.5402E-01  0.4286E-01  0.3444E-09  0.4115E+00 -0.1007E-08  0.4035E-01 -0.3974E-01 -0.1943E-01 -0.4534E-01 -0.1006E-01  0.9504E-01  0.1131E+00
    12  0.1980E+02  0.4633E-03  0.1307E-01  0.3942E-01  0.7080E-05 -0.5680E+00  0.2674E+00  0.9679E+00 -0.7903E-01  0.6318E+00 -0.8035E-01  0.1830E+06  0.1830E+06  0.1830E+06 -0.5342E-01  0.4171E-01  0.3567E-09  0.4127E+00 -0.7457E-09  0.3917E-01 -0.4247E-01 -0.1530E-01 -0.4701E-01 -0.2437E-02  0.9251E-01  0.1205E+00
    13  0.2160E+02  0.4661E-03  0.1282E-01  0.3885E-01  0.6704E-05 -0.5588E+00  0.2658E+00  0.9818E+00  0.2074E-01  0.6741E+00 -0.4021E-01  0.1825E+06  0.1825E+06  0.1825E+06 -0.4903E-01  0.4001E-01  0.3666E-09  0.4095E+00 -0.4861E-09  0.3741E-01 -0.4361E-01 -0.1630E-01 -0.6446E-01  0.1804E-02  0.1047E+00  0.1379E+00
    14  0.2340E+02  0.4666E-03  0.1252E-01  0.3740E-01  0.6200E-05 -0.5455E+00  0.2645E+00  0.1002E+01 -0.7004E-01  0.6819E+00 -0.1839E-01  0.1812E+06  0.1812E+06  0.1812E+06 -0.4801E-01  0.3883E-01  0.3626E-09  0.3969E+00 -0.1815E-09  0.3637E-01 -0.4033E-01 -0.1955E-01 -0.4720E-01  0.1406E-02  0.9978E-01  0.1336E+00
    15  0.2520E+02  0.4639E-03  0.1228E-01  0.3724E-01  0.5847E-05 -0.5324E+00  0.2643E+00  0.9398E+00 -0.1092E-01  0.6785E+00 -0.3167E-01  0.1804E+06  0.1804E+06  0.1804E+06 -0.4690E-01  0.3858E-01  0.3611E-09  0.3777E+00  0.8946E-11  0.3637E-01 -0.4062E-01 -0.1494E-01 -0.6303E-01 -0.1463E-01  0.9218E-01  0.1252E+00
    16  0.2700E+02  0.4667E-03  0.1201E-01  0.3623E-01  0.5409E-05 -0.5272E+00  0.2638E+00  0.1014E+01 -0.1681E-01  0.6816E+00 -0.3096E-01  0.1791E+06  0.1791E+06  0.1791E+06 -0.4306E-01  0.3744E-01  0.3574E-09  0.3309E+00  0.2084E-09  0.3575E-01 -0.4470E-01 -0.1726E-01 -0.6128E-01 -0.1622E-01  0.9775E-01  0.1573E+00
    17  0.2880E+02  0.4669E-03  0.1168E-01  0.3614E-01  0.5108E-05 -0.5184E+00  0.2631E+00  0.9399E+00 -0.6179E-01  0.6721E+00 -0.2988E-01  0.1786E+06  0.1786E+06  0.1786E+06 -0.4272E-01  0.3748E-01  0.3552E-09  0.3269E+00  0.3758E-09  0.3589E-01 -0.4051E-01 -0.1982E-01 -0.4988E-01  0.3175E-02  0.7597E-01  0.1353E+00
    18  0.3060E+02  0.4644E-03  0.1152E-01  0.3584E-01  0.4911E-05 -0.4996E+00  0.2628E+00  0.9806E+00  0.1483E-01  0.6661E+00 -0.3110E-01  0.1777E+06  0.1777E+06  0.1777E+06 -0.4143E-01  0.3744E-01  0.3536E-09  0.3211E+00  0.9423E-09  0.3588E-01 -0.3959E-01 -0.1421E-01 -0.5981E-01 -0.2172E-02  0.9148E-01  0.1236E+00
    19  0.3240E+02  0.4674E-03  0.1132E-01  0.3549E-01  0.4668E-05 -0.4881E+00  0.2617E+00  0.9623E+00 -0.6130E-01  0.6541E+00  0.8570E-02  0.1773E+06  0.1773E+06  0.1773E+06 -0.3750E-01  0.3750E-01  0.3503E-09  0.3262E+00  0.1137E-08  0.3592E-01 -0.4489E-01 -0.1713E-01 -0.7405E-01 -0.4314E-02  0.8962E-01  0.1532E+00
    20  0.3420E+02  0.4672E-03  0.1109E-01  0.3493E-01  0.4486E-05 -0.4734E+00  0.2602E+00  0.9415E+00  0.2847E-02  0.6596E+00  0.1086E-01  0.1767E+06  0.1767E+06  0.1767E+06 -0.3687E-01  0.3733E-01  0.3506E-09  0.3655E+00  0.1216E-08  0.3535E-01 -0.4054E-01 -0.1971E-01 -0.6485E-01 -0.1101E-01  0.9485E-01  0.1377E+00
    21  0.3600E+02  0.4650E-03  0.1084E-01  0.3452E-01  0.4286E-05 -0.4664E+00  0.2582E+00  0.9562E+00 -0.4937E-01  0.6464E+00  0.8565E-02  0.1760E+06  0.1760E+06  0.1760E+06 -0.3641E-01  0.3738E-01  0.3461E-09  0.3772E+00  0.1077E-08  0.3533E-01 -0.3864E-01 -0.1442E-01 -0.3841E-01 -0.3972E-02  0.9312E-01  0.1163E+00
    22  0.3780E+02  0.4681E-03  0.1068E-01  0.3390E-01  0.4048E-05 -0.4490E+00  0.2562E+00  0.9054E+00  0.3363E-03  0.6482E+00 -0.7867E-02  0.1749E+06  0.1749E+06  0.1749E+06 -0.3268E-01  0.3694E-01  0.3446E-09  0.3846E+00  0.8860E-09  0.3478E-01 -0.4228E-01 -0.1664E-01 -0.5382E-01  0.6963E-02  0.8606E-01  0.1368E+00
    23  0.3960E+02  0.4673E-03  0.1053E-01  0.3307E-01  0.3832E-05 -0.4309E+00  0.2544E+00  0.9477E+00 -0.1680E-01  0.6607E+00 -0.2207E-01  0.1737E+06  0.1737E+06  0.1737E+06 -0.3183E-01  0.3616E-01  0.3447E-09  0.3934E+00  0.6388E-09  0.3388E-01 -0.4008E-01 -0.1949E-01 -0.7959E-01 -0.1192E-01  0.1158E+00  0.1423E+00
    24  0.4140E+02  0.4656E-03  0.1029E-01  0.3319E-01  0.3695E-05 -0.4219E+00  0.2528E+00  0.8998E+00 -0.4027E-01  0.6698E+00 -0.7176E-02  0.1732E+06  0.1732E+06  0.1732E+06 -0.3135E-01  0.3580E-01  0.3487E-09  0.3888E+00  0.4113E-09  0.3357E-01 -0.3936E-01 -0.1573E-01 -0.6007E-01 -0.6344E-02  0.9752E-01  0.1279E+00
    25  0.4320E+02  0.4688E-03  0.1005E-01  0.3277E-01  0.3478E-05 -0.4092E+00  0.2512E+00  0.9045E+00  0.4410E-02  0.6712E+00 -0.1327E-01  0.1723E+06  0.1723E+06  0.1723E+06 -0.2817E-01  0.3534E-01  0.3481E-09  0.3862E+00  0.1075E-09  0.3318E-01 -0.4051E-01 -0.1635E-01 -0.5113E-01  0.1047E-01  0.9819E-01  0.1362E+00
    26  0.4500E+02  0.4674E-03  0.9841E-02  0.3251E-01  0.3285E-05 -0.3946E+00  0.2494E+00  0.9047E+00 -0.3606E-01  0.6699E+00 -0.1818E-01  0.1718E+06  0.1718E+06  0.1718E+06 -0.2726E-01  0.3488E-01  0.3481E-09  0.3693E+00 -0.2461E-09  0.3293E-01 -0.3799E-01 -0.1828E-01 -0.5531E-01  0.4072E-02  0.9252E-01  0.1286E+00
    27  0.4680E+02  0.4663E-03  0.9664E-02  0.3157E-01  0.3065E-05 -0.3820E+00  0.2482E+00  0.8758E+00 -0.1951E-01  0.6836E+00 -0.3306E-01  0.1709E+06  0.1709E+06  0.1709E+06 -0.2643E-01  0.3379E-01  0.3480E-09  0.3472E+00 -0.5775E-09  0.3204E-01 -0.3942E-01 -0.1609E-01 -0.5926E-01 -0.1161E-01  0.9241E-01  0.1369E+00
    28  0.4860E+02  0.4695E-03  0.9465E-02  0.3063E-01  0.2840E-05 -0.3738E+00  0.2471E+00  0.8883E+00  0.9994E-03  0.7014E+00 -0.5537E-01  0.1698E+06  0.1698E+06  0.1698E+06 -0.2421E-01  0.3252E-01  0.3484E-09  0.3120E+00 -0.6940E-09  0.3109E-01 -0.4096E-01 -0.1786E-01 -0.5564E-01 -0.9928E-03  0.8980E-01  0.1577E+00
    29  0.5040E+02  0.4674E-03  0.9283E-02  0.3040E-01  0.2682E-05 -0.3589E+00  0.2466E+00  0.8880E+00 -0.3537E-01  0.7230E+00 -0.3492E-01  0.1693E+06  0.1693E+06  0.1693E+06 -0.2382E-01  0.3164E-01  0.3526E-09  0.2844E+00 -0.5822E-09  0.3044E-01 -0.3697E-01 -0.1722E-01 -0.6187E-01  0.3566E-02  0.8621E-01  0.1397E+00
    30  0.5220E+02  0.4672E-03  0.9123E-02  0.2989E-01  0.2527E-05 -0.3410E+00  0.2463E+00  0.8688E+00 -0.1039E-01  0.7359E+00 -0.1742E-01  0.1683E+06  0.1683E+06  0.1683E+06 -0.2206E-01  0.3082E-01  0.3527E-09  0.2512E+00 -0.2894E-09  0.2989E-01 -0.3961E-01 -0.1565E-01 -0.6506E-01 -0.4955E-02  0.7954E-01  0.1560E+00
    31  0.5400E+02  0.4700E-03  0.8932E-02  0.2933E-01  0.2366E-05 -0.3301E+00  0.2457E+00  0.8820E+00 -0.1400E-01  0.7276E+00  0.4358E-02  0.1674E+06  0.1674E+06  0.1674E+06 -0.2002E-01  0.3052E-01  0.3479E-09  0.2346E+00  0.5197E-10  0.2972E-01 -0.4111E-01 -0.1851E-01 -0.6425E-01 -0.6836E-02  0.8558E-01  0.1759E+00
    32  0.5580E+02  0.4673E-03  0.8727E-02  0.2861E-01  0.2212E-05 -0.3242E+00  0.2452E+00  0.8599E+00 -0.1745E-01  0.7220E+00 -0.4742E-02  0.1663E+06  0.1663E+06  0.1663E+06 -0.2042E-01  0.3020E-01  0.3428E-09  0.2319E+00  0.3655E-09  0.2943E-01 -0.3673E-01 -0.1739E-01 -0.5436E-01  0.1425E-02  0.7182E-01  0.1452E+00
    33  0.5760E+02  0.4682E-03  0.8541E-02  0.2801E-01  0.2076E-05 -0.3085E+00  0.2446E+00  0.8733E+00 -0.6548E-02  0.7083E+00 -0.2144E-02  0.1653E+06  0.1653E+06  0.1653E+06 -0.1870E-01  0.3014E-01  0.3369E-09  0.2369E+00  0.6789E-09  0.2935E-01 -0.3947E-01 -0.1546E-01 -0.4895E-01  0.8357E-02  0.7638E-01  0.1577E+00
    34  0.5940E+02  0.4702E-03  0.8430E-02  0.2751E-01  0.1966E-05 -0.2932E+00  0.2434E+00  0.8519E+00 -0.2471E-01  0.6979E+00 -0.2860E-01  0.1647E+06  0.1647E+06  0.1647E+06 -0.1675E-01  0.3000E-01  0.3327E-09  0.2382E+00  0.7518E-09  0.2922E-01 -0.3987E-01 -0.1811E-01 -0.7832E-01 -0.5457E-02  0.8605E-01  0.1689E+00
    35  0.6120E+02  0.4673E-03  0.8243E-02  0.2678E-01  0.1864E-05 -0.2859E+00  0.2424E+00  0.8577E+00  0.1105E-01  0.7156E+00 -0.4206E-01  0.1637E+06  0.1637E+06  0.1637E+06 -0.1697E-01  0.2937E-01  0.3337E-09  0.2644E+00  0.9469E-09  0.2840E-01 -0.3721E-01 -0.1757E-01 -0.6241E-01 -0.1218E-01  0.8660E-01  0.1560E+00
    36  0.6300E+02  0.4694E-03  0.8077E-02  0.2654E-01  0.1789E-05 -0.2748E+00  0.2412E+00  0.8652E+00 -0.2584E-01  0.7234E+00 -0.2607E-01  0.1628E+06  0.1628E+06  0.1628E+06 -0.1581E-01  0.2914E-01  0.3351E-09  0.2862E+00  0.9805E-09  0.2802E-01 -0.3871E-01 -0.1592E-01 -0.4845E-01  0.1026E-01  0.8460E-01  0.1615E+00
    37  0.6480E+02  0.4701E-03  0.7928E-02  0.2605E-01  0.1683E-05 -0.2578E+00  0.2396E+00  0.8283E+00 -0.1680E-01  0.7166E+00  0.7401E-02  0.1618E+06  0.1618E+06  0.1618E+06 -0.1392E-01  0.2902E-01  0.3315E-09  0.3054E+00  0.7911E-09  0.2776E-01 -0.3821E-01 -0.1748E-01 -0.6364E-01  0.8773E-02  0.8641E-01  0.1623E+00
    38  0.6660E+02  0.4676E-03  0.7803E-02  0.2535E-01  0.1592E-05 -0.2455E+00  0.2381E+00  0.8364E+00 -0.1819E-02  0.7084E+00  0.1606E-01  0.1609E+06  0.1609E+06  0.1609E+06 -0.1379E-01  0.2873E-01  0.3262E-09  0.3110E+00  0.6192E-09  0.2743E-01 -0.3712E-01 -0.1756E-01 -0.6591E-01 -0.1491E-01  0.1023E+00  0.1600E+00
    39  0.6840E+02  0.4706E-03  0.7631E-02  0.2476E-01  0.1488E-05 -0.2355E+00  0.2368E+00  0.8286E+00 -0.1356E-01  0.6998E+00 -0.4877E-02  0.1601E+06  0.1601E+06  0.1601E+06 -0.1280E-01  0.2836E-01  0.3214E-09  0.2990E+00  0.4348E-09  0.2717E-01 -0.3834E-01 -0.1688E-01 -0.5420E-01  0.6503E-02  0.8395E-01  0.1646E+00
    40  0.7020E+02  0.4698E-03  0.7468E-02  0.2400E-01  0.1378E-05 -0.2227E+00  0.2359E+00  0.8231E+00 -0.3378E-02  0.6988E+00 -0.3608E-01  0.1591E+06  0.1591E+06  0.1591E+06 -0.1147E-01  0.2786E-01  0.3168E-09  0.2946E+00  0.1412E-09  0.2672E-01 -0.3648E-01 -0.1704E-01 -0.5535E-01  0.5513E-02  0.8263E-01  0.1573E+00
    41  0.7200E+02  0.4683E-03  0.7329E-02  0.2337E-01  0.1281E-05 -0.2076E+00  0.2353E+00  0.8259E+00 -0.1452E-01  0.7164E+00 -0.4717E-01  0.1583E+06  0.1583E+06  0.1583E+06 -0.1107E-01  0.2705E-01  0.3170E-09  0.2810E+00 -0.1846E-10  0.2601E-01 -0.3676E-01 -0.1736E-01 -0.6882E-01  0.4392E-03  0.9141E-01  0.1696E+00
    42  0.7380E+02  0.4715E-03  0.7184E-02  0.2306E-01  0.1212E-05 -0.1996E+00  0.2347E+00  0.8140E+00 -0.1955E-01  0.7228E+00 -0.2400E-01  0.1576E+06  0.1576E+06  0.1576E+06 -0.9918E-02  0.2649E-01  0.3169E-09  0.2531E+00 -0.4454E-10  0.2565E-01 -0.3883E-01 -0.1724E-01 -0.6344E-01 -0.2069E-02  0.8544E-01  0.1885E+00
    43  0.7560E+02  0.4692E-03  0.7006E-02  0.2245E-01  0.1122E-05 -0.1876E+00  0.2344E+00  0.8107E+00 -0.2567E-02  0.7401E+00 -0.1817E-01  0.1566E+06  0.1566E+06  0.1566E+06 -0.9136E-02  0.2573E-01  0.3167E-09  0.2384E+00  0.9601E-10  0.2499E-01 -0.3585E-01 -0.1753E-01 -0.5296E-01  0.7124E-02  0.7444E-01  0.1752E+00
    44  0.7740E+02  0.4695E-03  0.6889E-02  0.2223E-01  0.1066E-05 -0.1743E+00  0.2339E+00  0.8189E+00 -0.6836E-02  0.7278E+00 -0.1322E-01  0.1559E+06  0.1559E+06  0.1559E+06 -0.8832E-02  0.2562E-01  0.3130E-09  0.2133E+00  0.3374E-09  0.2504E-01 -0.3684E-01 -0.1681E-01 -0.5685E-01  0.5385E-02  0.7290E-01  0.1801E+00
    45  0.7920E+02  0.4718E-03  0.6766E-02  0.2156E-01  0.9920E-06 -0.1610E+00  0.2335E+00  0.8114E+00 -0.9197E-02  0.7294E+00  0.8734E-02  0.1550E+06  0.1550E+06  0.1550E+06 -0.7393E-02  0.2517E-01  0.3090E-09  0.2124E+00  0.4301E-09  0.2460E-01 -0.3852E-01 -0.1742E-01 -0.7272E-01 -0.3469E-02  0.7949E-01  0.2020E+00
    46  0.8100E+02  0.4689E-03  0.6622E-02  0.2113E-01  0.9368E-06 -0.1498E+00  0.2328E+00  0.8107E+00 -0.5869E-02  0.7178E+00 -0.1269E-01  0.1545E+06  0.1545E+06  0.1545E+06 -0.7044E-02  0.2507E-01  0.3044E-09  0.2142E+00  0.7137E-09  0.2451E-01 -0.3570E-01 -0.1779E-01 -0.6211E-01  0.3193E-02  0.7406E-01  0.1806E+00
    47  0.8280E+02  0.4710E-03  0.6463E-02  0.2075E-01  0.8842E-06 -0.1385E+00  0.2322E+00  0.8034E+00 -0.9849E-02  0.7227E+00 -0.2158E-01  0.1537E+06  0.1537E+06  0.1537E+06 -0.6642E-02  0.2483E-01  0.3035E-09  0.2374E+00  0.8361E-09  0.2416E-01 -0.3707E-01 -0.1667E-01 -0.4674E-01  0.4935E-02  0.7390E-01  0.1897E+00
    48  0.8460E+02  0.4715E-03  0.6369E-02  0.2040E-01  0.8374E-06 -0.1234E+00  0.2312E+00  0.7923E+00 -0.2145E-02  0.7156E+00 -0.1370E-01  0.1530E+06  0.1530E+06  0.1530E+06 -0.5249E-02  0.2471E-01  0.3003E-09  0.2468E+00  0.9135E-09  0.2400E-01 -0.3704E-01 -0.1760E-01 -0.7388E-01  0.8082E-02  0.8238E-01  0.1944E+00
    49  0.8640E+02  0.4692E-03  0.6230E-02  0.2019E-01  0.8028E-06 -0.1135E+00  0.2301E+00  0.8034E+00 -0.1659E-02  0.7203E+00 -0.2423E-01  0.1526E+06  0.1526E+06  0.1526E+06 -0.5136E-02  0.2457E-01  0.3008E-09  0.2729E+00  0.9748E-09  0.2373E-01 -0.3588E-01 -0.1760E-01 -0.6067E-01 -0.3048E-02  0.8801E-01  0.1870E+00
    50  0.8820E+02  0.4724E-03  0.6094E-02  0.1988E-01  0.7593E-06 -0.1042E+00  0.2291E+00  0.7862E+00 -0.1906E-01  0.7243E+00 -0.1017E-01  0.1519E+06  0.1519E+06  0.1519E+06 -0.4556E-02  0.2430E-01  0.2998E-09  0.2868E+00  0.7626E-09  0.2340E-01 -0.3664E-01 -0.1732E-01 -0.5401E-01  0.2960E-02  0.8064E-01  0.1933E+00
    51  0.9000E+02  0.4707E-03  0.6013E-02  0.1960E-01  0.7258E-06 -0.9234E-01  0.2280E+00  0.7763E+00  0.5362E-02  0.7199E+00 -0.8046E-02  0.1516E+06  0.1516E+06  0.1516E+06 -0.3991E-02  0.2417E-01  0.2977E-09  0.2944E+00  0.6804E-09  0.2324E-01 -0.3565E-01 -0.1740E-01 -0.6225E-01  0.1620E-01  0.7883E-01  0.1860E+00
    52  0.9180E+02  0.4703E-03  0.5896E-02  0.1929E-01  0.6855E-06 -0.7916E-01  0.2271E+00  0.7886E+00  0.4572E-02  0.7187E+00 -0.1010E-01  0.1511E+06  0.1511E+06  0.1511E+06 -0.3347E-02  0.2392E-01  0.2956E-09  0.2953E+00  0.4004E-09  0.2301E-01 -0.3585E-01 -0.1721E-01 -0.7008E-01 -0.2862E-02  0.9309E-01  0.1915E+00
    53  0.9360E+02  0.4729E-03  0.5775E-02  0.1893E-01  0.6464E-06 -0.7059E-01  0.2264E+00  0.7742E+00 -0.9333E-02  0.7225E+00 -0.1256E-01  0.1505E+06  0.1505E+06  0.1505E+06 -0.2849E-02  0.2349E-01  0.2941E-09  0.2815E+00  0.1697E-09  0.2269E-01 -0.3646E-01 -0.1797E-01 -0.5592E-01  0.4247E-02  0.7971E-01  0.2023E+00
    54  0.9540E+02  0.4700E-03  0.5653E-02  0.1871E-01  0.6099E-06 -0.5972E-01  0.2259E+00  0.7721E+00  0.2633E-02  0.7268E+00 -0.1551E-01  0.1502E+06  0.1502E+06  0.1502E+06 -0.2520E-02  0.2320E-01  0.2937E-09  0.2748E+00  0.9028E-10  0.2245E-01 -0.3458E-01 -0.1705E-01 -0.5710E-01  0.7253E-02  0.7631E-01  0.1867E+00
    55  0.9720E+02  0.4721E-03  0.5577E-02  0.1855E-01  0.5844E-06 -0.4928E-01  0.2254E+00  0.7746E+00 -0.3584E-02  0.7230E+00 -0.8648E-02  0.1498E+06  0.1498E+06  0.1498E+06 -0.2023E-02  0.2300E-01  0.2921E-09  0.2502E+00  0.6268E-10  0.2239E-01 -0.3618E-01 -0.1771E-01 -0.6425E-01  0.7322E-02  0.7662E-01  0.2052E+00
    56  0.9900E+02  0.4725E-03  0.5477E-02  0.1828E-01  0.5529E-06 -0.3714E-01  0.2249E+00  0.7690E+00 -0.6470E-02  0.7291E+00 -0.1531E-01  0.1494E+06  0.1494E+06  0.1494E+06 -0.1436E-02  0.2266E-01  0.2917E-09  0.2447E+00  0.1602E-09  0.2209E-01 -0.3597E-01 -0.1765E-01 -0.7018E-01  0.2291E-02  0.7819E-01  0.2078E+00
    57  0.1008E+03  0.4702E-03  0.5364E-02  0.1806E-01  0.5274E-06 -0.3057E-01  0.2244E+00  0.7644E+00  0.1596E-02  0.7345E+00 -0.8596E-02  0.1490E+06  0.1490E+06  0.1490E+06 -0.1236E-02  0.2240E-01  0.2915E-09  0.2437E+00  0.3723E-09  0.2185E-01 -0.3458E-01 -0.1754E-01 -0.5490E-01  0.4177E-02  0.7094E-01  0.1980E+00
    58  0.1026E+03  0.4735E-03  0.5284E-02  0.1788E-01  0.5045E-06 -0.1954E-01  0.2238E+00  0.7590E+00 -0.1738E-02  0.7270E+00 -0.3737E-02  0.1486E+06  0.1486E+06  0.1486E+06 -0.9865E-03  0.2234E-01  0.2893E-09  0.2424E+00  0.5520E-09  0.2181E-01 -0.3565E-01 -0.1754E-01 -0.5918E-01  0.9350E-02  0.7276E-01  0.2075E+00
    59  0.1044E+03  0.4713E-03  0.5212E-02  0.1768E-01  0.4832E-06 -0.1173E-01  0.2229E+00  0.7553E+00  0.6639E-02  0.7182E+00 -0.2849E-02  0.1481E+06  0.1481E+06  0.1481E+06 -0.3357E-03  0.2226E-01  0.2867E-09  0.2404E+00  0.7183E-09  0.2176E-01 -0.3536E-01 -0.1743E-01 -0.7510E-01 -0.1484E-02  0.8228E-01  0.2057E+00
    60  0.1062E+03  0.4717E-03  0.5105E-02  0.1748E-01  0.4609E-06 -0.4190E-02  0.2221E+00  0.7552E+00  0.6023E-02  0.7201E+00 -0.1203E-01  0.1477E+06  0.1477E+06  0.1477E+06 -0.2452E-03  0.2207E-01  0.2862E-09  0.2482E+00  0.7753E-09  0.2155E-01 -0.3482E-01 -0.1814E-01 -0.5893E-01  0.7146E-02  0.7381E-01  0.2048E+00
    61  0.1080E+03  0.4737E-03  0.5023E-02  0.1746E-01  0.4472E-06  0.6560E-02  0.2211E+00  0.7511E+00 -0.3945E-02  0.7209E+00 -0.1631E-01  0.1473E+06  0.1473E+06  0.1473E+06  0.3032E-04  0.2202E-01  0.2871E-09  0.2614E+00  0.7882E-09  0.2146E-01 -0.3472E-01 -0.1729E-01 -0.5427E-01  0.1065E-01  0.7201E-01  0.1996E+00
    62  0.1098E+03  0.4708E-03  0.4963E-02  0.1736E-01  0.4309E-06  0.1591E-01  0.2201E+00  0.7358E+00 -0.6064E-03  0.7172E+00 -0.6175E-02  0.1471E+06  0.1471E+06  0.1471E+06  0.5725E-03  0.2194E-01  0.2864E-09  0.2614E+00  0.7588E-09  0.2139E-01 -0.3433E-01 -0.1758E-01 -0.7275E-01  0.7024E-02  0.7669E-01  0.1981E+00
    63  0.1116E+03  0.4737E-03  0.4885E-02  0.1713E-01  0.4126E-06  0.2367E-01  0.2193E+00  0.7377E+00  0.1915E-01  0.7174E+00 -0.7180E-02  0.1467E+06  0.1467E+06  0.1467E+06  0.6017E-03  0.2170E-01  0.2853E-09  0.2555E+00  0.7857E-09  0.2118E-01 -0.3494E-01 -0.1799E-01 -0.6744E-01  0.7129E-03  0.7854E-01  0.2082E+00
    64  0.1134E+03  0.4727E-03  0.4785E-02  0.1701E-01  0.3950E-06  0.2770E-01  0.2185E+00  0.7438E+00  0.9984E-03  0.7166E+00 -0.1319E-01  0.1464E+06  0.1464E+06  0.1464E+06  0.9513E-03  0.2160E-01  0.2848E-09  0.2619E+00  0.7334E-09  0.2108E-01 -0.3390E-01 -0.1748E-01 -0.5516E-01  0.6560E-02  0.7270E-01  0.1970E+00
    65  0.1152E+03  0.4718E-03  0.4717E-02  0.1687E-01  0.3785E-06  0.3562E-01  0.2179E+00  0.7268E+00 -0.6801E-02  0.7229E+00 -0.1782E-01  0.1460E+06  0.1460E+06  0.1460E+06  0.9717E-03  0.2136E-01  0.2853E-09  0.2594E+00  0.7345E-09  0.2086E-01 -0.3374E-01 -0.1783E-01 -0.6542E-01  0.1601E-01  0.6984E-01  0.1996E+00
    66  0.1170E+03  0.4745E-03  0.4643E-02  0.1685E-01  0.3659E-06  0.4295E-01  0.2173E+00  0.7234E+00  0.1083E-01  0.7223E+00 -0.1080E-01  0.1457E+06  0.1457E+06  0.1457E+06  0.1386E-02  0.2128E-01  0.2856E-09  0.2536E+00  0.7325E-09  0.2082E-01 -0.3488E-01 -0.1771E-01 -0.6782E-01 -0.2247E-02  0.7472E-01  0.2106E+00
    67  0.1188E+03  0.4716E-03  0.4549E-02  0.1664E-01  0.3466E-06  0.4986E-01  0.2169E+00  0.7329E+00  0.9089E-02  0.7279E+00 -0.5516E-02  0.1453E+06  0.1453E+06  0.1453E+06  0.1533E-02  0.2104E-01  0.2852E-09  0.2612E+00  0.6549E-09  0.2057E-01 -0.3337E-01 -0.1802E-01 -0.6772E-01  0.8761E-02  0.7598E-01  0.2023E+00
    68  0.1206E+03  0.4738E-03  0.4475E-02  0.1660E-01  0.3358E-06  0.5447E-01  0.2163E+00  0.7239E+00 -0.5923E-02  0.7254E+00 -0.1075E-01  0.1450E+06  0.1450E+06  0.1450E+06  0.1546E-02  0.2098E-01  0.2850E-09  0.2531E+00  0.7429E-09  0.2055E-01 -0.3388E-01 -0.1772E-01 -0.5614E-01  0.5225E-02  0.6513E-01  0.2041E+00
    69  0.1224E+03  0.4736E-03  0.4425E-02  0.1655E-01  0.3245E-06  0.6316E-01  0.2156E+00  0.7140E+00  0.1750E-02  0.7212E+00 -0.4220E-02  0.1447E+06  0.1447E+06  0.1447E+06  0.1890E-02  0.2096E-01  0.2843E-09  0.2575E+00  0.6083E-09  0.2053E-01 -0.3389E-01 -0.1789E-01 -0.7354E-01  0.9668E-02  0.7414E-01  0.2054E+00
    70  0.1242E+03  0.4721E-03  0.4347E-02  0.1650E-01  0.3130E-06  0.6728E-01  0.2148E+00  0.7118E+00  0.9717E-02  0.7165E+00 -0.5692E-02  0.1444E+06  0.1444E+06  0.1444E+06  0.1992E-02  0.2089E-01  0.2835E-09  0.2440E+00  0.4402E-09  0.2051E-01 -0.3350E-01 -0.1777E-01 -0.6491E-01 -0.1250E-03  0.7191E-01  0.2011E+00
