 #NTuple/Z0                                                                      
 output from Ecalc9f version   2.09
  settings: 
    particle type:            2
    pzmin/pzmax:    0.0000000000000000      /   100.00000000000000     
    transverse cuts:    0.0000000000000000        0.0000000000000000     
    longitudinal cut:    0.0000000000000000     
    RF frequency (MHz):    704.00000000000000     
    sigma cut:    0.0000000000000000     
    subtract out amplitude correlation
    wrnew9 =  F

regn #   Z           Bz          eperp       elong       e6D         Ldim        Pzavg       beta        alpha       betaL       alphaL      n0          n1          n2          Lcan(eVs)   sigmaE      sigmaT      corrE       corrT       sigmaE_c    xavg        yavg        Dx          Dy          Dr          Dr2
     1  0.0000E+00  0.1450E-02  0.2445E-02  0.6620E-02  0.4035E-07 -0.3047E-01  0.2197E+00  0.4765E+00  0.6656E-02  0.6510E+00  0.8412E-02  0.1249E+06  0.1249E+06  0.1249E+06 -0.5237E-03  0.1431E-01  0.1685E-09  0.4326E+00  0.4438E-09  0.1385E-01 -0.2158E-01 -0.1434E-01 -0.6080E-01 -0.3497E-02  0.6911E-01  0.2027E+00
     2  0.8000E+00  0.1444E-02  0.2417E-02  0.6606E-02  0.3950E-07 -0.2133E-01  0.2189E+00  0.3718E+00 -0.4428E+00  0.6146E+00  0.1637E+00  0.1240E+06  0.1240E+06  0.1240E+06 -0.2704E-03  0.1482E-01  0.1643E-09  0.4405E+00  0.1190E-08  0.1439E-01 -0.2084E-01 -0.1375E-01 -0.3041E-01  0.3942E-02  0.2860E-01  0.1715E+00
     3  0.1600E+01  0.1475E-02  0.2444E-02  0.6769E-02  0.4038E-07 -0.6591E-02  0.2180E+00  0.2392E+00 -0.2226E+00  0.5316E+00  0.2114E+00  0.1232E+06  0.1232E+06  0.1232E+06 -0.2966E-04  0.1612E-01  0.1555E-09  0.4268E+00  0.1884E-08  0.1575E-01 -0.2103E-01 -0.1437E-01 -0.4872E-01  0.3808E-03  0.2847E-01  0.1500E+00
     4  0.2400E+01  0.1432E-02  0.2464E-02  0.6822E-02  0.4182E-07  0.6667E-02  0.2180E+00  0.2594E+00  0.1151E+00  0.4539E+00  0.1580E+00  0.1227E+06  0.1227E+06  0.1227E+06 -0.1425E-04  0.1729E-01  0.1451E-09  0.4242E+00  0.2547E-08  0.1695E-01 -0.2075E-01 -0.1379E-01 -0.4147E-01  0.4897E-02  0.5171E-01  0.1272E+00
     5  0.3200E+01  0.1470E-02  0.2473E-02  0.6967E-02  0.4351E-07  0.1429E-01  0.2186E+00  0.3258E+00  0.7617E-01  0.4213E+00  0.1405E-01  0.1225E+06  0.1225E+06  0.1225E+06  0.3503E-03  0.1801E-01  0.1420E-09  0.4738E+00  0.3240E-08  0.1760E-01 -0.2106E-01 -0.1401E-01 -0.4330E-01  0.6341E-03  0.6047E-01  0.1223E+00
     6  0.4000E+01  0.1450E-02  0.2435E-02  0.7055E-02  0.4344E-07  0.1820E-01  0.2192E+00  0.3213E+00 -0.7267E-01  0.4447E+00 -0.1139E+00  0.1222E+06  0.1222E+06  0.1222E+06  0.2804E-03  0.1796E-01  0.1459E-09  0.5785E+00  0.2982E-08  0.1738E-01 -0.2134E-01 -0.1440E-01 -0.3883E-01  0.3156E-02  0.4047E-01  0.1260E+00
     7  0.4800E+01  0.1446E-02  0.2418E-02  0.7183E-02  0.4387E-07  0.2349E-01  0.2197E+00  0.2970E+00 -0.7007E-01  0.4972E+00 -0.1891E+00  0.1220E+06  0.1220E+06  0.1220E+06  0.3710E-03  0.1748E-01  0.1547E-09  0.6253E+00  0.2621E-08  0.1680E-01 -0.2089E-01 -0.1366E-01 -0.3911E-01  0.6384E-02  0.3706E-01  0.1252E+00
     8  0.5600E+01  0.1472E-02  0.2399E-02  0.7435E-02  0.4457E-07  0.2716E-01  0.2201E+00  0.2974E+00 -0.9377E-02  0.5591E+00 -0.1854E+00  0.1217E+06  0.1217E+06  0.1217E+06  0.5638E-03  0.1687E-01  0.1659E-09  0.6456E+00  0.1877E-08  0.1612E-01 -0.2186E-01 -0.1447E-01 -0.4276E-01  0.2127E-02  0.4940E-01  0.1493E+00
     9  0.6400E+01  0.1435E-02  0.2356E-02  0.7793E-02  0.4510E-07  0.3053E-01  0.2201E+00  0.3046E+00 -0.6441E-02  0.5899E+00 -0.1097E+00  0.1214E+06  0.1214E+06  0.1214E+06  0.4521E-03  0.1665E-01  0.1741E-09  0.6551E+00  0.1358E-08  0.1590E-01 -0.2110E-01 -0.1411E-01 -0.3387E-01  0.2542E-02  0.4551E-01  0.1435E+00
    10  0.7200E+01  0.1470E-02  0.2340E-02  0.8139E-02  0.4577E-07  0.3395E-01  0.2198E+00  0.3090E+00 -0.1511E-01  0.5807E+00  0.7193E-02  0.1212E+06  0.1212E+06  0.1212E+06  0.4518E-03  0.1695E-01  0.1764E-09  0.6413E+00  0.4615E-09  0.1626E-01 -0.2127E-01 -0.1394E-01 -0.4199E-01  0.8049E-02  0.4390E-01  0.1386E+00
    11  0.8000E+01  0.1449E-02  0.2325E-02  0.8408E-02  0.4627E-07  0.3359E-01  0.2194E+00  0.3061E+00 -0.3535E-01  0.5459E+00  0.9151E-01  0.1210E+06  0.1210E+06  0.1210E+06  0.7100E-03  0.1765E-01  0.1741E-09  0.5898E+00 -0.1401E-09  0.1709E-01 -0.2187E-01 -0.1447E-01 -0.4382E-01  0.2097E-03  0.4612E-01  0.1358E+00
    12  0.8800E+01  0.1446E-02  0.2309E-02  0.8645E-02  0.4634E-07  0.3530E-01  0.2189E+00  0.2953E+00 -0.4726E-01  0.4930E+00  0.1020E+00  0.1208E+06  0.1208E+06  0.1208E+06  0.4746E-03  0.1860E-01  0.1680E-09  0.4873E+00 -0.3916E-09  0.1823E-01 -0.2036E-01 -0.1390E-01 -0.4169E-01  0.1985E-02  0.3759E-01  0.1079E+00
    13  0.9600E+01  0.1472E-02  0.2289E-02  0.8732E-02  0.4535E-07  0.3748E-01  0.2186E+00  0.2929E+00  0.1212E-01  0.4468E+00  0.9323E-01  0.1207E+06  0.1207E+06  0.1207E+06  0.4910E-03  0.1946E-01  0.1610E-09  0.4163E+00 -0.9166E-09  0.1921E-01 -0.2167E-01 -0.1420E-01 -0.4827E-01  0.1928E-02  0.3454E-01  0.1081E+00
    14  0.1040E+02  0.1434E-02  0.2266E-02  0.8820E-02  0.4476E-07  0.3546E-01  0.2184E+00  0.3131E+00  0.2119E-01  0.4193E+00  0.7617E-01  0.1205E+06  0.1205E+06  0.1205E+06  0.7142E-03  0.2002E-01  0.1570E-09  0.3083E+00 -0.1342E-08  0.1989E-01 -0.2097E-01 -0.1420E-01 -0.4553E-01  0.1838E-02  0.3704E-01  0.9786E-01
    15  0.1120E+02  0.1470E-02  0.2246E-02  0.8894E-02  0.4420E-07  0.3291E-01  0.2185E+00  0.3158E+00 -0.8312E-01  0.4026E+00 -0.1896E-04  0.1203E+06  0.1203E+06  0.1203E+06  0.3331E-03  0.2038E-01  0.1544E-09  0.1831E+00 -0.1055E-08  0.2033E-01 -0.2062E-01 -0.1402E-01 -0.4428E-01  0.1486E-02  0.3710E-01  0.9187E-01
    16  0.1200E+02  0.1450E-02  0.2224E-02  0.8881E-02  0.4285E-07  0.3137E-01  0.2184E+00  0.2844E+00 -0.9266E-01  0.4008E+00 -0.4019E-01  0.1200E+06  0.1200E+06  0.1200E+06  0.5343E-03  0.2038E-01  0.1539E-09  0.6429E-01 -0.8405E-09  0.2037E-01 -0.2180E-01 -0.1433E-01 -0.4994E-01  0.2888E-03  0.3071E-01  0.9986E-01
    17  0.1280E+02  0.1445E-02  0.2200E-02  0.8743E-02  0.4107E-07  0.2926E-01  0.2185E+00  0.2843E+00  0.3168E-01  0.4122E+00 -0.3515E-01  0.1195E+06  0.1195E+06  0.1195E+06  0.4663E-03  0.1994E-01  0.1547E-09  0.1135E-01 -0.5710E-09  0.1994E-01 -0.2033E-01 -0.1401E-01 -0.5253E-01 -0.1854E-02  0.2956E-01  0.9337E-01
    18  0.1360E+02  0.1473E-02  0.2179E-02  0.8782E-02  0.4093E-07  0.3051E-01  0.2187E+00  0.3185E+00  0.4983E-01  0.4309E+00 -0.3921E-01  0.1191E+06  0.1191E+06  0.1191E+06  0.2838E-03  0.1956E-01  0.1584E-09 -0.1408E-02 -0.3592E-10  0.1956E-01 -0.2155E-01 -0.1417E-01 -0.4067E-01  0.2279E-02  0.2760E-01  0.1056E+00
    19  0.1440E+02  0.1433E-02  0.2164E-02  0.8698E-02  0.3980E-07  0.3127E-01  0.2187E+00  0.3301E+00 -0.7054E-01  0.4295E+00  0.2621E-01  0.1187E+06  0.1187E+06  0.1187E+06  0.5860E-03  0.1949E-01  0.1574E-09 -0.7707E-01  0.2217E-09  0.1948E-01 -0.2129E-01 -0.1414E-01 -0.5385E-01 -0.3281E-02  0.3375E-01  0.1047E+00
    20  0.1520E+02  0.1470E-02  0.2147E-02  0.8485E-02  0.3844E-07  0.2211E-01  0.2188E+00  0.2986E+00 -0.1077E+00  0.4288E+00  0.6752E-01  0.1181E+06  0.1181E+06  0.1181E+06  0.1904E-03  0.1931E-01  0.1553E-09 -0.5520E-01  0.3350E-09  0.1931E-01 -0.2099E-01 -0.1432E-01 -0.4510E-01 -0.9002E-03  0.2743E-01  0.1051E+00
    21  0.1600E+02  0.1451E-02  0.2163E-02  0.8150E-02  0.3734E-07  0.1893E-01  0.2190E+00  0.2910E+00 -0.4032E-01  0.4122E+00  0.8678E-01  0.1175E+06  0.1175E+06  0.1175E+06  0.1861E-03  0.1935E-01  0.1492E-09 -0.3850E-01  0.3511E-09  0.1934E-01 -0.2163E-01 -0.1410E-01 -0.4483E-01 -0.1518E-02  0.3137E-01  0.1078E+00
    22  0.1680E+02  0.1443E-02  0.2118E-02  0.7646E-02  0.3374E-07  0.1501E-01  0.2196E+00  0.3021E+00  0.1355E-01  0.3977E+00  0.8782E-01  0.1168E+06  0.1168E+06  0.1168E+06  0.2295E-03  0.1914E-01  0.1421E-09  0.1481E+00  0.1556E-08  0.1910E-01 -0.2103E-01 -0.1415E-01 -0.4718E-01  0.3293E-02  0.3576E-01  0.1077E+00
    23  0.1760E+02  0.1474E-02  0.2108E-02  0.7486E-02  0.3278E-07  0.1022E-01  0.2200E+00  0.3131E+00 -0.1838E-01  0.3879E+00  0.6453E-01  0.1164E+06  0.1164E+06  0.1164E+06  0.1309E-04  0.1917E-01  0.1387E-09  0.1619E+00  0.1701E-08  0.1914E-01 -0.2166E-01 -0.1422E-01 -0.4674E-01 -0.1594E-02  0.3582E-01  0.1125E+00
    24  0.1840E+02  0.1433E-02  0.2096E-02  0.7329E-02  0.3191E-07  0.3067E-02  0.2206E+00  0.3065E+00 -0.4805E-01  0.3940E+00  0.1327E-01  0.1159E+06  0.1159E+06  0.1159E+06  0.1568E-03  0.1883E-01  0.1380E-09  0.1924E+00  0.1509E-08  0.1878E-01 -0.2177E-01 -0.1429E-01 -0.3893E-01  0.8465E-04  0.3257E-01  0.1177E+00
    25  0.1920E+02  0.1468E-02  0.2093E-02  0.7055E-02  0.3060E-07 -0.7109E-02  0.2212E+00  0.3073E+00 -0.4012E-01  0.4020E+00  0.2176E-02  0.1154E+06  0.1154E+06  0.1154E+06 -0.2741E-03  0.1828E-01  0.1363E-09  0.2103E-01  0.4905E-09  0.1827E-01 -0.2137E-01 -0.1416E-01 -0.3735E-01  0.2071E-02  0.3290E-01  0.1205E+00
    26  0.2000E+02  0.1453E-02  0.2052E-02  0.6539E-02  0.2756E-07 -0.1558E-01  0.2218E+00  0.3086E+00 -0.1731E-01  0.4283E+00 -0.2482E-01  0.1149E+06  0.1149E+06  0.1149E+06 -0.2380E-03  0.1734E-01  0.1354E-09  0.4243E+00  0.1584E-08  0.1708E-01 -0.2231E-01 -0.1421E-01 -0.4737E-01  0.1939E-03  0.4504E-01  0.1451E+00
    27  0.2080E+02  0.1440E-02  0.2033E-02  0.6500E-02  0.2702E-07 -0.2144E-01  0.2221E+00  0.3102E+00 -0.3140E-01  0.4421E+00 -0.6609E-02  0.1146E+06  0.1146E+06  0.1146E+06 -0.1463E-03  0.1700E-01  0.1369E-09  0.3798E+00  0.1217E-08  0.1677E-01 -0.2164E-01 -0.1431E-01 -0.3510E-01  0.2876E-03  0.3687E-01  0.1448E+00
    28  0.2160E+02  0.1476E-02  0.2012E-02  0.6306E-02  0.2575E-07 -0.3111E-01  0.2224E+00  0.3095E+00 -0.2694E-01  0.4505E+00  0.9551E-02  0.1143E+06  0.1143E+06  0.1143E+06 -0.6932E-03  0.1671E-01  0.1359E-09  0.4767E+00  0.1235E-08  0.1638E-01 -0.2180E-01 -0.1422E-01 -0.4190E-01 -0.2582E-02  0.4334E-01  0.1514E+00
    29  0.2240E+02  0.1434E-02  0.1996E-02  0.6204E-02  0.2488E-07 -0.4002E-01  0.2225E+00  0.3112E+00 -0.1539E-01  0.4458E+00  0.5370E-01  0.1140E+06  0.1140E+06  0.1140E+06 -0.4368E-03  0.1670E-01  0.1338E-09  0.4879E+00  0.2175E-09  0.1636E-01 -0.2259E-01 -0.1424E-01 -0.4339E-01  0.5542E-02  0.4159E-01  0.1594E+00
    30  0.2320E+02  0.1465E-02  0.1978E-02  0.6036E-02  0.2391E-07 -0.4584E-01  0.2227E+00  0.3151E+00 -0.3073E-01  0.4432E+00  0.4733E-01  0.1138E+06  0.1138E+06  0.1138E+06 -0.5597E-03  0.1661E-01  0.1316E-09  0.5599E+00  0.4051E-09  0.1619E-01 -0.2135E-01 -0.1425E-01 -0.4084E-01 -0.2071E-02  0.4426E-01  0.1496E+00
    31  0.2400E+02  0.1457E-02  0.1971E-02  0.5978E-02  0.2332E-07 -0.5453E-01  0.2228E+00  0.3080E+00 -0.4576E-01  0.4299E+00  0.4535E-01  0.1136E+06  0.1136E+06  0.1136E+06 -0.9939E-03  0.1668E-01  0.1289E-09  0.4794E+00 -0.9348E-10  0.1636E-01 -0.2236E-01 -0.1436E-01 -0.4217E-01  0.8715E-03  0.4265E-01  0.1587E+00
    32  0.2480E+02  0.1438E-02  0.1952E-02  0.5810E-02  0.2220E-07 -0.6266E-01  0.2228E+00  0.3051E+00 -0.1346E-01  0.4255E+00  0.3482E-01  0.1134E+06  0.1134E+06  0.1134E+06 -0.6150E-03  0.1653E-01  0.1264E-09  0.5000E+00 -0.4907E-09  0.1621E-01 -0.2213E-01 -0.1411E-01 -0.4678E-01  0.3150E-02  0.4303E-01  0.1577E+00
    33  0.2560E+02  0.1476E-02  0.1936E-02  0.5693E-02  0.2146E-07 -0.6824E-01  0.2230E+00  0.3153E+00 -0.4127E-02  0.4279E+00 -0.8367E-02  0.1132E+06  0.1132E+06  0.1132E+06 -0.9707E-03  0.1626E-01  0.1254E-09  0.4427E+00 -0.2280E-09  0.1600E-01 -0.2174E-01 -0.1437E-01 -0.3620E-01 -0.7613E-03  0.3930E-01  0.1605E+00
    34  0.2640E+02  0.1436E-02  0.1921E-02  0.5535E-02  0.2045E-07 -0.7677E-01  0.2231E+00  0.3180E+00 -0.4899E-01  0.4393E+00 -0.3414E-01  0.1130E+06  0.1130E+06  0.1130E+06 -0.1140E-02  0.1586E-01  0.1252E-09  0.4501E+00 -0.1412E-09  0.1559E-01 -0.2257E-01 -0.1429E-01 -0.4391E-01 -0.2859E-03  0.4332E-01  0.1774E+00
    35  0.2720E+02  0.1461E-02  0.1910E-02  0.5449E-02  0.1988E-07 -0.8489E-01  0.2231E+00  0.3049E+00 -0.3916E-01  0.4534E+00 -0.1178E-01  0.1127E+06  0.1127E+06  0.1127E+06 -0.9503E-03  0.1546E-01  0.1262E-09  0.4328E+00 -0.9334E-10  0.1521E-01 -0.2181E-01 -0.1408E-01 -0.4696E-01  0.1859E-02  0.4238E-01  0.1761E+00
    36  0.2800E+02  0.1461E-02  0.1894E-02  0.5378E-02  0.1939E-07 -0.9394E-01  0.2232E+00  0.3066E+00  0.1563E-02  0.4580E+00 -0.5074E-02  0.1126E+06  0.1126E+06  0.1126E+06 -0.1351E-02  0.1526E-01  0.1260E-09  0.4033E+00  0.1351E-09  0.1504E-01 -0.2223E-01 -0.1447E-01 -0.3440E-01  0.1504E-02  0.3676E-01  0.1884E+00
    37  0.2880E+02  0.1436E-02  0.1881E-02  0.5207E-02  0.1853E-07 -0.1006E+00  0.2233E+00  0.3187E+00 -0.1708E-01  0.4658E+00  0.2559E-01  0.1124E+06  0.1124E+06  0.1124E+06 -0.1274E-02  0.1499E-01  0.1250E-09  0.4899E+00  0.2833E-09  0.1468E-01 -0.2237E-01 -0.1414E-01 -0.4604E-01 -0.1256E-02  0.4985E-01  0.1952E+00
    38  0.2960E+02  0.1475E-02  0.1878E-02  0.5177E-02  0.1836E-07 -0.1081E+00  0.2233E+00  0.3143E+00 -0.4754E-01  0.4561E+00  0.4163E-01  0.1123E+06  0.1123E+06  0.1123E+06 -0.1392E-02  0.1506E-01  0.1234E-09  0.4420E+00  0.6468E-09  0.1480E-01 -0.2195E-01 -0.1433E-01 -0.4439E-01  0.1478E-02  0.4186E-01  0.1891E+00
    39  0.3040E+02  0.1438E-02  0.1872E-02  0.5189E-02  0.1819E-07 -0.1117E+00  0.2233E+00  0.3073E+00 -0.3013E-01  0.4436E+00  0.4937E-01  0.1121E+06  0.1121E+06  0.1121E+06 -0.1529E-02  0.1524E-01  0.1219E-09  0.3965E+00  0.7803E-09  0.1504E-01 -0.2241E-01 -0.1424E-01 -0.3779E-01 -0.6455E-03  0.3783E-01  0.1892E+00
    40  0.3120E+02  0.1457E-02  0.1860E-02  0.5089E-02  0.1770E-07 -0.1243E+00  0.2235E+00  0.3124E+00 -0.1869E-01  0.4386E+00  0.2719E-01  0.1120E+06  0.1120E+06  0.1120E+06 -0.1457E-02  0.1525E-01  0.1200E-09  0.4710E+00  0.9163E-09  0.1497E-01 -0.2209E-01 -0.1423E-01 -0.4339E-01  0.6970E-03  0.4433E-01  0.1860E+00
    41  0.3200E+02  0.1466E-02  0.1850E-02  0.5049E-02  0.1744E-07 -0.1283E+00  0.2237E+00  0.3142E+00 -0.3100E-01  0.4429E+00  0.1655E-01  0.1118E+06  0.1118E+06  0.1118E+06 -0.1784E-02  0.1518E-01  0.1200E-09  0.5102E+00  0.9839E-09  0.1485E-01 -0.2239E-01 -0.1440E-01 -0.4498E-01  0.2410E-02  0.4653E-01  0.1931E+00
    42  0.3280E+02  0.1432E-02  0.1835E-02  0.5004E-02  0.1705E-07 -0.1324E+00  0.2239E+00  0.3113E+00 -0.2735E-01  0.4437E+00  0.1903E-02  0.1117E+06  0.1117E+06  0.1117E+06 -0.1572E-02  0.1512E-01  0.1196E-09  0.5234E+00  0.1128E-08  0.1477E-01 -0.2250E-01 -0.1409E-01 -0.3788E-01 -0.2544E-02  0.4362E-01  0.1934E+00
    43  0.3360E+02  0.1474E-02  0.1829E-02  0.4940E-02  0.1679E-07 -0.1382E+00  0.2242E+00  0.3127E+00 -0.2696E-01  0.4512E+00 -0.1932E-01  0.1116E+06  0.1116E+06  0.1116E+06 -0.1707E-02  0.1496E-01  0.1197E-09  0.5651E+00  0.1149E-08  0.1457E-01 -0.2207E-01 -0.1440E-01 -0.3874E-01  0.8673E-03  0.4267E-01  0.1950E+00
    44  0.3440E+02  0.1442E-02  0.1828E-02  0.4915E-02  0.1660E-07 -0.1431E+00  0.2244E+00  0.3130E+00 -0.2960E-01  0.4559E+00 -0.1924E-02  0.1114E+06  0.1114E+06  0.1114E+06 -0.1970E-02  0.1482E-01  0.1199E-09  0.5337E+00  0.9479E-09  0.1447E-01 -0.2277E-01 -0.1425E-01 -0.4595E-01 -0.2866E-02  0.5133E-01  0.2072E+00
    45  0.3520E+02  0.1450E-02  0.1807E-02  0.4826E-02  0.1607E-07 -0.1484E+00  0.2246E+00  0.3111E+00 -0.1939E-01  0.4648E+00 -0.2465E-02  0.1113E+06  0.1113E+06  0.1113E+06 -0.1657E-02  0.1463E-01  0.1198E-09  0.5895E+00  0.8486E-09  0.1421E-01 -0.2249E-01 -0.1415E-01 -0.3556E-01  0.4166E-02  0.4088E-01  0.2076E+00
    46  0.3600E+02  0.1470E-02  0.1804E-02  0.4857E-02  0.1591E-07 -0.1540E+00  0.2248E+00  0.3174E+00 -0.2147E-01  0.4598E+00  0.3662E-01  0.1111E+06  0.1111E+06  0.1111E+06 -0.2006E-02  0.1463E-01  0.1194E-09  0.4210E+00  0.4289E-09  0.1435E-01 -0.2225E-01 -0.1438E-01 -0.3983E-01 -0.2081E-02  0.4651E-01  0.2070E+00
    47  0.3680E+02  0.1431E-02  0.1800E-02  0.4750E-02  0.1563E-07 -0.1583E+00  0.2249E+00  0.3173E+00 -0.3885E-01  0.4561E+00  0.3560E-01  0.1110E+06  0.1110E+06  0.1110E+06 -0.2059E-02  0.1465E-01  0.1176E-09  0.5319E+00  0.4406E-09  0.1425E-01 -0.2309E-01 -0.1428E-01 -0.4261E-01 -0.2894E-03  0.4858E-01  0.2173E+00
    48  0.3760E+02  0.1472E-02  0.1778E-02  0.4718E-02  0.1518E-07 -0.1602E+00  0.2250E+00  0.3098E+00 -0.3977E-01  0.4498E+00  0.4097E-01  0.1109E+06  0.1109E+06  0.1109E+06 -0.1781E-02  0.1477E-01  0.1163E-09  0.6319E+00  0.4168E-09  0.1431E-01 -0.2215E-01 -0.1410E-01 -0.3947E-01  0.6576E-02  0.4263E-01  0.1999E+00
    49  0.3840E+02  0.1448E-02  0.1769E-02  0.4672E-02  0.1493E-07 -0.1635E+00  0.2251E+00  0.3103E+00 -0.8846E-02  0.4421E+00  0.1806E-01  0.1108E+06  0.1108E+06  0.1108E+06 -0.2130E-02  0.1482E-01  0.1148E-09  0.6424E+00  0.5380E-09  0.1435E-01 -0.2268E-01 -0.1443E-01 -0.3780E-01 -0.4987E-02  0.4660E-01  0.2084E+00
    50  0.3920E+02  0.1443E-02  0.1765E-02  0.4621E-02  0.1462E-07 -0.1661E+00  0.2251E+00  0.3189E+00 -0.1830E-01  0.4423E+00  0.4431E-02  0.1107E+06  0.1107E+06  0.1107E+06 -0.2001E-02  0.1470E-01  0.1141E-09  0.6213E+00  0.3789E-09  0.1427E-01 -0.2291E-01 -0.1417E-01 -0.4633E-01  0.1055E-02  0.5110E-01  0.2128E+00
    51  0.4000E+02  0.1475E-02  0.1752E-02  0.4616E-02  0.1441E-07 -0.1661E+00  0.2252E+00  0.3151E+00 -0.3667E-01  0.4463E+00 -0.4705E-02  0.1106E+06  0.1106E+06  0.1106E+06 -0.1935E-02  0.1460E-01  0.1146E-09  0.6004E+00  0.4384E-09  0.1420E-01 -0.2220E-01 -0.1411E-01 -0.3674E-01  0.5069E-02  0.3805E-01  0.2050E+00
    52  0.4080E+02  0.1432E-02  0.1745E-02  0.4594E-02  0.1419E-07 -0.1696E+00  0.2252E+00  0.3105E+00 -0.2585E-01  0.4529E+00 -0.2671E-01  0.1105E+06  0.1105E+06  0.1105E+06 -0.2095E-02  0.1445E-01  0.1152E-09  0.5869E+00  0.7001E-09  0.1407E-01 -0.2291E-01 -0.1448E-01 -0.3842E-01 -0.2433E-02  0.4354E-01  0.2225E+00
    53  0.4160E+02  0.1467E-02  0.1741E-02  0.4527E-02  0.1389E-07 -0.1696E+00  0.2252E+00  0.3162E+00 -0.2267E-01  0.4604E+00  0.1263E-01  0.1104E+06  0.1104E+06  0.1104E+06 -0.2011E-02  0.1422E-01  0.1153E-09  0.5773E+00  0.6007E-09  0.1385E-01 -0.2257E-01 -0.1408E-01 -0.4848E-01 -0.3469E-03  0.5299E-01  0.2218E+00
    54  0.4240E+02  0.1456E-02  0.1727E-02  0.4521E-02  0.1373E-07 -0.1681E+00  0.2252E+00  0.3129E+00 -0.3355E-01  0.4631E+00  0.1488E-01  0.1103E+06  0.1103E+06  0.1103E+06 -0.1972E-02  0.1417E-01  0.1155E-09  0.5789E+00  0.5062E-09  0.1380E-01 -0.2262E-01 -0.1430E-01 -0.3406E-01  0.4986E-02  0.3891E-01  0.2250E+00
    55  0.4320E+02  0.1437E-02  0.1724E-02  0.4489E-02  0.1350E-07 -0.1649E+00  0.2252E+00  0.3100E+00 -0.2677E-01  0.4582E+00  0.3001E-01  0.1102E+06  0.1102E+06  0.1102E+06 -0.2005E-02  0.1421E-01  0.1145E-09  0.5737E+00  0.7005E-09  0.1383E-01 -0.2275E-01 -0.1427E-01 -0.4130E-01 -0.1075E-02  0.4628E-01  0.2260E+00
    56  0.4400E+02  0.1476E-02  0.1720E-02  0.4428E-02  0.1330E-07 -0.1656E+00  0.2252E+00  0.3138E+00 -0.1897E-01  0.4485E+00  0.3453E-01  0.1101E+06  0.1101E+06  0.1101E+06 -0.1930E-02  0.1426E-01  0.1125E-09  0.5884E+00  0.7037E-09  0.1389E-01 -0.2259E-01 -0.1415E-01 -0.4230E-01 -0.1295E-02  0.4868E-01  0.2212E+00
    57  0.4480E+02  0.1436E-02  0.1711E-02  0.4403E-02  0.1305E-07 -0.1647E+00  0.2253E+00  0.3141E+00 -0.2656E-01  0.4449E+00  0.2298E-01  0.1100E+06  0.1100E+06  0.1100E+06 -0.1967E-02  0.1426E-01  0.1118E-09  0.5775E+00  0.9560E-09  0.1390E-01 -0.2278E-01 -0.1428E-01 -0.4041E-01  0.3715E-02  0.4361E-01  0.2248E+00
    58  0.4560E+02  0.1459E-02  0.1696E-02  0.4324E-02  0.1266E-07 -0.1627E+00  0.2254E+00  0.3119E+00 -0.2911E-01  0.4455E+00  0.1909E-01  0.1099E+06  0.1099E+06  0.1099E+06 -0.1828E-02  0.1418E-01  0.1108E-09  0.6254E+00  0.7875E-09  0.1377E-01 -0.2269E-01 -0.1413E-01 -0.3721E-01 -0.1791E-02  0.4276E-01  0.2250E+00
    59  0.4640E+02  0.1463E-02  0.1694E-02  0.4296E-02  0.1253E-07 -0.1628E+00  0.2256E+00  0.3122E+00 -0.2490E-01  0.4434E+00 -0.3173E-03  0.1098E+06  0.1098E+06  0.1098E+06 -0.1893E-02  0.1417E-01  0.1101E-09  0.6289E+00  0.8433E-09  0.1376E-01 -0.2265E-01 -0.1433E-01 -0.4315E-01  0.2766E-03  0.4788E-01  0.2269E+00
    60  0.4720E+02  0.1434E-02  0.1685E-02  0.4267E-02  0.1235E-07 -0.1592E+00  0.2258E+00  0.3132E+00 -0.1454E-01  0.4516E+00  0.2685E-02  0.1097E+06  0.1097E+06  0.1097E+06 -0.1895E-02  0.1405E-01  0.1107E-09  0.6646E+00  0.8590E-09  0.1360E-01 -0.2302E-01 -0.1423E-01 -0.4296E-01  0.4886E-02  0.4675E-01  0.2353E+00
    61  0.4800E+02  0.1473E-02  0.1675E-02  0.4274E-02  0.1220E-07 -0.1546E+00  0.2259E+00  0.3152E+00 -0.1947E-01  0.4508E+00 -0.5992E-02  0.1096E+06  0.1096E+06  0.1096E+06 -0.1646E-02  0.1399E-01  0.1106E-09  0.5979E+00  0.9359E-09  0.1363E-01 -0.2263E-01 -0.1409E-01 -0.3395E-01 -0.2360E-02  0.4185E-01  0.2302E+00
    62  0.4880E+02  0.1441E-02  0.1674E-02  0.4226E-02  0.1201E-07 -0.1535E+00  0.2261E+00  0.3154E+00 -0.3263E-01  0.4540E+00 -0.1575E-02  0.1095E+06  0.1095E+06  0.1095E+06 -0.1861E-02  0.1391E-01  0.1103E-09  0.6201E+00  0.7543E-09  0.1351E-01 -0.2289E-01 -0.1441E-01 -0.4474E-01  0.8517E-03  0.4878E-01  0.2405E+00
    63  0.4960E+02  0.1451E-02  0.1663E-02  0.4209E-02  0.1188E-07 -0.1495E+00  0.2262E+00  0.3107E+00 -0.2795E-01  0.4561E+00  0.1276E-01  0.1093E+06  0.1093E+06  0.1093E+06 -0.1679E-02  0.1388E-01  0.1103E-09  0.6431E+00  0.7067E-09  0.1346E-01 -0.2313E-01 -0.1408E-01 -0.4007E-01  0.9986E-03  0.4487E-01  0.2420E+00
    64  0.5040E+02  0.1469E-02  0.1654E-02  0.4182E-02  0.1164E-07 -0.1436E+00  0.2264E+00  0.3124E+00 -0.7633E-02  0.4525E+00  0.2374E-01  0.1092E+06  0.1092E+06  0.1092E+06 -0.1534E-02  0.1389E-01  0.1095E-09  0.6467E+00  0.6934E-09  0.1348E-01 -0.2254E-01 -0.1422E-01 -0.3958E-01  0.5612E-02  0.4173E-01  0.2342E+00
    65  0.5120E+02  0.1432E-02  0.1655E-02  0.4184E-02  0.1161E-07 -0.1434E+00  0.2265E+00  0.3189E+00 -0.1685E-01  0.4456E+00  0.3662E-01  0.1091E+06  0.1091E+06  0.1091E+06 -0.1745E-02  0.1394E-01  0.1086E-09  0.5715E+00  0.5211E-09  0.1359E-01 -0.2321E-01 -0.1434E-01 -0.4164E-01 -0.3311E-02  0.4761E-01  0.2441E+00
    66  0.5200E+02  0.1470E-02  0.1644E-02  0.4160E-02  0.1139E-07 -0.1410E+00  0.2265E+00  0.3148E+00 -0.4628E-01  0.4393E+00  0.1600E-01  0.1091E+06  0.1091E+06  0.1091E+06 -0.1470E-02  0.1399E-01  0.1075E-09  0.5916E+00  0.6482E-09  0.1364E-01 -0.2289E-01 -0.1406E-01 -0.4094E-01  0.1123E-02  0.4419E-01  0.2349E+00
    67  0.5280E+02  0.1449E-02  0.1636E-02  0.4140E-02  0.1124E-07 -0.1324E+00  0.2266E+00  0.3064E+00 -0.2597E-01  0.4393E+00  0.9617E-02  0.1090E+06  0.1090E+06  0.1090E+06 -0.1524E-02  0.1397E-01  0.1073E-09  0.6002E+00  0.7455E-09  0.1361E-01 -0.2275E-01 -0.1426E-01 -0.3756E-01  0.5641E-02  0.3941E-01  0.2351E+00
    68  0.5360E+02  0.1442E-02  0.1632E-02  0.4118E-02  0.1112E-07 -0.1287E+00  0.2266E+00  0.3132E+00 -0.4413E-02  0.4431E+00  0.1382E-01  0.1089E+06  0.1089E+06  0.1089E+06 -0.1466E-02  0.1391E-01  0.1074E-09  0.6284E+00  0.4385E-09  0.1352E-01 -0.2325E-01 -0.1420E-01 -0.4339E-01 -0.3318E-02  0.4963E-01  0.2451E+00
    69  0.5440E+02  0.1474E-02  0.1625E-02  0.4058E-02  0.1088E-07 -0.1242E+00  0.2267E+00  0.3176E+00 -0.2279E-01  0.4446E+00 -0.1327E-02  0.1088E+06  0.1088E+06  0.1088E+06 -0.1267E-02  0.1378E-01  0.1068E-09  0.6195E+00  0.5768E-09  0.1340E-01 -0.2276E-01 -0.1414E-01 -0.4027E-01  0.2108E-02  0.4541E-01  0.2412E+00
    70  0.5520E+02  0.1434E-02  0.1616E-02  0.4046E-02  0.1075E-07 -0.1182E+00  0.2266E+00  0.3104E+00 -0.3001E-01  0.4465E+00  0.7538E-02  0.1087E+06  0.1087E+06  0.1087E+06 -0.1410E-02  0.1373E-01  0.1068E-09  0.6269E+00  0.3800E-09  0.1335E-01 -0.2301E-01 -0.1427E-01 -0.3578E-01  0.3366E-02  0.3927E-01  0.2473E+00
    71  0.5600E+02  0.1463E-02  0.1615E-02  0.4009E-02  0.1060E-07 -0.1128E+00  0.2266E+00  0.3103E+00 -0.1585E-01  0.4473E+00 -0.3038E-03  0.1086E+06  0.1086E+06  0.1086E+06 -0.1177E-02  0.1366E-01  0.1065E-09  0.6273E+00  0.7053E-09  0.1328E-01 -0.2306E-01 -0.1413E-01 -0.4685E-01  0.1048E-02  0.4713E-01  0.2499E+00
    72  0.5680E+02  0.1457E-02  0.1605E-02  0.3972E-02  0.1043E-07 -0.1071E+00  0.2266E+00  0.3158E+00 -0.1061E-01  0.4479E+00  0.1103E-01  0.1086E+06  0.1086E+06  0.1086E+06 -0.1144E-02  0.1361E-01  0.1061E-09  0.6478E+00  0.8114E-09  0.1321E-01 -0.2285E-01 -0.1424E-01 -0.3914E-01  0.1345E-02  0.4374E-01  0.2493E+00
    73  0.5760E+02  0.1436E-02  0.1597E-02  0.3974E-02  0.1030E-07 -0.1019E+00  0.2266E+00  0.3157E+00 -0.3320E-01  0.4443E+00  0.1607E-01  0.1085E+06  0.1085E+06  0.1085E+06 -0.1139E-02  0.1364E-01  0.1057E-09  0.6218E+00  0.7630E-09  0.1327E-01 -0.2310E-01 -0.1421E-01 -0.3595E-01 -0.2550E-03  0.4303E-01  0.2518E+00
    74  0.5840E+02  0.1473E-02  0.1594E-02  0.3915E-02  0.1009E-07 -0.9657E-01  0.2267E+00  0.3106E+00 -0.3497E-01  0.4434E+00  0.2802E-01  0.1084E+06  0.1084E+06  0.1084E+06 -0.1023E-02  0.1358E-01  0.1047E-09  0.6417E+00  0.6763E-09  0.1318E-01 -0.2290E-01 -0.1414E-01 -0.4567E-01  0.4396E-02  0.4731E-01  0.2507E+00
    75  0.5920E+02  0.1439E-02  0.1586E-02  0.3876E-02  0.9929E-08 -0.9332E-01  0.2267E+00  0.3088E+00 -0.1371E-01  0.4403E+00  0.1653E-01  0.1084E+06  0.1084E+06  0.1084E+06 -0.9751E-03  0.1355E-01  0.1039E-09  0.6436E+00  0.8751E-09  0.1317E-01 -0.2303E-01 -0.1426E-01 -0.4099E-01 -0.2114E-03  0.4558E-01  0.2547E+00
    76  0.6000E+02  0.1455E-02  0.1581E-02  0.3876E-02  0.9835E-08 -0.8682E-01  0.2269E+00  0.3138E+00 -0.4385E-02  0.4410E+00  0.9874E-02  0.1083E+06  0.1083E+06  0.1083E+06 -0.9530E-03  0.1354E-01  0.1039E-09  0.6416E+00  0.7199E-09  0.1316E-01 -0.2305E-01 -0.1420E-01 -0.3779E-01  0.6223E-02  0.4085E-01  0.2547E+00
    77  0.6080E+02  0.1464E-02  0.1579E-02  0.3862E-02  0.9762E-08 -0.8464E-01  0.2270E+00  0.3172E+00 -0.2328E-01  0.4359E+00  0.7941E-02  0.1082E+06  0.1082E+06  0.1082E+06 -0.8397E-03  0.1355E-01  0.1030E-09  0.5938E+00  0.6847E-09  0.1322E-01 -0.2297E-01 -0.1410E-01 -0.4019E-01 -0.3121E-02  0.4543E-01  0.2526E+00
    78  0.6160E+02  0.1435E-02  0.1579E-02  0.3804E-02  0.9618E-08 -0.8091E-01  0.2272E+00  0.3135E+00 -0.3591E-01  0.4422E+00  0.1444E-01  0.1082E+06  0.1082E+06  0.1082E+06 -0.8716E-03  0.1343E-01  0.1029E-09  0.6421E+00  0.6576E-09  0.1303E-01 -0.2323E-01 -0.1441E-01 -0.4564E-01  0.4925E-02  0.4792E-01  0.2652E+00
    79  0.6240E+02  0.1469E-02  0.1568E-02  0.3776E-02  0.9449E-08 -0.7457E-01  0.2273E+00  0.3072E+00 -0.2345E-01  0.4431E+00  0.1821E-02  0.1081E+06  0.1081E+06  0.1081E+06 -0.8026E-03  0.1335E-01  0.1027E-09  0.6284E+00  0.8080E-09  0.1297E-01 -0.2307E-01 -0.1398E-01 -0.3701E-01  0.4544E-02  0.4215E-01  0.2612E+00
    80  0.6320E+02  0.1446E-02  0.1564E-02  0.3760E-02  0.9348E-08 -0.7215E-01  0.2275E+00  0.3107E+00 -0.2721E-02  0.4434E+00  0.9800E-02  0.1080E+06  0.1080E+06  0.1080E+06 -0.6374E-03  0.1331E-01  0.1024E-09  0.6048E+00  0.6462E-09  0.1295E-01 -0.2306E-01 -0.1428E-01 -0.3688E-01 -0.2227E-03  0.4261E-01  0.2661E+00
    81  0.6400E+02  0.1447E-02  0.1562E-02  0.3718E-02  0.9213E-08 -0.6587E-01  0.2277E+00  0.3202E+00 -0.9603E-02  0.4456E+00  0.1537E-01  0.1079E+06  0.1079E+06  0.1079E+06 -0.8122E-03  0.1326E-01  0.1020E-09  0.6640E+00  0.6728E-09  0.1285E-01 -0.2336E-01 -0.1431E-01 -0.4753E-01  0.2574E-02  0.4852E-01  0.2738E+00
    82  0.6480E+02  0.1469E-02  0.1549E-02  0.3689E-02  0.9071E-08 -0.6246E-01  0.2278E+00  0.3167E+00 -0.3905E-01  0.4458E+00  0.1783E-01  0.1078E+06  0.1078E+06  0.1078E+06 -0.5301E-03  0.1323E-01  0.1016E-09  0.6706E+00  0.6661E-09  0.1281E-01 -0.2312E-01 -0.1398E-01 -0.3308E-01  0.1189E-02  0.4097E-01  0.2676E+00
    83  0.6560E+02  0.1435E-02  0.1550E-02  0.3685E-02  0.9002E-08 -0.5878E-01  0.2279E+00  0.3077E+00 -0.2756E-01  0.4423E+00  0.1347E-01  0.1078E+06  0.1078E+06  0.1078E+06 -0.6259E-03  0.1324E-01  0.1011E-09  0.6448E+00  0.7728E-09  0.1285E-01 -0.2311E-01 -0.1441E-01 -0.4209E-01  0.6915E-02  0.4283E-01  0.2714E+00
    84  0.6640E+02  0.1465E-02  0.1556E-02  0.3748E-02  0.9022E-08 -0.5715E-01  0.2279E+00  0.3140E+00 -0.3818E-02  0.4310E+00  0.2017E-01  0.1077E+06  0.1077E+06  0.1077E+06 -0.6635E-03  0.1318E-01  0.1006E-09  0.1350E+00  0.3149E-09  0.1313E-01 -0.2347E-01 -0.1412E-01 -0.3837E-01  0.9460E-03  0.4404E-01  0.2763E+00
    85  0.6720E+02  0.1453E-02  0.1537E-02  0.3631E-02  0.8740E-08 -0.5508E-01  0.2280E+00  0.3195E+00 -0.1859E-01  0.4436E+00  0.3021E-02  0.1076E+06  0.1076E+06  0.1076E+06 -0.3845E-03  0.1312E-01  0.1006E-09  0.6341E+00  0.9328E-09  0.1274E-01 -0.2305E-01 -0.1416E-01 -0.3751E-01  0.8427E-03  0.4286E-01  0.2732E+00
    86  0.6800E+02  0.1440E-02  0.1533E-02  0.3594E-02  0.8625E-08 -0.4970E-01  0.2280E+00  0.3137E+00 -0.3223E-01  0.4458E+00  0.6831E-02  0.1075E+06  0.1075E+06  0.1075E+06 -0.6296E-03  0.1306E-01  0.1002E-09  0.6624E+00  0.6884E-09  0.1264E-01 -0.2326E-01 -0.1437E-01 -0.3821E-01  0.7802E-02  0.3922E-01  0.2811E+00
    87  0.6880E+02  0.1472E-02  0.1534E-02  0.3582E-02  0.8567E-08 -0.4830E-01  0.2279E+00  0.3126E+00 -0.1768E-01  0.4448E+00  0.1365E-01  0.1073E+06  0.1073E+06  0.1073E+06 -0.4483E-03  0.1300E-01  0.9998E-10  0.6148E+00  0.7731E-09  0.1264E-01 -0.2333E-01 -0.1402E-01 -0.4395E-01 -0.2946E-02  0.4871E-01  0.2818E+00
    88  0.6960E+02  0.1438E-02  0.1525E-02  0.3567E-02  0.8455E-08 -0.4601E-01  0.2279E+00  0.3140E+00 -0.1700E-01  0.4453E+00  0.1645E-01  0.1072E+06  0.1072E+06  0.1072E+06 -0.3701E-03  0.1299E-01  0.9983E-10  0.6441E+00  0.7002E-09  0.1260E-01 -0.2308E-01 -0.1435E-01 -0.3663E-01  0.4852E-02  0.4083E-01  0.2809E+00
    89  0.7040E+02  0.1458E-02  0.1527E-02  0.3558E-02  0.8436E-08 -0.4598E-01  0.2279E+00  0.3138E+00 -0.2256E-01  0.4413E+00  0.1458E-01  0.1071E+06  0.1071E+06  0.1071E+06 -0.5938E-03  0.1300E-01  0.9930E-10  0.6034E+00  0.8346E-09  0.1264E-01 -0.2329E-01 -0.1420E-01 -0.3799E-01  0.1840E-02  0.4308E-01  0.2826E+00
    90  0.7120E+02  0.1461E-02  0.1523E-02  0.3516E-02  0.8293E-08 -0.4429E-01  0.2279E+00  0.3136E+00 -0.2215E-01  0.4408E+00  0.2180E-01  0.1070E+06  0.1070E+06  0.1070E+06 -0.3245E-03  0.1296E-01  0.9864E-10  0.6409E+00  0.7376E-09  0.1258E-01 -0.2321E-01 -0.1405E-01 -0.4490E-01  0.3209E-02  0.4702E-01  0.2813E+00
    91  0.7200E+02  0.1436E-02  0.1518E-02  0.3523E-02  0.8220E-08 -0.4348E-01  0.2279E+00  0.3117E+00 -0.1243E-01  0.4369E+00  0.1645E-01  0.1070E+06  0.1070E+06  0.1070E+06 -0.4269E-03  0.1294E-01  0.9831E-10  0.5080E+00  0.7995E-09  0.1264E-01 -0.2324E-01 -0.1442E-01 -0.3785E-01  0.2642E-02  0.4217E-01  0.2864E+00
