 #NTuple/Z0                                                                      
 output from Ecalc9f version   2.09
  settings: 
    particle type:            2
    pzmin/pzmax:    0.0000000000000000      /   100.00000000000000     
    transverse cuts:    0.0000000000000000        0.0000000000000000     
    longitudinal cut:    0.0000000000000000     
    RF frequency (MHz):    704.00000000000000     
    sigma cut:    4.0000000000000000     
    subtract out amplitude correlation
    wrnew9 =  F

regn #   Z           Bz          eperp       elong       e6D         Ldim        Pzavg       beta        alpha       betaL       alphaL      n0          n1          n2          Lcan(eVs)   sigmaE      sigmaT      corrE       corrT       sigmaE_c    xavg        yavg        Dx          Dy          Dr          Dr2
     1  0.0000E+00  0.8674E-15  0.1066E-02  0.2367E-02  0.2856E-08  0.8640E-01  0.2020E+00  0.1576E+00  0.1310E+00  0.7108E+00  0.3413E-01  0.3426E+05  0.3426E+05  0.3426E+05  0.6541E-03  0.7984E-02  0.1129E-09  0.7776E+00  0.4587E-08  0.7474E-02 -0.1207E-02 -0.5068E-03 -0.3736E-01 -0.1979E-02  0.3731E-01  0.2585E-02
     2  0.8000E+00  0.0000E+00  0.1046E-02  0.2388E-02  0.2795E-08  0.8889E-01  0.2014E+00  0.1182E+00  0.4304E+00  0.6471E+00  0.2183E+00  0.3415E+05  0.3415E+05  0.3415E+05  0.6431E-03  0.8597E-02  0.1090E-09  0.8806E+00  0.5642E-08  0.8033E-02 -0.1540E-02 -0.5912E-03 -0.6545E-02 -0.5259E-03  0.4595E-01  0.3159E-02
     3  0.1600E+01 -0.8674E-15  0.1064E-02  0.2400E-02  0.2912E-08  0.8478E-01  0.2011E+00  0.8225E-01  0.1956E+00  0.5421E+00  0.2923E+00  0.3403E+05  0.3403E+05  0.3403E+05  0.6312E-03  0.9568E-02  0.1011E-09  0.9528E+00  0.6363E-08  0.8944E-02 -0.1681E-02 -0.7769E-03 -0.1589E-01  0.4992E-03  0.3308E-01  0.2731E-02
     4  0.2400E+01  0.0000E+00  0.1108E-02  0.2396E-02  0.3195E-08  0.7845E-01  0.2015E+00  0.9016E-01 -0.1565E-01  0.4474E+00  0.2151E+00  0.3394E+05  0.3394E+05  0.3394E+05  0.6142E-03  0.1044E-01  0.9308E-10  0.1033E+01  0.6881E-08  0.9671E-02 -0.1076E-02 -0.4952E-03 -0.2165E-01 -0.2158E-03  0.6603E-02  0.8467E-03
     5  0.3200E+01 -0.8674E-15  0.1114E-02  0.2362E-02  0.3307E-08  0.8127E-01  0.2020E+00  0.1011E+00  0.1221E-01  0.4041E+00  0.5896E-01  0.3385E+05  0.3385E+05  0.3385E+05  0.6419E-03  0.1095E-01  0.8794E-10  0.1206E+01  0.6676E-08  0.9916E-02 -0.1748E-02 -0.6708E-03 -0.1842E-01 -0.2980E-02  0.1232E-01  0.1876E-02
     6  0.4000E+01 -0.1301E-14  0.1091E-02  0.2352E-02  0.3274E-08  0.8349E-01  0.2026E+00  0.1012E+00  0.6753E-01  0.4219E+00 -0.9940E-01  0.3379E+05  0.3379E+05  0.3379E+05  0.6346E-03  0.1105E-01  0.8826E-10  0.1397E+01  0.5766E-08  0.9734E-02 -0.1464E-02 -0.6130E-03 -0.1521E-01  0.1502E-02  0.2462E-01  0.1716E-02
     7  0.4800E+01 -0.1301E-14  0.1078E-02  0.2382E-02  0.3304E-08  0.8420E-01  0.2031E+00  0.9968E-01  0.8782E-01  0.4840E+00 -0.2001E+00  0.3374E+05  0.3374E+05  0.3374E+05  0.6474E-03  0.1080E-01  0.9380E-10  0.1494E+01  0.4868E-08  0.9298E-02 -0.1574E-02 -0.6449E-03 -0.1982E-01 -0.1595E-02  0.2999E-01  0.2058E-02
     8  0.5600E+01  0.4337E-15  0.1066E-02  0.2412E-02  0.3333E-08  0.8699E-01  0.2035E+00  0.9824E-01  0.9449E-01  0.5598E+00 -0.2082E+00  0.3368E+05  0.3368E+05  0.3368E+05  0.6529E-03  0.1039E-01  0.1006E-09  0.1538E+01  0.3923E-08  0.8725E-02 -0.1747E-02 -0.6079E-03 -0.1473E-01 -0.6293E-03  0.3019E-01  0.2435E-02
     9  0.6400E+01 -0.4337E-15  0.1060E-02  0.2401E-02  0.3305E-08  0.8783E-01  0.2035E+00  0.9685E-01  0.1010E+00  0.6185E+00 -0.1108E+00  0.3360E+05  0.3360E+05  0.3360E+05  0.6536E-03  0.9957E-02  0.1048E-09  0.1554E+01  0.2571E-08  0.8158E-02 -0.1547E-02 -0.6409E-03 -0.1521E-01 -0.1279E-03  0.3173E-01  0.2268E-02
    10  0.7200E+01  0.0000E+00  0.1053E-02  0.2380E-02  0.3203E-08  0.8888E-01  0.2033E+00  0.9549E-01  0.8300E-01  0.6342E+00  0.3073E-01  0.3349E+05  0.3349E+05  0.3349E+05  0.6610E-03  0.9761E-02  0.1054E-09  0.1534E+01  0.1339E-08  0.7971E-02 -0.1721E-02 -0.6488E-03 -0.1805E-01  0.3347E-04  0.3253E-01  0.2642E-02
    11  0.8000E+01 -0.8674E-15  0.1042E-02  0.2343E-02  0.3029E-08  0.8938E-01  0.2030E+00  0.9601E-01  0.6330E-01  0.5941E+00  0.1705E+00  0.3338E+05  0.3338E+05  0.3338E+05  0.6521E-03  0.9864E-02  0.1012E-09  0.1463E+01  0.1896E-09  0.8276E-02 -0.1535E-02 -0.5919E-03 -0.1289E-01 -0.1690E-02  0.2755E-01  0.2117E-02
    12  0.8800E+01  0.0000E+00  0.1035E-02  0.2326E-02  0.2852E-08  0.8970E-01  0.2026E+00  0.9773E-01  0.5890E-01  0.5189E+00  0.2356E+00  0.3329E+05  0.3329E+05  0.3329E+05  0.6521E-03  0.1020E-01  0.9444E-10  0.1352E+01 -0.7843E-09  0.8924E-02 -0.1638E-02 -0.6618E-03 -0.1888E-01  0.1528E-03  0.2216E-01  0.2105E-02
    13  0.9600E+01  0.1301E-14  0.1025E-02  0.2322E-02  0.2693E-08  0.9109E-01  0.2022E+00  0.9805E-01  0.6870E-01  0.4435E+00  0.1938E+00  0.3323E+05  0.3323E+05  0.3323E+05  0.6581E-03  0.1058E-01  0.8742E-10  0.1249E+01 -0.1181E-08  0.9545E-02 -0.1469E-02 -0.6019E-03 -0.1893E-01  0.2730E-03  0.1744E-01  0.1600E-02
    14  0.1040E+02  0.8674E-15  0.1010E-02  0.2317E-02  0.2550E-08  0.9261E-01  0.2017E+00  0.9606E-01  0.5960E-01  0.3961E+00  0.6856E-01  0.3318E+05  0.3318E+05  0.3318E+05  0.6570E-03  0.1074E-01  0.8271E-10  0.1149E+01 -0.1317E-08  0.9914E-02 -0.1500E-02 -0.6071E-03 -0.1625E-01 -0.3135E-02  0.1599E-01  0.1563E-02
    15  0.1120E+02  0.1735E-14  0.9978E-03  0.2314E-02  0.2445E-08  0.9574E-01  0.2013E+00  0.9710E-01  0.1658E-01  0.4058E+00 -0.8843E-01  0.3312E+05  0.3312E+05  0.3312E+05  0.6703E-03  0.1051E-01  0.8369E-10  0.1086E+01 -0.8738E-09  0.9791E-02 -0.1548E-02 -0.6227E-03 -0.1869E-01  0.1713E-02  0.1742E-01  0.1725E-02
    16  0.1200E+02 -0.1735E-14  0.9961E-03  0.2292E-02  0.2425E-08  0.9346E-01  0.2011E+00  0.1044E+00  0.1081E-01  0.4637E+00 -0.1997E+00  0.3309E+05  0.3309E+05  0.3309E+05  0.6534E-03  0.9954E-02  0.8906E-10  0.1055E+01 -0.1894E-09  0.9249E-02 -0.1301E-02 -0.6532E-03 -0.2259E-01 -0.1790E-02  0.1602E-01  0.1522E-02
    17  0.1280E+02  0.0000E+00  0.9856E-03  0.2289E-02  0.2400E-08  0.9839E-01  0.2007E+00  0.1072E+00  0.8212E-01  0.5422E+00 -0.2052E+00  0.3304E+05  0.3304E+05  0.3304E+05  0.6906E-03  0.9218E-02  0.9635E-10  0.1001E+01  0.3572E-09  0.8548E-02 -0.1526E-02 -0.5283E-03 -0.1129E-01 -0.1114E-02  0.1550E-01  0.1999E-02
    18  0.1360E+02 -0.4337E-15  0.9768E-03  0.2290E-02  0.2355E-08  0.9923E-01  0.2003E+00  0.1005E+00  0.1112E+00  0.6005E+00 -0.1086E+00  0.3300E+05  0.3300E+05  0.3300E+05  0.6636E-03  0.8670E-02  0.1016E-09  0.9837E+00  0.1039E-08  0.7994E-02 -0.1470E-02 -0.6650E-03 -0.2241E-01  0.1391E-02  0.2474E-01  0.2401E-02
    19  0.1440E+02  0.1301E-14  0.9671E-03  0.2300E-02  0.2322E-08  0.1007E+00  0.2001E+00  0.9635E-01  0.3933E-01  0.6097E+00  0.2959E-01  0.3296E+05  0.3296E+05  0.3296E+05  0.6989E-03  0.8585E-02  0.1028E-09  0.1003E+01  0.1711E-08  0.7901E-02 -0.1184E-02 -0.6381E-03 -0.1865E-01 -0.5517E-03  0.2365E-01  0.1876E-02
    20  0.1520E+02  0.0000E+00  0.9590E-03  0.2303E-02  0.2276E-08  0.1034E+00  0.2001E+00  0.1025E+00 -0.7393E-03  0.5723E+00  0.1390E+00  0.3290E+05  0.3290E+05  0.3290E+05  0.6957E-03  0.8893E-02  0.9981E-10  0.1024E+01  0.2287E-08  0.8235E-02 -0.1665E-02 -0.5085E-03 -0.1724E-01 -0.1045E-02  0.1824E-01  0.2471E-02
    21  0.1600E+02 -0.1735E-14  0.9528E-03  0.2303E-02  0.2231E-08  0.1064E+00  0.2002E+00  0.1065E+00  0.4510E-01  0.5063E+00  0.1667E+00  0.3284E+05  0.3284E+05  0.3284E+05  0.7017E-03  0.9449E-02  0.9401E-10  0.1059E+01  0.2794E-08  0.8796E-02 -0.1230E-02 -0.7165E-03 -0.1885E-01 -0.5660E-03  0.2144E-01  0.1677E-02
    22  0.1680E+02  0.1301E-14  0.9425E-03  0.2307E-02  0.2174E-08  0.1088E+00  0.2004E+00  0.1039E+00  0.7669E-01  0.4521E+00  0.1010E+00  0.3280E+05  0.3280E+05  0.3280E+05  0.7390E-03  0.9896E-02  0.8892E-10  0.1106E+01  0.2963E-08  0.9242E-02 -0.1429E-02 -0.5431E-03 -0.2207E-01  0.6117E-03  0.2552E-01  0.1818E-02
    23  0.1760E+02 -0.8674E-15  0.9307E-03  0.2311E-02  0.2143E-08  0.1114E+00  0.2008E+00  0.1015E+00  0.6687E-01  0.4377E+00 -0.1185E-01  0.3276E+05  0.3276E+05  0.3276E+05  0.7157E-03  0.1004E-01  0.8753E-10  0.1154E+01  0.3191E-08  0.9368E-02 -0.1573E-02 -0.6034E-03 -0.1702E-01 -0.1674E-02  0.2326E-01  0.2015E-02
    24  0.1840E+02  0.1735E-14  0.9272E-03  0.2313E-02  0.2152E-08  0.1130E+00  0.2012E+00  0.1018E+00  0.6407E-01  0.4665E+00 -0.1020E+00  0.3275E+05  0.3275E+05  0.3275E+05  0.7456E-03  0.9881E-02  0.9020E-10  0.1203E+01  0.3082E-08  0.9138E-02 -0.1336E-02 -0.6857E-03 -0.1946E-01  0.6872E-03  0.2240E-01  0.1736E-02
    25  0.1920E+02  0.0000E+00  0.9237E-03  0.2322E-02  0.2171E-08  0.1133E+00  0.2016E+00  0.1019E+00  0.6959E-01  0.5174E+00 -0.1311E+00  0.3273E+05  0.3273E+05  0.3273E+05  0.7422E-03  0.9564E-02  0.9493E-10  0.1256E+01  0.2893E-08  0.8734E-02 -0.1658E-02 -0.5235E-03 -0.1958E-01 -0.6146E-03  0.2552E-01  0.2308E-02
    26  0.2000E+02 -0.4337E-15  0.9164E-03  0.2327E-02  0.2168E-08  0.1169E+00  0.2018E+00  0.1012E+00  0.7208E-01  0.5607E+00 -0.8658E-01  0.3271E+05  0.3271E+05  0.3271E+05  0.7461E-03  0.9274E-02  0.9872E-10  0.1294E+01  0.2536E-08  0.8364E-02 -0.1488E-02 -0.6751E-03 -0.1491E-01 -0.2435E-02  0.2633E-01  0.2223E-02
    27  0.2080E+02  0.4337E-15  0.9154E-03  0.2322E-02  0.2162E-08  0.1182E+00  0.2018E+00  0.1006E+00  0.7173E-01  0.5770E+00  0.1364E-02  0.3269E+05  0.3269E+05  0.3269E+05  0.7695E-03  0.9180E-02  0.9991E-10  0.1322E+01  0.2002E-08  0.8208E-02 -0.1559E-02 -0.6061E-03 -0.1985E-01  0.3283E-02  0.2650E-01  0.2340E-02
    28  0.2160E+02  0.1735E-14  0.9091E-03  0.2320E-02  0.2115E-08  0.1190E+00  0.2017E+00  0.9969E-01  0.6520E-01  0.5587E+00  0.8772E-01  0.3264E+05  0.3264E+05  0.3264E+05  0.7573E-03  0.9308E-02  0.9823E-10  0.1317E+01  0.1568E-08  0.8367E-02 -0.1577E-02 -0.6273E-03 -0.1746E-01 -0.2287E-02  0.2482E-01  0.2297E-02
    29  0.2240E+02 -0.1301E-14  0.9042E-03  0.2299E-02  0.2060E-08  0.1214E+00  0.2015E+00  0.9963E-01  0.5516E-01  0.5139E+00  0.1373E+00  0.3259E+05  0.3259E+05  0.3259E+05  0.7763E-03  0.9625E-02  0.9378E-10  0.1312E+01  0.9530E-09  0.8726E-02 -0.1454E-02 -0.5978E-03 -0.1784E-01 -0.1226E-02  0.2300E-01  0.1914E-02
    30  0.2320E+02 -0.8674E-15  0.8975E-03  0.2293E-02  0.1994E-08  0.1235E+00  0.2013E+00  0.1004E+00  0.5072E-01  0.4670E+00  0.1192E+00  0.3253E+05  0.3253E+05  0.3253E+05  0.7757E-03  0.9925E-02  0.8933E-10  0.1284E+01  0.4959E-09  0.9111E-02 -0.1586E-02 -0.6148E-03 -0.1800E-01  0.1718E-02  0.1992E-01  0.1994E-02
    31  0.2400E+02 -0.4337E-15  0.8931E-03  0.2286E-02  0.1945E-08  0.1232E+00  0.2010E+00  0.1012E+00  0.5440E-01  0.4368E+00  0.4507E-01  0.3249E+05  0.3249E+05  0.3249E+05  0.7741E-03  0.1008E-01  0.8634E-10  0.1242E+01  0.2162E-09  0.9339E-02 -0.1381E-02 -0.6622E-03 -0.2089E-01 -0.1562E-02  0.1707E-01  0.1618E-02
    32  0.2480E+02  0.4337E-15  0.8845E-03  0.2293E-02  0.1909E-08  0.1276E+00  0.2006E+00  0.1004E+00  0.5711E-01  0.4388E+00 -0.4173E-01  0.3246E+05  0.3246E+05  0.3246E+05  0.8004E-03  0.9993E-02  0.8678E-10  0.1187E+01  0.4287E-10  0.9320E-02 -0.1442E-02 -0.5146E-03 -0.1656E-01 -0.1379E-02  0.1591E-01  0.1598E-02
    33  0.2560E+02 -0.8674E-15  0.8778E-03  0.2297E-02  0.1875E-08  0.1298E+00  0.2003E+00  0.9985E-01  0.4791E-01  0.4683E+00 -0.1027E+00  0.3243E+05  0.3243E+05  0.3243E+05  0.7888E-03  0.9683E-02  0.8984E-10  0.1137E+01  0.1084E-09  0.9056E-02 -0.1511E-02 -0.6754E-03 -0.2031E-01  0.1048E-02  0.1584E-01  0.1892E-02
    34  0.2640E+02 -0.1301E-14  0.8699E-03  0.2291E-02  0.1843E-08  0.1294E+00  0.1999E+00  0.1007E+00  0.2984E-01  0.5116E+00 -0.1118E+00  0.3240E+05  0.3240E+05  0.3240E+05  0.8014E-03  0.9260E-02  0.9391E-10  0.1105E+01  0.4714E-09  0.8652E-02 -0.1225E-02 -0.6269E-03 -0.1891E-01 -0.3610E-03  0.1698E-01  0.1536E-02
    35  0.2720E+02  0.8674E-15  0.8640E-03  0.2286E-02  0.1819E-08  0.1327E+00  0.1996E+00  0.1026E+00  0.2574E-01  0.5458E+00 -0.6142E-01  0.3237E+05  0.3237E+05  0.3237E+05  0.8065E-03  0.8922E-02  0.9703E-10  0.1082E+01  0.8523E-09  0.8322E-02 -0.1541E-02 -0.4900E-03 -0.1824E-01 -0.2219E-02  0.1991E-01  0.2153E-02
    36  0.2800E+02  0.1735E-14  0.8569E-03  0.2282E-02  0.1783E-08  0.1350E+00  0.1994E+00  0.1048E+00  0.3849E-01  0.5535E+00  0.1314E-01  0.3233E+05  0.3233E+05  0.3233E+05  0.8015E-03  0.8821E-02  0.9774E-10  0.1075E+01  0.1177E-08  0.8236E-02 -0.1280E-02 -0.7252E-03 -0.1944E-01  0.1469E-02  0.2133E-01  0.1912E-02
    37  0.2880E+02  0.8674E-15  0.8510E-03  0.2289E-02  0.1756E-08  0.1353E+00  0.1992E+00  0.1042E+00  0.5445E-01  0.5338E+00  0.7390E-01  0.3229E+05  0.3229E+05  0.3229E+05  0.8263E-03  0.8983E-02  0.9623E-10  0.1079E+01  0.1593E-08  0.8416E-02 -0.1285E-02 -0.5385E-03 -0.1911E-01 -0.8124E-05  0.2299E-01  0.1744E-02
    38  0.2960E+02  0.1735E-14  0.8453E-03  0.2295E-02  0.1727E-08  0.1380E+00  0.1992E+00  0.1032E+00  0.5319E-01  0.4983E+00  0.8842E-01  0.3225E+05  0.3225E+05  0.3225E+05  0.8083E-03  0.9274E-02  0.9317E-10  0.1090E+01  0.2004E-08  0.8731E-02 -0.1504E-02 -0.5650E-03 -0.1957E-01 -0.3024E-02  0.2124E-01  0.2028E-02
    39  0.3040E+02 -0.1301E-14  0.8408E-03  0.2293E-02  0.1708E-08  0.1398E+00  0.1994E+00  0.1035E+00  0.5183E-01  0.4706E+00  0.5268E-01  0.3222E+05  0.3222E+05  0.3222E+05  0.8277E-03  0.9512E-02  0.9051E-10  0.1113E+01  0.2200E-08  0.8964E-02 -0.1178E-02 -0.6919E-03 -0.1912E-01  0.1556E-02  0.1999E-01  0.1519E-02
    40  0.3120E+02 -0.1301E-14  0.8370E-03  0.2288E-02  0.1687E-08  0.1396E+00  0.1996E+00  0.1039E+00  0.5974E-01  0.4637E+00 -0.1210E-01  0.3218E+05  0.3218E+05  0.3218E+05  0.8313E-03  0.9568E-02  0.8970E-10  0.1130E+01  0.2410E-08  0.9017E-02 -0.1496E-02 -0.5312E-03 -0.2098E-01 -0.3048E-03  0.2054E-01  0.1889E-02
    41  0.3200E+02 -0.8674E-15  0.8295E-03  0.2292E-02  0.1672E-08  0.1418E+00  0.1999E+00  0.1030E+00  0.6619E-01  0.4813E+00 -0.6744E-01  0.3216E+05  0.3216E+05  0.3216E+05  0.8188E-03  0.9456E-02  0.9136E-10  0.1155E+01  0.2420E-08  0.8888E-02 -0.1376E-02 -0.6358E-03 -0.1745E-01 -0.3228E-02  0.2062E-01  0.1786E-02
    42  0.3280E+02 -0.4337E-15  0.8261E-03  0.2291E-02  0.1665E-08  0.1426E+00  0.2002E+00  0.1020E+00  0.6321E-01  0.5126E+00 -0.8243E-01  0.3213E+05  0.3213E+05  0.3213E+05  0.8382E-03  0.9232E-02  0.9414E-10  0.1175E+01  0.2371E-08  0.8628E-02 -0.1399E-02 -0.6061E-03 -0.2106E-01  0.3544E-02  0.2133E-01  0.1885E-02
    43  0.3360E+02  0.0000E+00  0.8222E-03  0.2299E-02  0.1664E-08  0.1416E+00  0.2004E+00  0.1018E+00  0.5211E-01  0.5412E+00 -0.5626E-01  0.3211E+05  0.3211E+05  0.3211E+05  0.8170E-03  0.9048E-02  0.9681E-10  0.1200E+01  0.2411E-08  0.8405E-02 -0.1532E-02 -0.6186E-03 -0.1779E-01 -0.3639E-02  0.2186E-01  0.2211E-02
    44  0.3440E+02  0.8674E-15  0.8181E-03  0.2297E-02  0.1654E-08  0.1447E+00  0.2006E+00  0.1026E+00  0.5281E-01  0.5508E+00  0.3532E-04  0.3207E+05  0.3207E+05  0.3207E+05  0.8351E-03  0.8991E-02  0.9754E-10  0.1224E+01  0.2273E-08  0.8318E-02 -0.1404E-02 -0.5762E-03 -0.1833E-01  0.8065E-04  0.2296E-01  0.1978E-02
    45  0.3520E+02  0.1301E-14  0.8142E-03  0.2306E-02  0.1635E-08  0.1441E+00  0.2006E+00  0.1027E+00  0.5538E-01  0.5394E+00  0.5416E-01  0.3203E+05  0.3203E+05  0.3203E+05  0.8235E-03  0.9105E-02  0.9665E-10  0.1237E+01  0.1935E-08  0.8434E-02 -0.1516E-02 -0.6626E-03 -0.1974E-01  0.9731E-03  0.2268E-01  0.2211E-02
    46  0.3600E+02  0.4337E-15  0.8101E-03  0.2306E-02  0.1614E-08  0.1443E+00  0.2005E+00  0.1023E+00  0.5706E-01  0.5120E+00  0.8228E-01  0.3201E+05  0.3201E+05  0.3201E+05  0.8291E-03  0.9330E-02  0.9417E-10  0.1243E+01  0.1733E-08  0.8670E-02 -0.1439E-02 -0.5913E-03 -0.1952E-01 -0.1138E-02  0.2114E-01  0.1914E-02
    47  0.3680E+02  0.0000E+00  0.8043E-03  0.2297E-02  0.1579E-08  0.1452E+00  0.2003E+00  0.1016E+00  0.5212E-01  0.4809E+00  0.7293E-01  0.3195E+05  0.3195E+05  0.3195E+05  0.8181E-03  0.9547E-02  0.9111E-10  0.1245E+01  0.1402E-08  0.8918E-02 -0.1437E-02 -0.5752E-03 -0.1800E-01 -0.1581E-02  0.1974E-01  0.1789E-02
    48  0.3760E+02  0.8674E-15  0.8017E-03  0.2291E-02  0.1557E-08  0.1456E+00  0.2001E+00  0.1020E+00  0.4616E-01  0.4628E+00  0.2902E-01  0.3192E+05  0.3192E+05  0.3192E+05  0.8217E-03  0.9665E-02  0.8933E-10  0.1232E+01  0.1205E-08  0.9050E-02 -0.1462E-02 -0.6577E-03 -0.2041E-01  0.7501E-03  0.1843E-01  0.1834E-02
    49  0.3840E+02  0.1735E-14  0.7985E-03  0.2288E-02  0.1540E-08  0.1432E+00  0.1998E+00  0.1027E+00  0.4627E-01  0.4636E+00 -0.2554E-01  0.3188E+05  0.3188E+05  0.3188E+05  0.8060E-03  0.9615E-02  0.8942E-10  0.1207E+01  0.1132E-08  0.9025E-02 -0.1319E-02 -0.5672E-03 -0.1948E-01 -0.9509E-03  0.1786E-01  0.1547E-02
    50  0.3920E+02 -0.1301E-14  0.7940E-03  0.2287E-02  0.1528E-08  0.1441E+00  0.1995E+00  0.1026E+00  0.4912E-01  0.4828E+00 -0.5925E-01  0.3186E+05  0.3186E+05  0.3186E+05  0.8064E-03  0.9433E-02  0.9132E-10  0.1192E+01  0.9681E-09  0.8846E-02 -0.1440E-02 -0.6064E-03 -0.1758E-01 -0.1985E-02  0.1806E-01  0.1823E-02
    51  0.4000E+02 -0.4337E-15  0.7894E-03  0.2285E-02  0.1507E-08  0.1438E+00  0.1992E+00  0.1027E+00  0.4946E-01  0.5055E+00 -0.5775E-01  0.3184E+05  0.3184E+05  0.3184E+05  0.7937E-03  0.9204E-02  0.9352E-10  0.1168E+01  0.1040E-08  0.8630E-02 -0.1359E-02 -0.6170E-03 -0.2002E-01  0.1686E-02  0.1886E-01  0.1770E-02
    52  0.4080E+02  0.8674E-15  0.7844E-03  0.2283E-02  0.1487E-08  0.1444E+00  0.1989E+00  0.1030E+00  0.4668E-01  0.5233E+00 -0.2745E-01  0.3182E+05  0.3182E+05  0.3182E+05  0.8020E-03  0.9025E-02  0.9520E-10  0.1161E+01  0.1136E-08  0.8458E-02 -0.1225E-02 -0.6095E-03 -0.1939E-01 -0.2193E-02  0.1925E-01  0.1607E-02
    53  0.4160E+02  0.1301E-14  0.7813E-03  0.2279E-02  0.1470E-08  0.1478E+00  0.1987E+00  0.1035E+00  0.4350E-01  0.5251E+00  0.1556E-01  0.3179E+05  0.3179E+05  0.3179E+05  0.8114E-03  0.8985E-02  0.9537E-10  0.1151E+01  0.1197E-08  0.8428E-02 -0.1444E-02 -0.5504E-03 -0.2030E-01 -0.3548E-03  0.1987E-01  0.1955E-02
    54  0.4240E+02  0.8674E-15  0.7760E-03  0.2277E-02  0.1448E-08  0.1481E+00  0.1985E+00  0.1041E+00  0.4816E-01  0.5130E+00  0.4731E-01  0.3176E+05  0.3176E+05  0.3176E+05  0.8029E-03  0.9066E-02  0.9427E-10  0.1153E+01  0.1321E-08  0.8527E-02 -0.1205E-02 -0.6560E-03 -0.1761E-01  0.2452E-04  0.1897E-01  0.1590E-02
    55  0.4320E+02 -0.4337E-15  0.7729E-03  0.2280E-02  0.1428E-08  0.1491E+00  0.1985E+00  0.1037E+00  0.5567E-01  0.4939E+00  0.5127E-01  0.3173E+05  0.3173E+05  0.3173E+05  0.8204E-03  0.9216E-02  0.9257E-10  0.1141E+01  0.1355E-08  0.8698E-02 -0.1340E-02 -0.5821E-03 -0.2089E-01 -0.4354E-03  0.1933E-01  0.1716E-02
    56  0.4400E+02  0.4337E-15  0.7703E-03  0.2276E-02  0.1414E-08  0.1494E+00  0.1986E+00  0.1032E+00  0.5029E-01  0.4784E+00  0.2566E-01  0.3170E+05  0.3170E+05  0.3170E+05  0.8036E-03  0.9329E-02  0.9099E-10  0.1135E+01  0.1404E-08  0.8824E-02 -0.1344E-02 -0.5770E-03 -0.1982E-01 -0.2153E-02  0.1885E-01  0.1671E-02
    57  0.4480E+02  0.4337E-15  0.7655E-03  0.2271E-02  0.1394E-08  0.1505E+00  0.1988E+00  0.1037E+00  0.4760E-01  0.4763E+00 -0.1234E-01  0.3166E+05  0.3166E+05  0.3166E+05  0.8153E-03  0.9328E-02  0.9064E-10  0.1128E+01  0.1447E-08  0.8839E-02 -0.1249E-02 -0.6351E-03 -0.1923E-01  0.1558E-02  0.1826E-01  0.1559E-02
    58  0.4560E+02  0.0000E+00  0.7626E-03  0.2272E-02  0.1382E-08  0.1491E+00  0.1991E+00  0.1041E+00  0.5013E-01  0.4892E+00 -0.4730E-01  0.3163E+05  0.3163E+05  0.3163E+05  0.8039E-03  0.9221E-02  0.9183E-10  0.1121E+01  0.1670E-08  0.8740E-02 -0.1458E-02 -0.5923E-03 -0.2029E-01 -0.2299E-02  0.1927E-01  0.1907E-02
    59  0.4640E+02  0.4337E-15  0.7572E-03  0.2273E-02  0.1370E-08  0.1525E+00  0.1993E+00  0.1041E+00  0.5630E-01  0.5102E+00 -0.5563E-01  0.3160E+05  0.3160E+05  0.3160E+05  0.8096E-03  0.9052E-02  0.9374E-10  0.1119E+01  0.1877E-08  0.8570E-02 -0.1298E-02 -0.5673E-03 -0.1822E-01 -0.1060E-02  0.1890E-01  0.1662E-02
    60  0.4720E+02  0.8674E-15  0.7563E-03  0.2275E-02  0.1368E-08  0.1502E+00  0.1995E+00  0.1032E+00  0.5526E-01  0.5283E+00 -0.3636E-01  0.3157E+05  0.3157E+05  0.3157E+05  0.8024E-03  0.8927E-02  0.9539E-10  0.1129E+01  0.2077E-08  0.8423E-02 -0.1416E-02 -0.6780E-03 -0.2140E-01  0.1439E-02  0.2077E-01  0.2027E-02
    61  0.4800E+02 -0.1301E-14  0.7536E-03  0.2275E-02  0.1364E-08  0.1500E+00  0.1995E+00  0.1029E+00  0.4770E-01  0.5330E+00  0.1931E-02  0.3154E+05  0.3154E+05  0.3154E+05  0.8007E-03  0.8907E-02  0.9581E-10  0.1151E+01  0.2166E-08  0.8384E-02 -0.1427E-02 -0.5446E-03 -0.1818E-01 -0.2087E-02  0.1989E-01  0.1934E-02
    62  0.4880E+02  0.8674E-15  0.7503E-03  0.2280E-02  0.1352E-08  0.1498E+00  0.1995E+00  0.1035E+00  0.4781E-01  0.5247E+00  0.3793E-01  0.3151E+05  0.3151E+05  0.3151E+05  0.7848E-03  0.8987E-02  0.9516E-10  0.1166E+01  0.2211E-08  0.8465E-02 -0.1353E-02 -0.6135E-03 -0.2006E-01 -0.1264E-02  0.1953E-01  0.1829E-02
    63  0.4960E+02  0.0000E+00  0.7465E-03  0.2286E-02  0.1338E-08  0.1494E+00  0.1995E+00  0.1036E+00  0.4622E-01  0.5046E+00  0.5232E-01  0.3148E+05  0.3148E+05  0.3148E+05  0.7907E-03  0.9167E-02  0.9347E-10  0.1185E+01  0.2123E-08  0.8646E-02 -0.1439E-02 -0.6499E-03 -0.2005E-01  0.4145E-03  0.1962E-01  0.1955E-02
    64  0.5040E+02 -0.1301E-14  0.7442E-03  0.2288E-02  0.1331E-08  0.1477E+00  0.1993E+00  0.1034E+00  0.4769E-01  0.4851E+00  0.4139E-01  0.3145E+05  0.3145E+05  0.3145E+05  0.7718E-03  0.9328E-02  0.9172E-10  0.1193E+01  0.2053E-08  0.8814E-02 -0.1345E-02 -0.5502E-03 -0.1872E-01 -0.4364E-03  0.1813E-01  0.1645E-02
    65  0.5120E+02  0.1301E-14  0.7415E-03  0.2287E-02  0.1315E-08  0.1494E+00  0.1991E+00  0.1034E+00  0.4633E-01  0.4756E+00  0.9174E-02  0.3141E+05  0.3141E+05  0.3141E+05  0.7797E-03  0.9389E-02  0.9082E-10  0.1193E+01  0.1782E-08  0.8885E-02 -0.1367E-02 -0.6481E-03 -0.2100E-01 -0.2277E-02  0.1827E-01  0.1731E-02
    66  0.5200E+02 -0.4337E-15  0.7377E-03  0.2283E-02  0.1303E-08  0.1495E+00  0.1989E+00  0.1036E+00  0.4401E-01  0.4793E+00 -0.2341E-01  0.3138E+05  0.3138E+05  0.3138E+05  0.7778E-03  0.9343E-02  0.9118E-10  0.1192E+01  0.1747E-08  0.8837E-02 -0.1342E-02 -0.5618E-03 -0.1938E-01  0.1132E-02  0.1814E-01  0.1635E-02
    67  0.5280E+02  0.4337E-15  0.7359E-03  0.2282E-02  0.1297E-08  0.1482E+00  0.1986E+00  0.1040E+00  0.4340E-01  0.4919E+00 -0.3887E-01  0.3134E+05  0.3134E+05  0.3134E+05  0.7654E-03  0.9222E-02  0.9241E-10  0.1180E+01  0.1577E-08  0.8717E-02 -0.1300E-02 -0.6313E-03 -0.1958E-01 -0.1910E-02  0.1875E-01  0.1663E-02
    68  0.5360E+02  0.8674E-15  0.7335E-03  0.2283E-02  0.1289E-08  0.1493E+00  0.1983E+00  0.1043E+00  0.4751E-01  0.5060E+00 -0.3276E-01  0.3132E+05  0.3132E+05  0.3132E+05  0.7749E-03  0.9082E-02  0.9384E-10  0.1161E+01  0.1479E-08  0.8587E-02 -0.1333E-02 -0.5730E-03 -0.1983E-01 -0.1358E-03  0.1833E-01  0.1694E-02
    69  0.5440E+02 -0.4337E-15  0.7313E-03  0.2284E-02  0.1280E-08  0.1480E+00  0.1981E+00  0.1039E+00  0.5280E-01  0.5137E+00 -0.7759E-02  0.3129E+05  0.3129E+05  0.3129E+05  0.7570E-03  0.8994E-02  0.9468E-10  0.1140E+01  0.1769E-08  0.8511E-02 -0.1251E-02 -0.6053E-03 -0.1997E-01 -0.6712E-03  0.1766E-01  0.1599E-02
    70  0.5520E+02  0.4337E-15  0.7271E-03  0.2284E-02  0.1266E-08  0.1478E+00  0.1979E+00  0.1030E+00  0.4921E-01  0.5106E+00  0.1817E-01  0.3126E+05  0.3126E+05  0.3126E+05  0.7619E-03  0.9020E-02  0.9446E-10  0.1150E+01  0.1798E-08  0.8535E-02 -0.1269E-02 -0.6023E-03 -0.1943E-01 -0.4362E-03  0.1798E-01  0.1622E-02
    71  0.5600E+02  0.4337E-15  0.7262E-03  0.2289E-02  0.1264E-08  0.1473E+00  0.1979E+00  0.1035E+00  0.4022E-01  0.5007E+00  0.3146E-01  0.3126E+05  0.3126E+05  0.3126E+05  0.7500E-03  0.9117E-02  0.9366E-10  0.1165E+01  0.1852E-08  0.8627E-02 -0.1296E-02 -0.5727E-03 -0.2003E-01 -0.1208E-02  0.1823E-01  0.1620E-02
    72  0.5680E+02  0.4337E-15  0.7226E-03  0.2285E-02  0.1246E-08  0.1481E+00  0.1979E+00  0.1047E+00  0.4246E-01  0.4895E+00  0.2307E-01  0.3122E+05  0.3122E+05  0.3122E+05  0.7532E-03  0.9189E-02  0.9251E-10  0.1160E+01  0.1728E-08  0.8716E-02 -0.1205E-02 -0.6147E-03 -0.2012E-01 -0.7018E-03  0.1736E-01  0.1475E-02
    73  0.5760E+02  0.1301E-14  0.7192E-03  0.2280E-02  0.1231E-08  0.1472E+00  0.1980E+00  0.1045E+00  0.5211E-01  0.4853E+00  0.1199E-02  0.3119E+05  0.3119E+05  0.3119E+05  0.7481E-03  0.9208E-02  0.9197E-10  0.1155E+01  0.1744E-08  0.8747E-02 -0.1327E-02 -0.5773E-03 -0.1984E-01 -0.4439E-03  0.1863E-01  0.1654E-02
    74  0.5840E+02 -0.1301E-14  0.7170E-03  0.2280E-02  0.1223E-08  0.1470E+00  0.1981E+00  0.1044E+00  0.5155E-01  0.4899E+00 -0.2190E-01  0.3117E+05  0.3117E+05  0.3117E+05  0.7386E-03  0.9159E-02  0.9237E-10  0.1141E+01  0.1850E-08  0.8712E-02 -0.1274E-02 -0.6020E-03 -0.1973E-01 -0.1501E-02  0.1920E-01  0.1610E-02
    75  0.5920E+02 -0.4337E-15  0.7142E-03  0.2278E-02  0.1212E-08  0.1468E+00  0.1983E+00  0.1045E+00  0.5287E-01  0.5014E+00 -0.3215E-01  0.3113E+05  0.3113E+05  0.3113E+05  0.7408E-03  0.9059E-02  0.9335E-10  0.1134E+01  0.1955E-08  0.8616E-02 -0.1278E-02 -0.6088E-03 -0.1991E-01  0.7862E-03  0.1876E-01  0.1640E-02
    76  0.6000E+02  0.8674E-15  0.7125E-03  0.2282E-02  0.1209E-08  0.1462E+00  0.1985E+00  0.1043E+00  0.5130E-01  0.5128E+00 -0.2820E-01  0.3111E+05  0.3111E+05  0.3111E+05  0.7332E-03  0.8984E-02  0.9443E-10  0.1140E+01  0.2062E-08  0.8531E-02 -0.1370E-02 -0.5993E-03 -0.2066E-01 -0.2080E-02  0.1945E-01  0.1825E-02
    77  0.6080E+02 -0.8674E-15  0.7086E-03  0.2288E-02  0.1203E-08  0.1478E+00  0.1986E+00  0.1045E+00  0.5080E-01  0.5193E+00 -0.8342E-02  0.3108E+05  0.3108E+05  0.3108E+05  0.7367E-03  0.8950E-02  0.9513E-10  0.1155E+01  0.2075E-08  0.8490E-02 -0.1283E-02 -0.5871E-03 -0.1945E-01 -0.6102E-03  0.1940E-01  0.1669E-02
    78  0.6160E+02 -0.1301E-14  0.7068E-03  0.2292E-02  0.1198E-08  0.1469E+00  0.1987E+00  0.1042E+00  0.5139E-01  0.5172E+00  0.1001E-01  0.3106E+05  0.3106E+05  0.3106E+05  0.7307E-03  0.8987E-02  0.9500E-10  0.1171E+01  0.2145E-08  0.8516E-02 -0.1378E-02 -0.6295E-03 -0.2023E-01 -0.2678E-04  0.1980E-01  0.1863E-02
    79  0.6240E+02  0.8674E-15  0.7034E-03  0.2293E-02  0.1188E-08  0.1470E+00  0.1987E+00  0.1040E+00  0.4773E-01  0.5100E+00  0.2408E-01  0.3102E+05  0.3102E+05  0.3102E+05  0.7286E-03  0.9051E-02  0.9436E-10  0.1181E+01  0.2055E-08  0.8580E-02 -0.1314E-02 -0.5848E-03 -0.1895E-01 -0.1353E-02  0.1909E-01  0.1686E-02
    80  0.6320E+02 -0.8674E-15  0.7020E-03  0.2294E-02  0.1180E-08  0.1467E+00  0.1986E+00  0.1042E+00  0.4870E-01  0.4991E+00  0.2688E-01  0.3099E+05  0.3099E+05  0.3099E+05  0.7235E-03  0.9143E-02  0.9339E-10  0.1188E+01  0.1953E-08  0.8673E-02 -0.1333E-02 -0.6042E-03 -0.2098E-01 -0.5601E-03  0.1859E-01  0.1692E-02
    81  0.6400E+02  0.8674E-15  0.6995E-03  0.2298E-02  0.1171E-08  0.1480E+00  0.1984E+00  0.1040E+00  0.4789E-01  0.4897E+00  0.1575E-01  0.3095E+05  0.3095E+05  0.3095E+05  0.7291E-03  0.9207E-02  0.9261E-10  0.1175E+01  0.1833E-08  0.8755E-02 -0.1318E-02 -0.6185E-03 -0.1968E-01 -0.6544E-03  0.1735E-01  0.1640E-02
