 #NTuple/Z0                                                                     
  
 output from Ecalc9f version   2.09
  settings: 
    particle type:            2
    pzmin/pzmax:   0.000000000000000E+000 /   100.000000000000     
    transverse cuts:   0.000000000000000E+000  0.000000000000000E+000
    longitudinal cut:   0.000000000000000E+000
    RF frequency (MHz):    704.000000000000     
    sigma cut:    4.00000000000000     
    subtract out amplitude correlation
    wrnew9 =  F
 
regn #   Z           Bz          eperp       elong       e6D         Ldim        Pzavg       beta        alpha       betaL       alphaL      n0          n1          n2          Lcan(eVs)   sigmaE      sigmaT      corrE       corrT       sigmaE_c    xavg        yavg        Dx          Dy          Dr          Dr2
     1  0.0000E+00 -0.1735E-14  0.1087E-02  0.2543E-02  0.3130E-08  0.9047E-01  0.2045E+00  0.1605E+00  0.1118E+00  0.8037E+00  0.1300E-01  0.3403E+05  0.3403E+05  0.3403E+05  0.7060E-03  0.7742E-02  0.1224E-09  0.6336E+00  0.2726E-08  0.7348E-02 -0.1509E-02 -0.5564E-03 -0.4203E-01 -0.3383E-02  0.3615E-01  0.3459E-02
     2  0.8000E+00  0.1301E-14  0.1074E-02  0.2580E-02  0.3124E-08  0.9350E-01  0.2049E+00  0.1267E+00  0.4514E+00  0.7433E+00  0.1776E+00  0.3395E+05  0.3395E+05  0.3395E+05  0.6941E-03  0.8224E-02  0.1192E-09  0.6663E+00  0.4352E-08  0.7826E-02 -0.1886E-02 -0.5962E-03 -0.2815E-02  0.2278E-03  0.4431E-01  0.4352E-02
     3  0.1600E+01 -0.1735E-14  0.1100E-02  0.2621E-02  0.3337E-08  0.8892E-01  0.2053E+00  0.8758E-01  0.3268E+00  0.6446E+00  0.2641E+00  0.3387E+05  0.3387E+05  0.3387E+05  0.6888E-03  0.9067E-02  0.1132E-09  0.6989E+00  0.6148E-08  0.8638E-02 -0.2028E-02 -0.8027E-03 -0.1891E-01 -0.4345E-03  0.4097E-01  0.4106E-02
     4  0.2400E+01 -0.1735E-14  0.1154E-02  0.2650E-02  0.3777E-08  0.8164E-01  0.2062E+00  0.8217E-01  0.9898E-01  0.5462E+00  0.2356E+00  0.3378E+05  0.3378E+05  0.3378E+05  0.6678E-03  0.9927E-02  0.1071E-09  0.7490E+00  0.7636E-08  0.9399E-02 -0.1530E-02 -0.5349E-03 -0.1981E-01  0.8874E-03  0.1283E-01  0.1752E-02
     5  0.3200E+01 -0.4337E-15  0.1184E-02  0.2615E-02  0.4123E-08  0.8141E-01  0.2071E+00  0.8957E-01  0.3923E-01  0.4861E+00  0.1408E+00  0.3370E+05  0.3370E+05  0.3370E+05  0.6796E-03  0.1055E-01  0.1025E-09  0.9028E+00  0.8447E-08  0.9761E-02 -0.2228E-02 -0.7474E-03 -0.1703E-01 -0.3801E-02  0.8307E-02  0.2951E-02
     6  0.4000E+01 -0.1735E-14  0.1179E-02  0.2604E-02  0.4264E-08  0.8230E-01  0.2079E+00  0.9313E-01  0.7397E-01  0.4742E+00  0.1934E-01  0.3363E+05  0.3363E+05  0.3363E+05  0.6850E-03  0.1095E-01  0.1010E-09  0.1111E+01  0.8558E-08  0.9795E-02 -0.1828E-02 -0.6356E-03 -0.1403E-01  0.1706E-02  0.1494E-01  0.2131E-02
     7  0.4800E+01 -0.4337E-15  0.1168E-02  0.2612E-02  0.4331E-08  0.8219E-01  0.2085E+00  0.9237E-01  0.1161E+00  0.4928E+00 -0.7964E-01  0.3356E+05  0.3356E+05  0.3356E+05  0.6792E-03  0.1112E-01  0.1023E-09  0.1260E+01  0.8369E-08  0.9669E-02 -0.2091E-02 -0.6725E-03 -0.1988E-01 -0.2664E-02  0.2212E-01  0.2729E-02
     8  0.5600E+01 -0.8674E-15  0.1152E-02  0.2659E-02  0.4415E-08  0.8478E-01  0.2087E+00  0.8908E-01  0.1417E+00  0.5323E+00 -0.1275E+00  0.3350E+05  0.3350E+05  0.3350E+05  0.6869E-03  0.1117E-01  0.1057E-09  0.1381E+01  0.7849E-08  0.9438E-02 -0.2097E-02 -0.6864E-03 -0.1124E-01  0.3092E-03  0.2423E-01  0.2776E-02
     9  0.6400E+01  0.0000E+00  0.1157E-02  0.2682E-02  0.4583E-08  0.8458E-01  0.2084E+00  0.8704E-01  0.1472E+00  0.5791E+00 -0.1209E+00  0.3344E+05  0.3344E+05  0.3344E+05  0.6913E-03  0.1113E-01  0.1096E-09  0.1472E+01  0.7260E-08  0.9073E-02 -0.1977E-02 -0.6592E-03 -0.1755E-01 -0.5586E-03  0.2713E-01  0.2611E-02
    10  0.7200E+01  0.4337E-15  0.1165E-02  0.2663E-02  0.4721E-08  0.8482E-01  0.2079E+00  0.8504E-01  0.1460E+00  0.6087E+00 -0.6564E-01  0.3335E+05  0.3335E+05  0.3335E+05  0.6952E-03  0.1118E-01  0.1112E-09  0.1542E+01  0.6399E-08  0.8757E-02 -0.2023E-02 -0.6660E-03 -0.1221E-01 -0.5587E-03  0.2758E-01  0.2674E-02
    11  0.8000E+01  0.1301E-14  0.1173E-02  0.2580E-02  0.4722E-08  0.8347E-01  0.2070E+00  0.8410E-01  0.1361E+00  0.6219E+00  0.3231E-01  0.3320E+05  0.3320E+05  0.3320E+05  0.6874E-03  0.1123E-01  0.1098E-09  0.1578E+01  0.5086E-08  0.8488E-02 -0.1916E-02 -0.6599E-03 -0.1281E-01 -0.8800E-03  0.2925E-01  0.2496E-02
    12  0.8800E+01 -0.4337E-15  0.1180E-02  0.2526E-02  0.4612E-08  0.8423E-01  0.2059E+00  0.8450E-01  0.1100E+00  0.5985E+00  0.1246E+00  0.3306E+05  0.3306E+05  0.3306E+05  0.6942E-03  0.1135E-01  0.1060E-09  0.1545E+01  0.3784E-08  0.8591E-02 -0.1801E-02 -0.6497E-03 -0.1473E-01 -0.7333E-03  0.2754E-01  0.2218E-02
    13  0.9600E+01  0.4337E-15  0.1166E-02  0.2473E-02  0.4279E-08  0.8359E-01  0.2048E+00  0.8666E-01  0.8211E-01  0.5474E+00  0.1858E+00  0.3287E+05  0.3287E+05  0.3287E+05  0.6899E-03  0.1143E-01  0.9992E-10  0.1484E+01  0.2491E-08  0.8936E-02 -0.1726E-02 -0.6533E-03 -0.1325E-01  0.4636E-04  0.2297E-01  0.1976E-02
    14  0.1040E+02  0.4337E-15  0.1153E-02  0.2457E-02  0.4012E-08  0.8592E-01  0.2038E+00  0.8873E-01  0.7463E-01  0.4891E+00  0.1778E+00  0.3274E+05  0.3274E+05  0.3274E+05  0.6957E-03  0.1160E-01  0.9410E-10  0.1427E+01  0.1621E-08  0.9378E-02 -0.1695E-02 -0.6099E-03 -0.1523E-01 -0.7060E-03  0.1884E-01  0.1772E-02
    15  0.1120E+02  0.4337E-15  0.1127E-02  0.2458E-02  0.3718E-08  0.8768E-01  0.2030E+00  0.8867E-01  0.7453E-01  0.4483E+00  0.1086E+00  0.3265E+05  0.3265E+05  0.3265E+05  0.6930E-03  0.1163E-01  0.9013E-10  0.1394E+01  0.8790E-09  0.9677E-02 -0.1500E-02 -0.6395E-03 -0.1522E-01 -0.1130E-02  0.1763E-01  0.1482E-02
    16  0.1200E+02  0.0000E+00  0.1094E-02  0.2432E-02  0.3385E-08  0.9294E-01  0.2025E+00  0.8896E-01  0.3633E-01  0.4342E+00 -0.4113E-02  0.3254E+05  0.3254E+05  0.3254E+05  0.7221E-03  0.1138E-01  0.8830E-10  0.1349E+01 -0.7075E-11  0.9705E-02 -0.1651E-02 -0.6341E-03 -0.1671E-01 -0.4196E-03  0.1896E-01  0.1749E-02
    17  0.1280E+02  0.4337E-15  0.1075E-02  0.2400E-02  0.3190E-08  0.9510E-01  0.2023E+00  0.9392E-01  0.3212E-02  0.4644E+00 -0.1154E+00  0.3244E+05  0.3244E+05  0.3244E+05  0.7179E-03  0.1085E-01  0.9080E-10  0.1286E+01 -0.4778E-09  0.9379E-02 -0.1520E-02 -0.6166E-03 -0.1393E-01 -0.3813E-03  0.1871E-01  0.1690E-02
    18  0.1360E+02  0.1735E-14  0.1061E-02  0.2376E-02  0.3044E-08  0.9785E-01  0.2024E+00  0.1020E+00  0.2891E-01  0.5264E+00 -0.1778E+00  0.3235E+05  0.3235E+05  0.3235E+05  0.7341E-03  0.1014E-01  0.9619E-10  0.1207E+01 -0.7175E-09  0.8847E-02 -0.1568E-02 -0.6403E-03 -0.2143E-01 -0.1136E-02  0.1993E-01  0.2014E-02
    19  0.1440E+02 -0.1301E-14  0.1043E-02  0.2364E-02  0.2925E-08  0.1010E+00  0.2026E+00  0.1029E+00  0.9666E-01  0.5948E+00 -0.1571E+00  0.3229E+05  0.3229E+05  0.3229E+05  0.7450E-03  0.9425E-02  0.1019E-09  0.1122E+01 -0.5496E-09  0.8279E-02 -0.1606E-02 -0.5899E-03 -0.1036E-01  0.7026E-03  0.2166E-01  0.2322E-02
    20  0.1520E+02 -0.4337E-15  0.1028E-02  0.2372E-02  0.2807E-08  0.1035E+00  0.2028E+00  0.9818E-01  0.1164E+00  0.6382E+00 -0.6955E-01  0.3224E+05  0.3224E+05  0.3224E+05  0.7484E-03  0.8936E-02  0.1056E-09  0.1059E+01 -0.7169E-10  0.7934E-02 -0.1731E-02 -0.6585E-03 -0.2001E-01  0.2860E-03  0.2709E-01  0.2974E-02
    21  0.1600E+02 -0.1301E-14  0.1013E-02  0.2384E-02  0.2696E-08  0.1066E+00  0.2032E+00  0.9537E-01  0.6495E-01  0.6458E+00  0.3254E-01  0.3218E+05  0.3218E+05  0.3218E+05  0.7632E-03  0.8772E-02  0.1064E-09  0.1015E+01  0.6307E-09  0.7902E-02 -0.1507E-02 -0.6258E-03 -0.1564E-01  0.1198E-03  0.2278E-01  0.2449E-02
    22  0.1680E+02 -0.8674E-15  0.1003E-02  0.2378E-02  0.2596E-08  0.1098E+00  0.2037E+00  0.9910E-01  0.3419E-01  0.6133E+00  0.1124E+00  0.3209E+05  0.3209E+05  0.3209E+05  0.7849E-03  0.8890E-02  0.1035E-09  0.9652E+00  0.1422E-08  0.8160E-02 -0.1909E-02 -0.6286E-03 -0.1748E-01 -0.1139E-02  0.1743E-01  0.3214E-02
    23  0.1760E+02 -0.1735E-14  0.9951E-03  0.2380E-02  0.2527E-08  0.1104E+00  0.2042E+00  0.1024E+00  0.5816E-01  0.5609E+00  0.1355E+00  0.3201E+05  0.3201E+05  0.3201E+05  0.7644E-03  0.9261E-02  0.9904E-10  0.9702E+00  0.2290E-08  0.8576E-02 -0.1643E-02 -0.6581E-03 -0.1763E-01 -0.2699E-03  0.1827E-01  0.2414E-02
    24  0.1840E+02  0.0000E+00  0.9858E-03  0.2379E-02  0.2469E-08  0.1135E+00  0.2047E+00  0.1013E+00  0.8694E-01  0.5126E+00  0.9857E-01  0.3196E+05  0.3196E+05  0.3196E+05  0.8033E-03  0.9613E-02  0.9480E-10  0.9946E+00  0.3071E-08  0.8946E-02 -0.1807E-02 -0.6272E-03 -0.2087E-01  0.6943E-03  0.2065E-01  0.2625E-02
    25  0.1920E+02  0.4337E-15  0.9777E-03  0.2385E-02  0.2462E-08  0.1136E+00  0.2051E+00  0.9821E-01  0.9144E-01  0.4893E+00  0.2284E-01  0.3194E+05  0.3194E+05  0.3194E+05  0.7706E-03  0.9860E-02  0.9294E-10  0.1055E+01  0.3761E-08  0.9139E-02 -0.1893E-02 -0.6493E-03 -0.1520E-01 -0.2330E-02  0.2052E-01  0.2716E-02
    26  0.2000E+02  0.8674E-15  0.9707E-03  0.2383E-02  0.2456E-08  0.1159E+00  0.2053E+00  0.9691E-01  0.8723E-01  0.4998E+00 -0.5155E-01  0.3191E+05  0.3191E+05  0.3191E+05  0.8031E-03  0.9852E-02  0.9401E-10  0.1127E+01  0.4236E-08  0.9054E-02 -0.1748E-02 -0.6491E-03 -0.1928E-01  0.1269E-02  0.2114E-01  0.2443E-02
    27  0.2080E+02  0.0000E+00  0.9672E-03  0.2390E-02  0.2488E-08  0.1166E+00  0.2053E+00  0.9614E-01  0.7828E-01  0.5302E+00 -0.8943E-01  0.3189E+05  0.3189E+05  0.3189E+05  0.7901E-03  0.9737E-02  0.9706E-10  0.1197E+01  0.4569E-08  0.8828E-02 -0.1922E-02 -0.6370E-03 -0.1774E-01 -0.1171E-02  0.2167E-01  0.2853E-02
    28  0.2160E+02 -0.1301E-14  0.9617E-03  0.2382E-02  0.2499E-08  0.1193E+00  0.2051E+00  0.9587E-01  0.7597E-01  0.5642E+00 -0.7345E-01  0.3183E+05  0.3183E+05  0.3183E+05  0.8116E-03  0.9590E-02  0.9981E-10  0.1288E+01  0.4289E-08  0.8526E-02 -0.1782E-02 -0.6569E-03 -0.1498E-01 -0.7933E-03  0.2373E-01  0.2665E-02
    29  0.2240E+02  0.0000E+00  0.9593E-03  0.2381E-02  0.2499E-08  0.1192E+00  0.2046E+00  0.9582E-01  0.6926E-01  0.5810E+00 -0.2294E-01  0.3179E+05  0.3179E+05  0.3179E+05  0.8000E-03  0.9550E-02  0.1011E-09  0.1348E+01  0.3759E-08  0.8366E-02 -0.1805E-02 -0.6201E-03 -0.1879E-01  0.7187E-03  0.2579E-01  0.2726E-02
    30  0.2320E+02  0.1735E-14  0.9539E-03  0.2376E-02  0.2477E-08  0.1199E+00  0.2040E+00  0.9580E-01  0.6250E-01  0.5752E+00  0.4450E-01  0.3175E+05  0.3175E+05  0.3175E+05  0.8101E-03  0.9644E-02  0.1005E-09  0.1388E+01  0.3217E-08  0.8387E-02 -0.1728E-02 -0.6836E-03 -0.1560E-01 -0.1614E-02  0.2544E-01  0.2559E-02
    31  0.2400E+02 -0.8674E-15  0.9466E-03  0.2356E-02  0.2408E-08  0.1210E+00  0.2033E+00  0.9644E-01  0.5697E-01  0.5481E+00  0.9160E-01  0.3168E+05  0.3168E+05  0.3168E+05  0.8038E-03  0.9836E-02  0.9771E-10  0.1428E+01  0.2362E-08  0.8561E-02 -0.1674E-02 -0.5691E-03 -0.1761E-01  0.8414E-03  0.2526E-01  0.2285E-02
    32  0.2480E+02  0.4337E-15  0.9415E-03  0.2343E-02  0.2350E-08  0.1230E+00  0.2026E+00  0.9601E-01  0.5206E-01  0.5127E+00  0.1012E+00  0.3163E+05  0.3163E+05  0.3163E+05  0.8143E-03  0.1006E-01  0.9433E-10  0.1424E+01  0.1646E-08  0.8814E-02 -0.1626E-02 -0.6910E-03 -0.1684E-01 -0.2057E-02  0.2370E-01  0.2174E-02
    33  0.2560E+02 -0.1301E-14  0.9330E-03  0.2321E-02  0.2267E-08  0.1255E+00  0.2020E+00  0.9704E-01  0.3724E-01  0.4831E+00  0.7082E-01  0.3158E+05  0.3158E+05  0.3158E+05  0.8258E-03  0.1019E-01  0.9118E-10  0.1428E+01  0.7221E-09  0.8996E-02 -0.1556E-02 -0.5775E-03 -0.1923E-01  0.1959E-02  0.2351E-01  0.1933E-02
    34  0.2640E+02 -0.1301E-14  0.9231E-03  0.2313E-02  0.2190E-08  0.1268E+00  0.2016E+00  0.9885E-01  0.3464E-01  0.4711E+00  0.1097E-01  0.3153E+05  0.3153E+05  0.3153E+05  0.8227E-03  0.1014E-01  0.9001E-10  0.1382E+01 -0.4833E-10  0.9058E-02 -0.1546E-02 -0.6398E-03 -0.1535E-01 -0.3774E-02  0.2111E-01  0.1929E-02
    35  0.2720E+02 -0.1301E-14  0.9194E-03  0.2310E-02  0.2148E-08  0.1280E+00  0.2013E+00  0.1001E+00  0.5067E-01  0.4797E+00 -0.5189E-01  0.3151E+05  0.3151E+05  0.3151E+05  0.8285E-03  0.9967E-02  0.9087E-10  0.1314E+01 -0.5524E-09  0.8972E-02 -0.1541E-02 -0.6128E-03 -0.2090E-01  0.3083E-02  0.2049E-01  0.1940E-02
    36  0.2800E+02  0.8674E-15  0.9060E-03  0.2310E-02  0.2066E-08  0.1288E+00  0.2011E+00  0.9955E-01  0.5458E-01  0.5094E+00 -0.9231E-01  0.3146E+05  0.3146E+05  0.3146E+05  0.8261E-03  0.9584E-02  0.9372E-10  0.1229E+01 -0.9203E-09  0.8727E-02 -0.1434E-02 -0.6323E-03 -0.1583E-01 -0.4027E-02  0.2060E-01  0.1887E-02
    37  0.2880E+02  0.4337E-15  0.8990E-03  0.2309E-02  0.2024E-08  0.1308E+00  0.2012E+00  0.9995E-01  0.4803E-01  0.5447E+00 -0.9198E-01  0.3144E+05  0.3144E+05  0.3144E+05  0.8286E-03  0.9219E-02  0.9687E-10  0.1167E+01 -0.8485E-09  0.8438E-02 -0.1636E-02 -0.5820E-03 -0.1962E-01  0.2204E-02  0.2091E-01  0.2358E-02
    38  0.2960E+02  0.8674E-15  0.8909E-03  0.2307E-02  0.1976E-08  0.1307E+00  0.2013E+00  0.1010E+00  0.4460E-01  0.5760E+00 -0.6003E-01  0.3141E+05  0.3141E+05  0.3141E+05  0.8179E-03  0.8893E-02  0.9948E-10  0.1104E+01 -0.4520E-09  0.8187E-02 -0.1443E-02 -0.6861E-03 -0.1633E-01 -0.1365E-02  0.1966E-01  0.2159E-02
    39  0.3040E+02 -0.4337E-15  0.8867E-03  0.2309E-02  0.1946E-08  0.1334E+00  0.2016E+00  0.1021E+00  0.5296E-01  0.5873E+00 -0.9922E-02  0.3138E+05  0.3138E+05  0.3138E+05  0.8441E-03  0.8753E-02  0.1004E-09  0.1054E+01  0.1041E-09  0.8105E-02 -0.1632E-02 -0.5563E-03 -0.2048E-01 -0.2247E-03  0.2041E-01  0.2515E-02
    40  0.3120E+02 -0.1735E-14  0.8821E-03  0.2316E-02  0.1926E-08  0.1339E+00  0.2019E+00  0.1020E+00  0.5891E-01  0.5783E+00  0.3753E-01  0.3135E+05  0.3135E+05  0.3135E+05  0.8193E-03  0.8809E-02  0.9970E-10  0.1034E+01  0.8037E-09  0.8195E-02 -0.1587E-02 -0.6569E-03 -0.1618E-01 -0.5471E-03  0.2095E-01  0.2481E-02
    41  0.3200E+02 -0.8674E-15  0.8773E-03  0.2323E-02  0.1894E-08  0.1353E+00  0.2023E+00  0.1023E+00  0.6464E-01  0.5557E+00  0.5862E-01  0.3132E+05  0.3132E+05  0.3132E+05  0.8501E-03  0.8962E-02  0.9783E-10  0.1010E+01  0.1438E-08  0.8392E-02 -0.1600E-02 -0.6405E-03 -0.2066E-01  0.2504E-03  0.2026E-01  0.2425E-02
    42  0.3280E+02  0.0000E+00  0.8678E-03  0.2330E-02  0.1850E-08  0.1350E+00  0.2026E+00  0.1018E+00  0.7134E-01  0.5319E+00  0.4476E-01  0.3126E+05  0.3126E+05  0.3126E+05  0.8177E-03  0.9120E-02  0.9585E-10  0.1004E+01  0.2073E-08  0.8594E-02 -0.1694E-02 -0.5898E-03 -0.1826E-01 -0.8487E-03  0.1836E-01  0.2476E-02
    43  0.3360E+02 -0.8674E-15  0.8594E-03  0.2328E-02  0.1813E-08  0.1396E+00  0.2029E+00  0.1008E+00  0.6766E-01  0.5194E+00  0.1112E-01  0.3121E+05  0.3121E+05  0.3121E+05  0.8501E-03  0.9210E-02  0.9473E-10  0.1019E+01  0.2708E-08  0.8695E-02 -0.1641E-02 -0.6761E-03 -0.1838E-01 -0.1701E-02  0.1882E-01  0.2398E-02
    44  0.3440E+02  0.1301E-14  0.8568E-03  0.2332E-02  0.1817E-08  0.1383E+00  0.2031E+00  0.1007E+00  0.6320E-01  0.5222E+00 -0.2678E-01  0.3118E+05  0.3118E+05  0.3118E+05  0.8338E-03  0.9242E-02  0.9515E-10  0.1062E+01  0.3303E-08  0.8686E-02 -0.1714E-02 -0.6004E-03 -0.1932E-01  0.1131E-02  0.1845E-01  0.2460E-02
    45  0.3520E+02  0.1735E-14  0.8509E-03  0.2332E-02  0.1809E-08  0.1412E+00  0.2031E+00  0.1006E+00  0.6572E-01  0.5361E+00 -0.4831E-01  0.3113E+05  0.3113E+05  0.3113E+05  0.8502E-03  0.9192E-02  0.9646E-10  0.1115E+01  0.3592E-08  0.8581E-02 -0.1686E-02 -0.6562E-03 -0.1758E-01 -0.1657E-02  0.1922E-01  0.2479E-02
    46  0.3600E+02  0.1735E-14  0.8478E-03  0.2327E-02  0.1812E-08  0.1412E+00  0.2030E+00  0.9960E-01  0.6279E-01  0.5542E+00 -0.4381E-01  0.3112E+05  0.3112E+05  0.3112E+05  0.8423E-03  0.9141E-02  0.9805E-10  0.1197E+01  0.3752E-08  0.8427E-02 -0.1681E-02 -0.6096E-03 -0.1958E-01 -0.1012E-03  0.2145E-01  0.2500E-02
    47  0.3680E+02  0.0000E+00  0.8424E-03  0.2334E-02  0.1810E-08  0.1424E+00  0.2028E+00  0.9904E-01  0.5596E-01  0.5641E+00 -0.1395E-01  0.3109E+05  0.3109E+05  0.3109E+05  0.8446E-03  0.9126E-02  0.9911E-10  0.1253E+01  0.3677E-08  0.8349E-02 -0.1684E-02 -0.6512E-03 -0.1550E-01 -0.4254E-03  0.2215E-01  0.2548E-02
    48  0.3760E+02 -0.4337E-15  0.8385E-03  0.2330E-02  0.1794E-08  0.1416E+00  0.2024E+00  0.9950E-01  0.4488E-01  0.5616E+00  0.2386E-01  0.3106E+05  0.3106E+05  0.3106E+05  0.8350E-03  0.9203E-02  0.9881E-10  0.1317E+01  0.3237E-08  0.8351E-02 -0.1619E-02 -0.6266E-03 -0.2048E-01 -0.4398E-03  0.2427E-01  0.2403E-02
    49  0.3840E+02  0.4337E-15  0.8326E-03  0.2328E-02  0.1770E-08  0.1436E+00  0.2019E+00  0.1006E+00  0.4228E-01  0.5460E+00  0.5116E-01  0.3102E+05  0.3102E+05  0.3102E+05  0.8436E-03  0.9330E-02  0.9741E-10  0.1347E+01  0.2703E-08  0.8462E-02 -0.1580E-02 -0.6099E-03 -0.1697E-01 -0.9546E-03  0.2336E-01  0.2244E-02
    50  0.3920E+02  0.4337E-15  0.8251E-03  0.2316E-02  0.1722E-08  0.1438E+00  0.2014E+00  0.1015E+00  0.4794E-01  0.5237E+00  0.5937E-01  0.3098E+05  0.3098E+05  0.3098E+05  0.8324E-03  0.9472E-02  0.9516E-10  0.1374E+01  0.1901E-08  0.8606E-02 -0.1592E-02 -0.6507E-03 -0.1879E-01  0.7436E-03  0.2380E-01  0.2257E-02
    51  0.4000E+02  0.8674E-15  0.8204E-03  0.2304E-02  0.1686E-08  0.1459E+00  0.2010E+00  0.1012E+00  0.5250E-01  0.5046E+00  0.4411E-01  0.3094E+05  0.3094E+05  0.3094E+05  0.8462E-03  0.9572E-02  0.9322E-10  0.1377E+01  0.1049E-08  0.8723E-02 -0.1470E-02 -0.6013E-03 -0.1875E-01 -0.2745E-02  0.2368E-01  0.1961E-02
    52  0.4080E+02 -0.1301E-14  0.8165E-03  0.2299E-02  0.1658E-08  0.1453E+00  0.2006E+00  0.1011E+00  0.5196E-01  0.4956E+00  0.1137E-01  0.3093E+05  0.3093E+05  0.3093E+05  0.8307E-03  0.9566E-02  0.9236E-10  0.1335E+01  0.4144E-09  0.8772E-02 -0.1517E-02 -0.5977E-03 -0.1835E-01  0.9998E-03  0.2189E-01  0.2001E-02
    53  0.4160E+02  0.1735E-14  0.8134E-03  0.2292E-02  0.1632E-08  0.1458E+00  0.2003E+00  0.1007E+00  0.4890E-01  0.4995E+00 -0.2114E-01  0.3091E+05  0.3091E+05  0.3091E+05  0.8373E-03  0.9470E-02  0.9267E-10  0.1294E+01 -0.3589E-10  0.8719E-02 -0.1467E-02 -0.6751E-03 -0.1867E-01 -0.1825E-02  0.2017E-01  0.1960E-02
    54  0.4240E+02  0.0000E+00  0.8074E-03  0.2283E-02  0.1594E-08  0.1469E+00  0.2002E+00  0.1011E+00  0.4403E-01  0.5133E+00 -0.4248E-01  0.3088E+05  0.3088E+05  0.3088E+05  0.8369E-03  0.9275E-02  0.9382E-10  0.1243E+01 -0.3951E-09  0.8585E-02 -0.1426E-02 -0.5335E-03 -0.1987E-01  0.4845E-03  0.1982E-01  0.1843E-02
    55  0.4320E+02  0.1301E-14  0.8013E-03  0.2276E-02  0.1557E-08  0.1473E+00  0.2001E+00  0.1022E+00  0.3802E-01  0.5313E+00 -0.4802E-01  0.3084E+05  0.3084E+05  0.3084E+05  0.8280E-03  0.9044E-02  0.9531E-10  0.1174E+01 -0.4940E-09  0.8425E-02 -0.1504E-02 -0.6835E-03 -0.1751E-01 -0.2024E-02  0.1927E-01  0.2172E-02
    56  0.4400E+02 -0.4337E-15  0.7963E-03  0.2264E-02  0.1522E-08  0.1487E+00  0.2002E+00  0.1036E+00  0.4638E-01  0.5472E+00 -0.3442E-01  0.3081E+05  0.3081E+05  0.3081E+05  0.8396E-03  0.8845E-02  0.9646E-10  0.1120E+01 -0.3790E-09  0.8278E-02 -0.1434E-02 -0.5753E-03 -0.1969E-01  0.8423E-03  0.2001E-01  0.2041E-02
    57  0.4480E+02  0.1301E-14  0.7926E-03  0.2266E-02  0.1501E-08  0.1487E+00  0.2003E+00  0.1037E+00  0.5723E-01  0.5551E+00 -0.1262E-01  0.3078E+05  0.3078E+05  0.3078E+05  0.8269E-03  0.8738E-02  0.9713E-10  0.1071E+01 -0.4340E-10  0.8221E-02 -0.1476E-02 -0.6254E-03 -0.1869E-01 -0.9799E-03  0.1987E-01  0.2204E-02
    58  0.4560E+02 -0.8674E-15  0.7878E-03  0.2261E-02  0.1475E-08  0.1509E+00  0.2005E+00  0.1032E+00  0.6079E-01  0.5527E+00  0.1097E-01  0.3075E+05  0.3075E+05  0.3075E+05  0.8432E-03  0.8714E-02  0.9677E-10  0.1035E+01  0.3663E-09  0.8236E-02 -0.1537E-02 -0.6369E-03 -0.1840E-01 -0.1240E-02  0.1845E-01  0.2324E-02
    59  0.4640E+02  0.8674E-15  0.7843E-03  0.2266E-02  0.1457E-08  0.1509E+00  0.2007E+00  0.1028E+00  0.5795E-01  0.5446E+00  0.2278E-01  0.3073E+05  0.3073E+05  0.3073E+05  0.8299E-03  0.8769E-02  0.9610E-10  0.1014E+01  0.9086E-09  0.8315E-02 -0.1484E-02 -0.5831E-03 -0.2030E-01  0.1023E-02  0.1804E-01  0.2121E-02
    60  0.4720E+02  0.0000E+00  0.7811E-03  0.2268E-02  0.1445E-08  0.1533E+00  0.2010E+00  0.1028E+00  0.5367E-01  0.5334E+00  0.1751E-01  0.3068E+05  0.3068E+05  0.3068E+05  0.8478E-03  0.8843E-02  0.9514E-10  0.9982E+00  0.1583E-08  0.8411E-02 -0.1547E-02 -0.6753E-03 -0.1876E-01 -0.2158E-02  0.1814E-01  0.2289E-02
    61  0.4800E+02 -0.8674E-15  0.7777E-03  0.2273E-02  0.1438E-08  0.1532E+00  0.2012E+00  0.1032E+00  0.5624E-01  0.5286E+00  0.7840E-03  0.3066E+05  0.3066E+05  0.3066E+05  0.8408E-03  0.8911E-02  0.9482E-10  0.1019E+01  0.2090E-08  0.8465E-02 -0.1582E-02 -0.5708E-03 -0.1959E-01 -0.1290E-03  0.1738E-01  0.2248E-02
    62  0.4880E+02 -0.4337E-15  0.7727E-03  0.2271E-02  0.1423E-08  0.1545E+00  0.2013E+00  0.1027E+00  0.5990E-01  0.5309E+00 -0.1771E-01  0.3063E+05  0.3063E+05  0.3063E+05  0.8370E-03  0.8907E-02  0.9502E-10  0.1040E+01  0.2542E-08  0.8448E-02 -0.1529E-02 -0.6549E-03 -0.1899E-01 -0.2494E-03  0.1799E-01  0.2214E-02
    63  0.4960E+02  0.8674E-15  0.7678E-03  0.2278E-02  0.1413E-08  0.1561E+00  0.2013E+00  0.1021E+00  0.5286E-01  0.5387E+00 -0.3073E-01  0.3060E+05  0.3060E+05  0.3060E+05  0.8503E-03  0.8882E-02  0.9595E-10  0.1073E+01  0.3110E-08  0.8402E-02 -0.1608E-02 -0.6341E-03 -0.2011E-01 -0.1453E-02  0.2023E-01  0.2412E-02
    64  0.5040E+02  0.1301E-14  0.7628E-03  0.2275E-02  0.1404E-08  0.1563E+00  0.2013E+00  0.1025E+00  0.4675E-01  0.5481E+00 -0.2456E-01  0.3056E+05  0.3056E+05  0.3056E+05  0.8362E-03  0.8850E-02  0.9680E-10  0.1132E+01  0.3369E-08  0.8320E-02 -0.1539E-02 -0.5836E-03 -0.1769E-01 -0.1595E-04  0.1982E-01  0.2229E-02
    65  0.5120E+02 -0.1735E-14  0.7605E-03  0.2277E-02  0.1404E-08  0.1573E+00  0.2011E+00  0.1026E+00  0.4889E-01  0.5526E+00 -0.6692E-02  0.3054E+05  0.3054E+05  0.3054E+05  0.8429E-03  0.8870E-02  0.9734E-10  0.1192E+01  0.3584E-08  0.8283E-02 -0.1581E-02 -0.6784E-03 -0.2010E-01 -0.7608E-03  0.2226E-01  0.2427E-02
    66  0.5200E+02  0.0000E+00  0.7573E-03  0.2281E-02  0.1401E-08  0.1563E+00  0.2008E+00  0.1027E+00  0.4276E-01  0.5490E+00  0.1459E-01  0.3052E+05  0.3052E+05  0.3052E+05  0.8370E-03  0.8952E-02  0.9715E-10  0.1257E+01  0.3390E-08  0.8310E-02 -0.1507E-02 -0.5763E-03 -0.1868E-01 -0.1141E-02  0.2350E-01  0.2182E-02
    67  0.5280E+02  0.8674E-15  0.7540E-03  0.2282E-02  0.1391E-08  0.1577E+00  0.2005E+00  0.1035E+00  0.5039E-01  0.5384E+00  0.3039E-01  0.3049E+05  0.3049E+05  0.3049E+05  0.8316E-03  0.9044E-02  0.9626E-10  0.1282E+01  0.2982E-08  0.8385E-02 -0.1510E-02 -0.6155E-03 -0.1894E-01 -0.5823E-04  0.2294E-01  0.2172E-02
    68  0.5360E+02 -0.4337E-15  0.7500E-03  0.2280E-02  0.1375E-08  0.1569E+00  0.2001E+00  0.1027E+00  0.5592E-01  0.5253E+00  0.3119E-01  0.3046E+05  0.3046E+05  0.3046E+05  0.8317E-03  0.9167E-02  0.9508E-10  0.1330E+01  0.2485E-08  0.8476E-02 -0.1466E-02 -0.6764E-03 -0.1968E-01 -0.1117E-02  0.2304E-01  0.2093E-02
    69  0.5440E+02  0.4337E-15  0.7466E-03  0.2266E-02  0.1355E-08  0.1563E+00  0.1998E+00  0.1020E+00  0.4943E-01  0.5129E+00  0.2076E-01  0.3043E+05  0.3043E+05  0.3043E+05  0.8226E-03  0.9224E-02  0.9370E-10  0.1330E+01  0.1933E-08  0.8538E-02 -0.1410E-02 -0.5266E-03 -0.1876E-01  0.3431E-03  0.2211E-01  0.1840E-02
    70  0.5520E+02 -0.4337E-15  0.7411E-03  0.2261E-02  0.1326E-08  0.1574E+00  0.1995E+00  0.1024E+00  0.4220E-01  0.5094E+00  0.5852E-03  0.3038E+05  0.3038E+05  0.3038E+05  0.8172E-03  0.9204E-02  0.9330E-10  0.1320E+01  0.1291E-08  0.8548E-02 -0.1480E-02 -0.6945E-03 -0.1833E-01 -0.2760E-02  0.2057E-01  0.2068E-02
    71  0.5600E+02  0.0000E+00  0.7392E-03  0.2250E-02  0.1308E-08  0.1569E+00  0.1993E+00  0.1031E+00  0.4397E-01  0.5121E+00 -0.2093E-01  0.3035E+05  0.3035E+05  0.3035E+05  0.8209E-03  0.9134E-02  0.9332E-10  0.1293E+01  0.5882E-09  0.8499E-02 -0.1334E-02 -0.5497E-03 -0.2084E-01  0.1521E-02  0.2080E-01  0.1730E-02
    72  0.5680E+02  0.8674E-15  0.7334E-03  0.2243E-02  0.1280E-08  0.1560E+00  0.1991E+00  0.1029E+00  0.4232E-01  0.5217E+00 -0.3251E-01  0.3032E+05  0.3032E+05  0.3032E+05  0.8027E-03  0.8990E-02  0.9408E-10  0.1249E+01  0.2387E-09  0.8406E-02 -0.1408E-02 -0.6258E-03 -0.1777E-01 -0.2375E-02  0.2072E-01  0.1949E-02
    73  0.5760E+02 -0.1301E-14  0.7312E-03  0.2237E-02  0.1264E-08  0.1588E+00  0.1991E+00  0.1037E+00  0.4218E-01  0.5341E+00 -0.3011E-01  0.3030E+05  0.3030E+05  0.3030E+05  0.8218E-03  0.8844E-02  0.9510E-10  0.1202E+01  0.1853E-10  0.8295E-02 -0.1455E-02 -0.6184E-03 -0.2009E-01 -0.6210E-03  0.2023E-01  0.2084E-02
    74  0.5840E+02  0.4337E-15  0.7280E-03  0.2238E-02  0.1249E-08  0.1573E+00  0.1991E+00  0.1045E+00  0.4769E-01  0.5423E+00 -0.1890E-01  0.3028E+05  0.3028E+05  0.3028E+05  0.8019E-03  0.8741E-02  0.9583E-10  0.1160E+01  0.1098E-09  0.8231E-02 -0.1289E-02 -0.5824E-03 -0.1968E-01  0.1298E-02  0.1871E-01  0.1758E-02
    75  0.5920E+02  0.8674E-15  0.7259E-03  0.2241E-02  0.1237E-08  0.1585E+00  0.1992E+00  0.1036E+00  0.5281E-01  0.5459E+00 -0.1497E-02  0.3026E+05  0.3026E+05  0.3026E+05  0.8192E-03  0.8684E-02  0.9618E-10  0.1116E+01  0.3062E-09  0.8211E-02 -0.1511E-02 -0.6515E-03 -0.1984E-01 -0.3603E-02  0.1924E-01  0.2264E-02
    76  0.6000E+02  0.0000E+00  0.7229E-03  0.2240E-02  0.1223E-08  0.1580E+00  0.1993E+00  0.1036E+00  0.4886E-01  0.5419E+00  0.1023E-01  0.3023E+05  0.3023E+05  0.3023E+05  0.7983E-03  0.8677E-02  0.9579E-10  0.1070E+01  0.5895E-09  0.8245E-02 -0.1375E-02 -0.5516E-03 -0.1860E-01  0.1642E-02  0.1739E-01  0.1887E-02
    77  0.6080E+02 -0.8674E-15  0.7220E-03  0.2248E-02  0.1217E-08  0.1593E+00  0.1995E+00  0.1037E+00  0.5008E-01  0.5352E+00  0.1206E-01  0.3021E+05  0.3021E+05  0.3021E+05  0.8149E-03  0.8717E-02  0.9532E-10  0.1033E+01  0.9973E-09  0.8317E-02 -0.1410E-02 -0.6883E-03 -0.2089E-01 -0.2236E-02  0.1628E-01  0.2031E-02
    78  0.6160E+02  0.4337E-15  0.7189E-03  0.2250E-02  0.1206E-08  0.1576E+00  0.1997E+00  0.1035E+00  0.4663E-01  0.5311E+00  0.2350E-02  0.3019E+05  0.3019E+05  0.3019E+05  0.8003E-03  0.8749E-02  0.9498E-10  0.1026E+01  0.1487E-08  0.8357E-02 -0.1511E-02 -0.5422E-03 -0.2021E-01  0.3854E-03  0.1734E-01  0.2111E-02
    79  0.6240E+02  0.4337E-15  0.7161E-03  0.2254E-02  0.1203E-08  0.1588E+00  0.1998E+00  0.1038E+00  0.4259E-01  0.5308E+00 -0.7340E-02  0.3016E+05  0.3016E+05  0.3016E+05  0.7973E-03  0.8759E-02  0.9504E-10  0.1026E+01  0.2034E-08  0.8370E-02 -0.1385E-02 -0.6550E-03 -0.1729E-01 -0.2002E-02  0.1724E-01  0.1955E-02
    80  0.6320E+02  0.0000E+00  0.7119E-03  0.2261E-02  0.1188E-08  0.1596E+00  0.1999E+00  0.1046E+00  0.4426E-01  0.5346E+00 -0.2003E-01  0.3012E+05  0.3012E+05  0.3012E+05  0.8062E-03  0.8739E-02  0.9559E-10  0.1025E+01  0.2617E-08  0.8357E-02 -0.1546E-02 -0.6149E-03 -0.2231E-01  0.1024E-02  0.1844E-01  0.2264E-02
    81  0.6400E+02  0.4337E-15  0.7061E-03  0.2263E-02  0.1177E-08  0.1585E+00  0.1999E+00  0.1048E+00  0.4803E-01  0.5408E+00 -0.2316E-01  0.3009E+05  0.3009E+05  0.3009E+05  0.7851E-03  0.8717E-02  0.9624E-10  0.1066E+01  0.3030E-08  0.8313E-02 -0.1396E-02 -0.6055E-03 -0.1796E-01 -0.2107E-02  0.2004E-01  0.1993E-02
