 #NTuple/Z0                                                                      
 output from Ecalc9f version   2.09
  settings: 
    particle type:            2
    pzmin/pzmax:    0.0000000000000000      /   100.00000000000000     
    transverse cuts:    0.0000000000000000        0.0000000000000000     
    longitudinal cut:    0.0000000000000000     
    RF frequency (MHz):    352.00000000000000     
    sigma cut:    0.0000000000000000     
    subtract out amplitude correlation
    wrnew9 =  F

regn #   Z           Bz          eperp       elong       e6D         Ldim        Pzavg       beta        alpha       betaL       alphaL      n0          n1          n2          Lcan(eVs)   sigmaE      sigmaT      corrE       corrT       sigmaE_c    xavg        yavg        Dx          Dy          Dr          Dr2
     1  0.0000E+00  0.9046E-03  0.5214E-02  0.1771E-01  0.4840E-06 -0.1142E-01  0.2229E+00  0.7551E+00  0.6420E-02  0.7170E+00 -0.3734E-02  0.1481E+06  0.1481E+06  0.1481E+06 -0.3477E-03  0.2229E-01  0.2867E-09  0.2381E+00  0.7261E-09  0.2179E-01 -0.3245E-01 -0.2163E-01 -0.7515E-01 -0.1565E-02  0.7918E-01  0.2007E+00
     2  0.1200E+01  0.9053E-03  0.5098E-02  0.1760E-01  0.4622E-06  0.5676E-02  0.2225E+00  0.5591E+00 -0.3609E+00  0.7338E+00 -0.3001E-01  0.1459E+06  0.1459E+06  0.1459E+06  0.5268E-04  0.2194E-01  0.2904E-09  0.2453E+00  0.1402E-08  0.2146E-01 -0.3139E-01 -0.2000E-01 -0.5748E-01 -0.5145E-02  0.3916E-01  0.1817E+00
     3  0.2400E+01  0.9006E-03  0.5091E-02  0.1743E-01  0.4606E-06  0.2648E-01  0.2222E+00  0.4035E+00 -0.9008E-01  0.7448E+00 -0.3952E-01  0.1444E+06  0.1444E+06  0.1444E+06  0.1171E-02  0.2181E-01  0.2926E-09  0.2893E+00  0.2115E-08  0.2119E-01 -0.3176E-01 -0.2017E-01 -0.5302E-01  0.1236E-01  0.3842E-01  0.1873E+00
     4  0.3600E+01  0.9067E-03  0.5054E-02  0.1741E-01  0.4550E-06  0.4910E-01  0.2225E+00  0.4727E+00  0.1031E+00  0.7652E+00 -0.3661E-01  0.1428E+06  0.1428E+06  0.1428E+06  0.1402E-02  0.2169E-01  0.2966E-09  0.3315E+00  0.2378E-08  0.2091E-01 -0.3174E-01 -0.2043E-01 -0.7097E-01  0.7174E-02  0.1000E+00  0.1996E+00
     5  0.4800E+01  0.9025E-03  0.4960E-02  0.1737E-01  0.4463E-06  0.6496E-01  0.2228E+00  0.5099E+00  0.1824E-01  0.7796E+00 -0.2081E-01  0.1422E+06  0.1422E+06  0.1422E+06  0.2189E-02  0.2174E-01  0.2982E-09  0.3942E+00  0.2240E-08  0.2070E-01 -0.3275E-01 -0.2028E-01 -0.5233E-01  0.3959E-02  0.7925E-01  0.2037E+00
     6  0.6000E+01  0.9026E-03  0.4867E-02  0.1744E-01  0.4341E-06  0.7990E-01  0.2230E+00  0.4896E+00 -0.1089E-01  0.7805E+00 -0.8080E-02  0.1417E+06  0.1417E+06  0.1417E+06  0.2733E-02  0.2201E-01  0.2980E-09  0.4499E+00  0.1893E-08  0.2074E-01 -0.3127E-01 -0.2043E-01 -0.5182E-01  0.8319E-02  0.6370E-01  0.1860E+00
     7  0.7200E+01  0.9065E-03  0.4815E-02  0.1738E-01  0.4233E-06  0.9583E-01  0.2233E+00  0.4878E+00 -0.4945E-02  0.7776E+00  0.1846E-01  0.1412E+06  0.1412E+06  0.1412E+06  0.2663E-02  0.2224E-01  0.2955E-09  0.5006E+00  0.9973E-09  0.2076E-01 -0.3268E-01 -0.2033E-01 -0.6460E-01  0.9600E-02  0.8369E-01  0.1960E+00
     8  0.8400E+01  0.9007E-03  0.4736E-02  0.1741E-01  0.4100E-06  0.1117E+00  0.2233E+00  0.4818E+00  0.1014E-01  0.7582E+00  0.3447E-01  0.1408E+06  0.1408E+06  0.1408E+06  0.3966E-02  0.2252E-01  0.2917E-09  0.5080E+00  0.3792E-09  0.2105E-01 -0.3292E-01 -0.2029E-01 -0.5893E-01  0.6578E-02  0.7729E-01  0.1921E+00
     9  0.9600E+01  0.9053E-03  0.4639E-02  0.1720E-01  0.3898E-06  0.1206E+00  0.2235E+00  0.4893E+00  0.2606E-01  0.7391E+00  0.3002E-01  0.1404E+06  0.1404E+06  0.1404E+06  0.3661E-02  0.2264E-01  0.2861E-09  0.5201E+00 -0.2808E-09  0.2120E-01 -0.3106E-01 -0.2070E-01 -0.4973E-01  0.5248E-02  0.7227E-01  0.1777E+00
    10  0.1080E+02  0.9043E-03  0.4614E-02  0.1705E-01  0.3770E-06  0.1358E+00  0.2235E+00  0.4964E+00 -0.1339E-02  0.7189E+00  0.1350E-01  0.1401E+06  0.1401E+06  0.1401E+06  0.3716E-02  0.2267E-01  0.2812E-09  0.4963E+00 -0.9709E-09  0.2140E-01 -0.3333E-01 -0.2010E-01 -0.6213E-01  0.1343E-01  0.7558E-01  0.1922E+00
    11  0.1200E+02  0.9011E-03  0.4553E-02  0.1691E-01  0.3622E-06  0.1446E+00  0.2234E+00  0.4822E+00 -0.7604E-02  0.7138E+00 -0.9064E-02  0.1399E+06  0.1399E+06  0.1399E+06  0.5184E-02  0.2246E-01  0.2797E-09  0.4638E+00 -0.1508E-08  0.2137E-01 -0.3256E-01 -0.2042E-01 -0.6371E-01  0.1840E-03  0.7660E-01  0.1905E+00
    12  0.1320E+02  0.9069E-03  0.4474E-02  0.1686E-01  0.3473E-06  0.1556E+00  0.2232E+00  0.4732E+00  0.2309E-01  0.7251E+00 -0.1129E-01  0.1396E+06  0.1396E+06  0.1396E+06  0.4237E-02  0.2210E-01  0.2819E-09  0.4378E+00 -0.1710E-08  0.2116E-01 -0.3127E-01 -0.2114E-01 -0.5462E-01  0.1267E-01  0.6091E-01  0.1880E+00
    13  0.1440E+02  0.9014E-03  0.4431E-02  0.1670E-01  0.3335E-06  0.1679E+00  0.2228E+00  0.4917E+00  0.4864E-01  0.7176E+00 -0.1223E-01  0.1394E+06  0.1394E+06  0.1394E+06  0.4843E-02  0.2182E-01  0.2796E-09  0.3672E+00 -0.1859E-08  0.2115E-01 -0.3346E-01 -0.1953E-01 -0.6054E-01  0.3710E-02  0.6470E-01  0.2021E+00
    14  0.1560E+02  0.9036E-03  0.4391E-02  0.1637E-01  0.3181E-06  0.1746E+00  0.2224E+00  0.5053E+00  0.1643E-03  0.7188E+00 -0.2822E-02  0.1391E+06  0.1391E+06  0.1391E+06  0.5744E-02  0.2138E-01  0.2775E-09  0.3135E+00 -0.1901E-08  0.2090E-01 -0.3182E-01 -0.2128E-01 -0.6652E-01  0.4686E-02  0.7181E-01  0.2054E+00
    15  0.1680E+02  0.9061E-03  0.4311E-02  0.1606E-01  0.3002E-06  0.1816E+00  0.2220E+00  0.4728E+00 -0.5159E-01  0.7266E+00 -0.1209E-01  0.1388E+06  0.1388E+06  0.1388E+06  0.4608E-02  0.2095E-01  0.2760E-09  0.2834E+00 -0.1375E-08  0.2056E-01 -0.3194E-01 -0.2049E-01 -0.5529E-01  0.6194E-02  0.6005E-01  0.2083E+00
    16  0.1800E+02  0.9000E-03  0.4265E-02  0.1583E-01  0.2859E-06  0.1902E+00  0.2215E+00  0.4469E+00  0.3605E-01  0.7211E+00  0.1896E-01  0.1384E+06  0.1384E+06  0.1384E+06  0.5886E-02  0.2075E-01  0.2731E-09  0.2413E+00 -0.9572E-09  0.2046E-01 -0.3259E-01 -0.1990E-01 -0.6823E-01  0.3376E-02  0.5559E-01  0.2129E+00
    17  0.1920E+02  0.9067E-03  0.4205E-02  0.1535E-01  0.2695E-06  0.2012E+00  0.2212E+00  0.4966E+00  0.1095E+00  0.7084E+00  0.4544E-01  0.1380E+06  0.1380E+06  0.1380E+06  0.5580E-02  0.2059E-01  0.2666E-09  0.2316E+00 -0.5562E-09  0.2033E-01 -0.3157E-01 -0.2130E-01 -0.6813E-01  0.1102E-02  0.6300E-01  0.2153E+00
    18  0.2040E+02  0.9028E-03  0.4142E-02  0.1516E-01  0.2600E-06  0.2044E+00  0.2210E+00  0.5208E+00 -0.3909E-02  0.6967E+00  0.2965E-01  0.1377E+06  0.1377E+06  0.1377E+06  0.5473E-02  0.2057E-01  0.2627E-09  0.2208E+00  0.3158E-10  0.2035E-01 -0.3237E-01 -0.2014E-01 -0.4832E-01  0.6667E-02  0.5356E-01  0.2149E+00
    19  0.2160E+02  0.9019E-03  0.4102E-02  0.1492E-01  0.2483E-06  0.2078E+00  0.2209E+00  0.4770E+00 -0.5493E-01  0.6882E+00  0.4112E-01  0.1373E+06  0.1373E+06  0.1373E+06  0.6144E-02  0.2055E-01  0.2592E-09  0.2145E+00  0.4384E-09  0.2032E-01 -0.3167E-01 -0.2075E-01 -0.7227E-01  0.8674E-02  0.5621E-01  0.2123E+00
    20  0.2280E+02  0.9073E-03  0.4062E-02  0.1455E-01  0.2399E-06  0.2081E+00  0.2209E+00  0.4614E+00  0.2403E-01  0.6877E+00  0.6243E-02  0.1370E+06  0.1370E+06  0.1370E+06  0.5433E-02  0.2039E-01  0.2562E-09  0.2775E+00  0.1148E-08  0.2005E-01 -0.3255E-01 -0.2109E-01 -0.6634E-01 -0.4883E-03  0.6847E-01  0.2272E+00
    21  0.2400E+02  0.8999E-03  0.4020E-02  0.1432E-01  0.2336E-06  0.2118E+00  0.2211E+00  0.4801E+00  0.3939E-01  0.6968E+00 -0.9007E-02  0.1367E+06  0.1367E+06  0.1367E+06  0.5902E-02  0.2020E-01  0.2559E-09  0.3144E+00  0.1423E-08  0.1977E-01 -0.3198E-01 -0.2013E-01 -0.5266E-01  0.6191E-02  0.6370E-01  0.2203E+00
    22  0.2520E+02  0.9056E-03  0.4001E-02  0.1417E-01  0.2290E-06  0.2127E+00  0.2214E+00  0.4821E+00  0.1958E-01  0.7051E+00 -0.2415E-01  0.1364E+06  0.1364E+06  0.1364E+06  0.5701E-02  0.2005E-01  0.2562E-09  0.3303E+00  0.1726E-08  0.1958E-01 -0.3172E-01 -0.2102E-01 -0.6513E-01  0.8881E-02  0.6263E-01  0.2271E+00
    23  0.2640E+02  0.9045E-03  0.3967E-02  0.1396E-01  0.2236E-06  0.2104E+00  0.2217E+00  0.4847E+00  0.1900E-01  0.7175E+00  0.6456E-02  0.1361E+06  0.1361E+06  0.1361E+06  0.5508E-02  0.1988E-01  0.2562E-09  0.3789E+00  0.1577E-08  0.1927E-01 -0.3330E-01 -0.2082E-01 -0.6627E-01  0.2450E-02  0.7174E-01  0.2465E+00
    24  0.2760E+02  0.9005E-03  0.3905E-02  0.1380E-01  0.2161E-06  0.2102E+00  0.2219E+00  0.4841E+00  0.9761E-02  0.7207E+00  0.4952E-02  0.1358E+06  0.1358E+06  0.1358E+06  0.5874E-02  0.1984E-01  0.2551E-09  0.4174E+00  0.1677E-08  0.1913E-01 -0.3177E-01 -0.2064E-01 -0.5378E-01  0.7608E-02  0.6543E-01  0.2304E+00
    25  0.2880E+02  0.9076E-03  0.3866E-02  0.1361E-01  0.2093E-06  0.2056E+00  0.2221E+00  0.4812E+00 -0.2626E-02  0.7163E+00  0.8902E-02  0.1355E+06  0.1355E+06  0.1355E+06  0.5111E-02  0.1986E-01  0.2521E-09  0.4453E+00  0.1275E-08  0.1907E-01 -0.3238E-01 -0.2124E-01 -0.5665E-01  0.4556E-02  0.6874E-01  0.2406E+00
    26  0.3000E+02  0.9010E-03  0.3845E-02  0.1349E-01  0.2032E-06  0.2040E+00  0.2222E+00  0.4805E+00  0.1025E-01  0.7123E+00  0.1632E-01  0.1352E+06  0.1352E+06  0.1352E+06  0.5234E-02  0.1981E-01  0.2498E-09  0.4335E+00  0.7643E-09  0.1904E-01 -0.3331E-01 -0.2056E-01 -0.7290E-01  0.9624E-02  0.7678E-01  0.2481E+00
    27  0.3120E+02  0.9037E-03  0.3782E-02  0.1336E-01  0.1967E-06  0.2015E+00  0.2223E+00  0.4798E+00  0.1539E-01  0.7120E+00  0.1938E-01  0.1350E+06  0.1350E+06  0.1350E+06  0.5570E-02  0.1975E-01  0.2484E-09  0.4481E+00  0.5658E-09  0.1896E-01 -0.3193E-01 -0.2081E-01 -0.5240E-01 -0.4004E-05  0.6706E-01  0.2362E+00
    28  0.3240E+02  0.9061E-03  0.3754E-02  0.1328E-01  0.1912E-06  0.1944E+00  0.2222E+00  0.4820E+00  0.7738E-02  0.6999E+00  0.1152E-01  0.1348E+06  0.1348E+06  0.1348E+06  0.4462E-02  0.1977E-01  0.2456E-09  0.4213E+00  0.3723E-09  0.1907E-01 -0.3249E-01 -0.2142E-01 -0.5504E-01  0.1108E-01  0.6369E-01  0.2448E+00
    29  0.3360E+02  0.8998E-03  0.3723E-02  0.1303E-01  0.1844E-06  0.1916E+00  0.2222E+00  0.4854E+00  0.1039E-01  0.7006E+00  0.3487E-02  0.1345E+06  0.1345E+06  0.1345E+06  0.4903E-02  0.1962E-01  0.2433E-09  0.4446E+00  0.2184E-09  0.1887E-01 -0.3328E-01 -0.2021E-01 -0.6971E-01  0.4330E-02  0.7587E-01  0.2496E+00
    30  0.3480E+02  0.9068E-03  0.3680E-02  0.1298E-01  0.1794E-06  0.1839E+00  0.2220E+00  0.4783E+00  0.1155E-02  0.7012E+00  0.7094E-02  0.1343E+06  0.1343E+06  0.1343E+06  0.4941E-02  0.1947E-01  0.2432E-09  0.4132E+00 -0.1413E-09  0.1881E-01 -0.3190E-01 -0.2136E-01 -0.5700E-01  0.7298E-03  0.6442E-01  0.2452E+00
    31  0.3600E+02  0.9026E-03  0.3648E-02  0.1284E-01  0.1736E-06  0.1813E+00  0.2217E+00  0.4742E+00  0.1460E-01  0.6937E+00  0.4558E-02  0.1341E+06  0.1341E+06  0.1341E+06  0.3799E-02  0.1933E-01  0.2408E-09  0.3730E+00 -0.1172E-09  0.1880E-01 -0.3265E-01 -0.2104E-01 -0.5272E-01  0.8955E-02  0.5769E-01  0.2526E+00
    32  0.3720E+02  0.9020E-03  0.3621E-02  0.1256E-01  0.1663E-06  0.1702E+00  0.2215E+00  0.4880E+00  0.1301E-01  0.6950E+00  0.6706E-02  0.1338E+06  0.1338E+06  0.1338E+06  0.4583E-02  0.1909E-01  0.2386E-09  0.3717E+00 -0.3544E-09  0.1856E-01 -0.3275E-01 -0.2040E-01 -0.7315E-01  0.2685E-03  0.7374E-01  0.2572E+00
    33  0.3840E+02  0.9071E-03  0.3575E-02  0.1233E-01  0.1600E-06  0.1629E+00  0.2211E+00  0.4804E+00 -0.1935E-01  0.6963E+00  0.5429E-02  0.1336E+06  0.1336E+06  0.1336E+06  0.3879E-02  0.1887E-01  0.2368E-09  0.3677E+00 -0.2708E-09  0.1836E-01 -0.3217E-01 -0.2187E-01 -0.5550E-01  0.8023E-02  0.6102E-01  0.2650E+00
    34  0.3960E+02  0.9001E-03  0.3535E-02  0.1221E-01  0.1544E-06  0.1573E+00  0.2209E+00  0.4636E+00 -0.5475E-02  0.6980E+00  0.2245E-02  0.1334E+06  0.1334E+06  0.1334E+06  0.3437E-02  0.1871E-01  0.2361E-09  0.3558E+00 -0.9297E-10  0.1823E-01 -0.3231E-01 -0.2022E-01 -0.5770E-01  0.1375E-02  0.6278E-01  0.2585E+00
    35  0.4080E+02  0.9055E-03  0.3510E-02  0.1201E-01  0.1490E-06  0.1459E+00  0.2207E+00  0.4695E+00  0.3954E-01  0.6975E+00  0.1403E-01  0.1332E+06  0.1332E+06  0.1332E+06  0.3785E-02  0.1854E-01  0.2342E-09  0.3561E+00  0.1121E-09  0.1808E-01 -0.3255E-01 -0.2145E-01 -0.7095E-01  0.7863E-02  0.6718E-01  0.2753E+00
    36  0.4200E+02  0.9044E-03  0.3469E-02  0.1193E-01  0.1453E-06  0.1371E+00  0.2206E+00  0.4892E+00  0.2450E-01  0.6908E+00  0.2872E-01  0.1330E+06  0.1330E+06  0.1330E+06  0.2875E-02  0.1854E-01  0.2324E-09  0.3429E+00  0.1228E-09  0.1810E-01 -0.3231E-01 -0.2122E-01 -0.5574E-01  0.3978E-03  0.6238E-01  0.2701E+00
    37  0.4320E+02  0.9007E-03  0.3442E-02  0.1184E-01  0.1416E-06  0.1253E+00  0.2206E+00  0.4820E+00 -0.2141E-01  0.6822E+00  0.1667E-01  0.1328E+06  0.1328E+06  0.1328E+06  0.3006E-02  0.1856E-01  0.2302E-09  0.3358E+00  0.6576E-09  0.1814E-01 -0.3209E-01 -0.2055E-01 -0.5737E-01  0.6173E-02  0.5810E-01  0.2612E+00
    38  0.4440E+02  0.9072E-03  0.3418E-02  0.1158E-01  0.1364E-06  0.1178E+00  0.2206E+00  0.4686E+00 -0.5604E-02  0.6747E+00  0.2165E-01  0.1326E+06  0.1326E+06  0.1326E+06  0.2556E-02  0.1852E-01  0.2264E-09  0.3660E+00  0.5696E-09  0.1804E-01 -0.3276E-01 -0.2164E-01 -0.7160E-01  0.5904E-02  0.6502E-01  0.2790E+00
    39  0.4560E+02  0.9012E-03  0.3368E-02  0.1137E-01  0.1313E-06  0.1094E+00  0.2207E+00  0.4724E+00  0.1631E-01  0.6714E+00  0.1452E-01  0.1324E+06  0.1324E+06  0.1324E+06  0.2475E-02  0.1844E-01  0.2237E-09  0.3840E+00  0.5568E-09  0.1793E-01 -0.3246E-01 -0.2062E-01 -0.5329E-01 -0.2541E-02  0.6312E-01  0.2705E+00
    40  0.4680E+02  0.9037E-03  0.3339E-02  0.1120E-01  0.1273E-06  0.1003E+00  0.2210E+00  0.4770E+00  0.5017E-02  0.6763E+00  0.1731E-02  0.1322E+06  0.1322E+06  0.1322E+06  0.2267E-02  0.1832E-01  0.2227E-09  0.4051E+00  0.7733E-09  0.1774E-01 -0.3211E-01 -0.2134E-01 -0.5390E-01  0.6600E-02  0.6212E-01  0.2755E+00
    41  0.4800E+02  0.9057E-03  0.3321E-02  0.1101E-01  0.1241E-06  0.8844E-01  0.2212E+00  0.4797E+00  0.8184E-02  0.6810E+00  0.1084E-02  0.1320E+06  0.1320E+06  0.1320E+06  0.1627E-02  0.1821E-01  0.2214E-09  0.4396E+00  0.6928E-09  0.1754E-01 -0.3318E-01 -0.2124E-01 -0.6851E-01  0.1498E-02  0.7000E-01  0.2922E+00
    42  0.4920E+02  0.9002E-03  0.3294E-02  0.1095E-01  0.1214E-06  0.7857E-01  0.2213E+00  0.4817E+00 -0.1916E-03  0.6829E+00  0.2088E-02  0.1318E+06  0.1318E+06  0.1318E+06  0.1908E-02  0.1810E-01  0.2209E-09  0.4252E+00  0.5386E-09  0.1747E-01 -0.3255E-01 -0.2070E-01 -0.5963E-01  0.8373E-02  0.6308E-01  0.2832E+00
    43  0.5040E+02  0.9064E-03  0.3256E-02  0.1081E-01  0.1177E-06  0.7179E-01  0.2215E+00  0.4762E+00 -0.1274E-01  0.6842E+00  0.5035E-02  0.1316E+06  0.1316E+06  0.1316E+06  0.1483E-02  0.1802E-01  0.2196E-09  0.4439E+00  0.4485E-09  0.1735E-01 -0.3242E-01 -0.2147E-01 -0.4955E-01 -0.1647E-02  0.6159E-01  0.2900E+00
    44  0.5160E+02  0.9026E-03  0.3243E-02  0.1066E-01  0.1147E-06  0.5916E-01  0.2215E+00  0.4723E+00  0.2402E-02  0.6872E+00  0.6854E-03  0.1314E+06  0.1314E+06  0.1314E+06  0.9530E-03  0.1789E-01  0.2185E-09  0.4554E+00  0.5386E-09  0.1719E-01 -0.3307E-01 -0.2113E-01 -0.6791E-01  0.2987E-02  0.7203E-01  0.3009E+00
    45  0.5280E+02  0.9022E-03  0.3211E-02  0.1058E-01  0.1117E-06  0.5204E-01  0.2214E+00  0.4786E+00  0.1399E-01  0.6868E+00  0.1783E-01  0.1312E+06  0.1312E+06  0.1312E+06  0.1253E-02  0.1779E-01  0.2176E-09  0.4428E+00  0.1942E-09  0.1714E-01 -0.3275E-01 -0.2080E-01 -0.6097E-01  0.4807E-02  0.6774E-01  0.2966E+00
    46  0.5400E+02  0.9065E-03  0.3181E-02  0.1054E-01  0.1093E-06  0.4154E-01  0.2213E+00  0.4813E+00 -0.6464E-02  0.6828E+00  0.7328E-02  0.1311E+06  0.1311E+06  0.1311E+06  0.8020E-03  0.1775E-01  0.2167E-09  0.4266E+00  0.2042E-09  0.1715E-01 -0.3239E-01 -0.2157E-01 -0.4708E-01  0.2397E-02  0.5790E-01  0.2982E+00
    47  0.5520E+02  0.9006E-03  0.3168E-02  0.1040E-01  0.1061E-06  0.3065E-01  0.2211E+00  0.4746E+00 -0.1631E-01  0.6785E+00  0.1611E-01  0.1310E+06  0.1310E+06  0.1310E+06  0.2368E-03  0.1767E-01  0.2146E-09  0.4255E+00  0.1684E-09  0.1707E-01 -0.3298E-01 -0.2088E-01 -0.7086E-01  0.3201E-02  0.7250E-01  0.3039E+00
    48  0.5640E+02  0.9051E-03  0.3140E-02  0.1029E-01  0.1034E-06  0.2019E-01  0.2209E+00  0.4682E+00  0.1130E-01  0.6754E+00  0.1369E-01  0.1309E+06  0.1309E+06  0.1309E+06  0.7067E-03  0.1756E-01  0.2132E-09  0.4047E+00  0.1689E-09  0.1702E-01 -0.3286E-01 -0.2107E-01 -0.5997E-01 -0.1382E-02  0.6454E-01  0.3062E+00
    49  0.5760E+02  0.9042E-03  0.3108E-02  0.1019E-01  0.1006E-06  0.1074E-01  0.2207E+00  0.4795E+00  0.1449E-01  0.6736E+00  0.1202E-01  0.1307E+06  0.1307E+06  0.1307E+06 -0.9226E-04  0.1750E-01  0.2120E-09  0.4158E+00  0.2935E-09  0.1694E-01 -0.3202E-01 -0.2154E-01 -0.4642E-01  0.7423E-02  0.5726E-01  0.3002E+00
    50  0.5880E+02  0.9012E-03  0.3097E-02  0.1013E-01  0.9800E-07  0.5915E-02  0.2205E+00  0.4794E+00 -0.1935E-01  0.6659E+00  0.3752E-02  0.1305E+06  0.1305E+06  0.1305E+06 -0.1738E-03  0.1743E-01  0.2104E-09  0.3587E+00  0.3878E-09  0.1698E-01 -0.3300E-01 -0.2061E-01 -0.7120E-01 -0.9687E-03  0.7273E-01  0.3085E+00
    51  0.6000E+02  0.9064E-03  0.3065E-02  0.9909E-02  0.9496E-07 -0.4883E-02  0.2203E+00  0.4674E+00 -0.8835E-02  0.6719E+00  0.1807E-02  0.1303E+06  0.1303E+06  0.1303E+06  0.1811E-03  0.1724E-01  0.2091E-09  0.4111E+00  0.3364E-09  0.1671E-01 -0.3273E-01 -0.2152E-01 -0.5766E-01  0.6376E-02  0.6073E-01  0.3174E+00
    52  0.6120E+02  0.9016E-03  0.3037E-02  0.9839E-02  0.9256E-07 -0.1364E-01  0.2202E+00  0.4698E+00  0.6659E-02  0.6772E+00 -0.8696E-03  0.1302E+06  0.1302E+06  0.1302E+06 -0.7659E-03  0.1713E-01  0.2092E-09  0.4151E+00  0.1692E-09  0.1658E-01 -0.3186E-01 -0.2108E-01 -0.5253E-01 -0.1895E-02  0.6312E-01  0.3065E+00
    53  0.6240E+02  0.9036E-03  0.3020E-02  0.9697E-02  0.9018E-07 -0.2436E-01  0.2202E+00  0.4774E+00  0.1178E-02  0.6798E+00  0.8412E-02  0.1300E+06  0.1300E+06  0.1300E+06 -0.5359E-03  0.1699E-01  0.2081E-09  0.4271E+00  0.3075E-09  0.1642E-01 -0.3323E-01 -0.2100E-01 -0.6292E-01  0.6308E-02  0.6772E-01  0.3298E+00
    54  0.6360E+02  0.9053E-03  0.3002E-02  0.9598E-02  0.8786E-07 -0.2872E-01  0.2201E+00  0.4782E+00 -0.5119E-02  0.6741E+00  0.1073E-01  0.1299E+06  0.1299E+06  0.1299E+06 -0.6225E-03  0.1694E-01  0.2062E-09  0.4157E+00  0.4004E-09  0.1641E-01 -0.3233E-01 -0.2146E-01 -0.6505E-01  0.6310E-02  0.6303E-01  0.3226E+00
    55  0.6480E+02  0.9009E-03  0.2968E-02  0.9519E-02  0.8563E-07 -0.3785E-01  0.2202E+00  0.4734E+00 -0.7495E-02  0.6714E+00  0.1500E-01  0.1298E+06  0.1298E+06  0.1298E+06 -0.1046E-02  0.1689E-01  0.2049E-09  0.4133E+00  0.4122E-09  0.1638E-01 -0.3243E-01 -0.2082E-01 -0.4845E-01 -0.4950E-02  0.5758E-01  0.3198E+00
    56  0.6600E+02  0.9056E-03  0.2961E-02  0.9393E-02  0.8371E-07 -0.4437E-01  0.2203E+00  0.4738E+00 -0.1085E-01  0.6717E+00  0.1847E-01  0.1296E+06  0.1296E+06  0.1296E+06 -0.9071E-03  0.1681E-01  0.2036E-09  0.4259E+00  0.4625E-09  0.1627E-01 -0.3299E-01 -0.2149E-01 -0.6423E-01  0.4095E-02  0.6959E-01  0.3378E+00
    57  0.6720E+02  0.9029E-03  0.2935E-02  0.9297E-02  0.8144E-07 -0.4928E-01  0.2204E+00  0.4714E+00  0.6409E-03  0.6666E+00  0.8813E-02  0.1295E+06  0.1295E+06  0.1295E+06 -0.1321E-02  0.1677E-01  0.2017E-09  0.4112E+00  0.4360E-09  0.1625E-01 -0.3251E-01 -0.2102E-01 -0.6317E-01  0.4933E-02  0.6504E-01  0.3287E+00
    58  0.6840E+02  0.9023E-03  0.2906E-02  0.9195E-02  0.7929E-07 -0.5565E-01  0.2206E+00  0.4754E+00  0.7311E-02  0.6698E+00  0.1484E-01  0.1293E+06  0.1293E+06  0.1293E+06 -0.1090E-02  0.1669E-01  0.2009E-09  0.4376E+00  0.4698E-09  0.1613E-01 -0.3279E-01 -0.2096E-01 -0.5199E-01  0.2098E-02  0.5882E-01  0.3347E+00
    59  0.6960E+02  0.9057E-03  0.2893E-02  0.9085E-02  0.7768E-07 -0.6248E-01  0.2207E+00  0.4831E+00 -0.8222E-02  0.6677E+00  0.1195E-01  0.1292E+06  0.1292E+06  0.1292E+06 -0.1404E-02  0.1663E-01  0.1993E-09  0.4445E+00  0.3605E-09  0.1607E-01 -0.3275E-01 -0.2151E-01 -0.5738E-01 -0.1298E-02  0.6611E-01  0.3423E+00
    60  0.7080E+02  0.9013E-03  0.2874E-02  0.8952E-02  0.7537E-07 -0.6853E-01  0.2208E+00  0.4773E+00 -0.1618E-01  0.6638E+00  0.7705E-02  0.1291E+06  0.1291E+06  0.1291E+06 -0.1659E-02  0.1656E-01  0.1972E-09  0.4399E+00  0.2825E-09  0.1600E-01 -0.3292E-01 -0.2089E-01 -0.6493E-01  0.3040E-02  0.6682E-01  0.3425E+00
    61  0.7200E+02  0.9045E-03  0.2860E-02  0.8941E-02  0.7436E-07 -0.6838E-01  0.2208E+00  0.4704E+00 -0.5445E-02  0.6667E+00  0.6029E-02  0.1289E+06  0.1289E+06  0.1289E+06 -0.1246E-02  0.1646E-01  0.1975E-09  0.4114E+00  0.3870E-09  0.1596E-01 -0.3294E-01 -0.2105E-01 -0.5520E-01  0.6697E-02  0.5817E-01  0.3474E+00
    62  0.7320E+02  0.9041E-03  0.2839E-02  0.8806E-02  0.7253E-07 -0.7556E-01  0.2208E+00  0.4764E+00  0.5670E-02  0.6694E+00  0.1814E-02  0.1287E+06  0.1287E+06  0.1287E+06 -0.1677E-02  0.1634E-01  0.1964E-09  0.4407E+00  0.2727E-09  0.1580E-01 -0.3245E-01 -0.2138E-01 -0.5388E-01 -0.2951E-02  0.6490E-01  0.3485E+00
    63  0.7440E+02  0.9017E-03  0.2830E-02  0.8737E-02  0.7103E-07 -0.7975E-01  0.2207E+00  0.4820E+00 -0.4612E-02  0.6697E+00  0.1339E-01  0.1286E+06  0.1286E+06  0.1286E+06 -0.1869E-02  0.1624E-01  0.1957E-09  0.4233E+00  0.2486E-09  0.1573E-01 -0.3321E-01 -0.2099E-01 -0.6797E-01  0.2225E-02  0.6949E-01  0.3609E+00
    64  0.7560E+02  0.9055E-03  0.2802E-02  0.8680E-02  0.6942E-07 -0.8070E-01  0.2205E+00  0.4735E+00 -0.1573E-01  0.6662E+00  0.1801E-01  0.1285E+06  0.1285E+06  0.1285E+06 -0.1469E-02  0.1620E-01  0.1947E-09  0.4154E+00  0.1089E-09  0.1572E-01 -0.3280E-01 -0.2104E-01 -0.5210E-01  0.6118E-02  0.5789E-01  0.3552E+00
    65  0.7680E+02  0.9023E-03  0.2781E-02  0.8583E-02  0.6741E-07 -0.8472E-01  0.2203E+00  0.4711E+00 -0.1104E-02  0.6605E+00  0.1460E-01  0.1283E+06  0.1283E+06  0.1283E+06 -0.1887E-02  0.1616E-01  0.1929E-09  0.4180E+00  0.1564E-09  0.1568E-01 -0.3227E-01 -0.2129E-01 -0.5711E-01  0.2226E-02  0.6260E-01  0.3512E+00
    66  0.7800E+02  0.9034E-03  0.2773E-02  0.8469E-02  0.6587E-07 -0.8649E-01  0.2201E+00  0.4768E+00  0.7256E-02  0.6579E+00  0.1244E-01  0.1282E+06  0.1282E+06  0.1282E+06 -0.1871E-02  0.1604E-01  0.1913E-09  0.4018E+00  0.1649E-09  0.1560E-01 -0.3339E-01 -0.2103E-01 -0.6609E-01 -0.7906E-03  0.6950E-01  0.3712E+00
    67  0.7920E+02  0.9049E-03  0.2748E-02  0.8379E-02  0.6433E-07 -0.8825E-01  0.2199E+00  0.4791E+00 -0.6051E-02  0.6586E+00  0.2346E-02  0.1280E+06  0.1280E+06  0.1280E+06 -0.1569E-02  0.1594E-01  0.1906E-09  0.4058E+00  0.4533E-09  0.1550E-01 -0.3229E-01 -0.2110E-01 -0.5472E-01  0.6738E-02  0.5890E-01  0.3578E+00
    68  0.8040E+02  0.9017E-03  0.2735E-02  0.8316E-02  0.6306E-07 -0.8816E-01  0.2198E+00  0.4733E+00 -0.1497E-01  0.6624E+00 -0.5048E-02  0.1279E+06  0.1279E+06  0.1279E+06 -0.2047E-02  0.1581E-01  0.1905E-09  0.3949E+00  0.5903E-09  0.1539E-01 -0.3258E-01 -0.2119E-01 -0.5659E-01 -0.8024E-03  0.6282E-01  0.3686E+00
    69  0.8160E+02  0.9048E-03  0.2722E-02  0.8217E-02  0.6173E-07 -0.9111E-01  0.2197E+00  0.4722E+00 -0.2333E-02  0.6712E+00  0.1216E-01  0.1277E+06  0.1277E+06  0.1277E+06 -0.1746E-02  0.1565E-01  0.1906E-09  0.4128E+00  0.3518E-09  0.1519E-01 -0.3320E-01 -0.2111E-01 -0.6433E-01  0.3691E-02  0.6675E-01  0.3856E+00
    70  0.8280E+02  0.9033E-03  0.2702E-02  0.8098E-02  0.6020E-07 -0.8963E-01  0.2197E+00  0.4769E+00  0.3436E-02  0.6691E+00  0.1914E-01  0.1276E+06  0.1276E+06  0.1276E+06 -0.1744E-02  0.1558E-01  0.1890E-09  0.4200E+00  0.4279E-09  0.1511E-01 -0.3211E-01 -0.2103E-01 -0.5359E-01  0.7485E-02  0.5725E-01  0.3697E+00
    71  0.8400E+02  0.9025E-03  0.2690E-02  0.8061E-02  0.5922E-07 -0.9064E-01  0.2197E+00  0.4770E+00 -0.1279E-01  0.6626E+00  0.1774E-01  0.1274E+06  0.1274E+06  0.1274E+06 -0.1940E-02  0.1561E-01  0.1877E-09  0.4136E+00  0.6502E-09  0.1515E-01 -0.3299E-01 -0.2115E-01 -0.5935E-01 -0.5506E-02  0.6723E-01  0.3852E+00
    72  0.8520E+02  0.9050E-03  0.2680E-02  0.7964E-02  0.5805E-07 -0.9177E-01  0.2198E+00  0.4713E+00 -0.1115E-01  0.6580E+00  0.2157E-01  0.1273E+06  0.1273E+06  0.1273E+06 -0.1733E-02  0.1557E-01  0.1859E-09  0.4129E+00  0.7521E-09  0.1511E-01 -0.3288E-01 -0.2122E-01 -0.6373E-01  0.6069E-02  0.6550E-01  0.3854E+00
    73  0.8640E+02  0.9022E-03  0.2647E-02  0.7904E-02  0.5645E-07 -0.8848E-01  0.2200E+00  0.4722E+00  0.6006E-02  0.6557E+00  0.7508E-02  0.1272E+06  0.1272E+06  0.1272E+06 -0.1831E-02  0.1557E-01  0.1849E-09  0.4295E+00  0.9961E-09  0.1509E-01 -0.3233E-01 -0.2087E-01 -0.5299E-01  0.5512E-02  0.5815E-01  0.3731E+00
    74  0.8760E+02  0.9038E-03  0.2632E-02  0.7824E-02  0.5519E-07 -0.8608E-01  0.2201E+00  0.4793E+00  0.1265E-02  0.6566E+00  0.7845E-02  0.1271E+06  0.1271E+06  0.1271E+06 -0.1631E-02  0.1552E-01  0.1838E-09  0.4500E+00  0.5322E-09  0.1501E-01 -0.3332E-01 -0.2130E-01 -0.5975E-01 -0.8043E-03  0.6780E-01  0.3973E+00
    75  0.8880E+02  0.9041E-03  0.2617E-02  0.7700E-02  0.5394E-07 -0.8434E-01  0.2203E+00  0.4818E+00 -0.1032E-01  0.6595E+00  0.1124E-01  0.1269E+06  0.1269E+06  0.1269E+06 -0.1664E-02  0.1541E-01  0.1826E-09  0.4673E+00  0.3988E-09  0.1486E-01 -0.3258E-01 -0.2107E-01 -0.5981E-01  0.8764E-03  0.6711E-01  0.3881E+00
    76  0.9000E+02  0.9021E-03  0.2607E-02  0.7641E-02  0.5295E-07 -0.8209E-01  0.2204E+00  0.4758E+00 -0.1346E-01  0.6571E+00  0.1478E-01  0.1268E+06  0.1268E+06  0.1268E+06 -0.1660E-02  0.1534E-01  0.1815E-09  0.4367E+00  0.1893E-09  0.1484E-01 -0.3298E-01 -0.2097E-01 -0.5565E-01  0.6209E-02  0.6203E-01  0.3974E+00
    77  0.9120E+02  0.9046E-03  0.2586E-02  0.7545E-02  0.5147E-07 -0.7677E-01  0.2204E+00  0.4730E+00 -0.4526E-02  0.6590E+00  0.3941E-02  0.1266E+06  0.1266E+06  0.1266E+06 -0.1385E-02  0.1525E-01  0.1806E-09  0.4554E+00  0.4293E-09  0.1472E-01 -0.3321E-01 -0.2129E-01 -0.5563E-01  0.6740E-02  0.6192E-01  0.4098E+00
    78  0.9240E+02  0.9030E-03  0.2572E-02  0.7431E-02  0.5026E-07 -0.7549E-01  0.2205E+00  0.4783E+00  0.7184E-02  0.6585E+00  0.1530E-01  0.1265E+06  0.1265E+06  0.1265E+06 -0.1513E-02  0.1516E-01  0.1791E-09  0.4685E+00  0.5828E-10  0.1462E-01 -0.3258E-01 -0.2099E-01 -0.6122E-01 -0.5793E-02  0.7060E-01  0.4012E+00
    79  0.9360E+02  0.9030E-03  0.2556E-02  0.7368E-02  0.4915E-07 -0.7102E-01  0.2204E+00  0.4817E+00 -0.3602E-02  0.6583E+00  0.1178E-01  0.1264E+06  0.1264E+06  0.1264E+06 -0.1444E-02  0.1508E-01  0.1784E-09  0.4629E+00  0.1699E-09  0.1456E-01 -0.3343E-01 -0.2119E-01 -0.5629E-01  0.1114E-01  0.6108E-01  0.4215E+00
    80  0.9480E+02  0.9045E-03  0.2550E-02  0.7327E-02  0.4847E-07 -0.6712E-01  0.2203E+00  0.4776E+00 -0.1202E-01  0.6559E+00  0.1440E-01  0.1263E+06  0.1263E+06  0.1263E+06 -0.1158E-02  0.1502E-01  0.1776E-09  0.4443E+00  0.1237E-09  0.1454E-01 -0.3257E-01 -0.2088E-01 -0.5884E-01  0.3461E-02  0.6426E-01  0.4058E+00
    81  0.9600E+02  0.9024E-03  0.2540E-02  0.7246E-02  0.4743E-07 -0.6518E-01  0.2202E+00  0.4724E+00 -0.2781E-02  0.6486E+00  0.2140E-01  0.1261E+06  0.1261E+06  0.1261E+06 -0.1374E-02  0.1497E-01  0.1757E-09  0.4176E+00 -0.5939E-10  0.1454E-01 -0.3295E-01 -0.2125E-01 -0.6078E-01 -0.4356E-03  0.6536E-01  0.4191E+00
    82  0.9720E+02  0.9039E-03  0.2534E-02  0.7234E-02  0.4694E-07 -0.6037E-01  0.2199E+00  0.4741E+00  0.5363E-02  0.6441E+00  0.1547E-01  0.1259E+06  0.1259E+06  0.1259E+06 -0.1197E-02  0.1494E-01  0.1751E-09  0.3788E+00  0.1807E-09  0.1456E-01 -0.3324E-01 -0.2107E-01 -0.5779E-01  0.3654E-02  0.6106E-01  0.4228E+00
    83  0.9840E+02  0.9038E-03  0.2517E-02  0.7101E-02  0.4570E-07 -0.5620E-01  0.2198E+00  0.4807E+00  0.2679E-02  0.6412E+00  0.9260E-02  0.1258E+06  0.1258E+06  0.1258E+06 -0.1019E-02  0.1487E-01  0.1731E-09  0.4057E+00  0.2671E-09  0.1446E-01 -0.3221E-01 -0.2084E-01 -0.5602E-01  0.6651E-02  0.5859E-01  0.4049E+00
    84  0.9960E+02  0.9025E-03  0.2511E-02  0.7050E-02  0.4500E-07 -0.5223E-01  0.2197E+00  0.4794E+00 -0.8097E-02  0.6422E+00  0.3027E-03  0.1257E+06  0.1257E+06  0.1257E+06 -0.1161E-02  0.1478E-01  0.1728E-09  0.3911E+00  0.4789E-09  0.1438E-01 -0.3332E-01 -0.2138E-01 -0.6243E-01  0.3870E-03  0.6429E-01  0.4363E+00
    85  0.1008E+03  0.9044E-03  0.2496E-02  0.6976E-02  0.4420E-07 -0.4951E-01  0.2195E+00  0.4736E+00 -0.8735E-02  0.6507E+00  0.1721E-02  0.1255E+06  0.1255E+06  0.1255E+06 -0.8580E-03  0.1464E-01  0.1731E-09  0.4158E+00  0.4271E-09  0.1421E-01 -0.3274E-01 -0.2091E-01 -0.5812E-01  0.4416E-02  0.6113E-01  0.4275E+00
    86  0.1020E+03  0.9030E-03  0.2488E-02  0.6898E-02  0.4351E-07 -0.4409E-01  0.2195E+00  0.4732E+00  0.2698E-02  0.6519E+00  0.6516E-02  0.1254E+06  0.1254E+06  0.1254E+06 -0.9234E-03  0.1457E-01  0.1723E-09  0.4286E+00  0.4684E-09  0.1412E-01 -0.3233E-01 -0.2100E-01 -0.5483E-01  0.7361E-02  0.5827E-01  0.4245E+00
    87  0.1032E+03  0.9032E-03  0.2480E-02  0.6840E-02  0.4277E-07 -0.4142E-01  0.2195E+00  0.4784E+00  0.3860E-02  0.6542E+00  0.4210E-02  0.1253E+06  0.1253E+06  0.1253E+06 -0.8808E-03  0.1448E-01  0.1719E-09  0.4287E+00  0.6982E-09  0.1403E-01 -0.3353E-01 -0.2132E-01 -0.6460E-01 -0.3771E-02  0.7063E-01  0.4573E+00
    88  0.1044E+03  0.9042E-03  0.2468E-02  0.6768E-02  0.4211E-07 -0.3849E-01  0.2195E+00  0.4772E+00 -0.9353E-02  0.6546E+00  0.9912E-02  0.1252E+06  0.1252E+06  0.1252E+06 -0.6494E-03  0.1441E-01  0.1710E-09  0.4341E+00  0.6750E-09  0.1395E-01 -0.3230E-01 -0.2090E-01 -0.5459E-01  0.8855E-02  0.6049E-01  0.4322E+00
    89  0.1056E+03  0.9025E-03  0.2456E-02  0.6739E-02  0.4127E-07 -0.3261E-01  0.2196E+00  0.4721E+00 -0.2770E-02  0.6532E+00  0.6107E-02  0.1250E+06  0.1250E+06  0.1250E+06 -0.8015E-03  0.1438E-01  0.1705E-09  0.4258E+00  0.7268E-09  0.1394E-01 -0.3282E-01 -0.2113E-01 -0.5835E-01  0.6545E-02  0.6088E-01  0.4468E+00
    90  0.1068E+03  0.9039E-03  0.2445E-02  0.6654E-02  0.4057E-07 -0.3065E-01  0.2197E+00  0.4765E+00  0.6643E-02  0.6544E+00  0.1035E-01  0.1249E+06  0.1249E+06  0.1249E+06 -0.5300E-03  0.1430E-01  0.1695E-09  0.4326E+00  0.7971E-09  0.1385E-01 -0.3334E-01 -0.2124E-01 -0.6079E-01 -0.3503E-02  0.7000E-01  0.4644E+00
    91  0.1080E+03  0.9036E-03  0.2441E-02  0.6589E-02  0.4014E-07 -0.2636E-01  0.2199E+00  0.4792E+00 -0.6361E-02  0.6566E+00  0.8745E-02  0.1248E+06  0.1248E+06  0.1248E+06 -0.6116E-03  0.1427E-01  0.1689E-09  0.4525E+00  0.9069E-09  0.1376E-01 -0.3226E-01 -0.2086E-01 -0.5837E-01  0.8451E-02  0.6437E-01  0.4413E+00
    92  0.1092E+03  0.9026E-03  0.2431E-02  0.6565E-02  0.3972E-07 -0.2411E-01  0.2200E+00  0.4738E+00 -0.4064E-02  0.6563E+00  0.2203E-01  0.1247E+06  0.1247E+06  0.1247E+06 -0.5234E-03  0.1426E-01  0.1684E-09  0.4623E+00  0.6340E-09  0.1375E-01 -0.3350E-01 -0.2125E-01 -0.5606E-01  0.5314E-02  0.6495E-01  0.4709E+00
    93  0.1104E+03  0.9043E-03  0.2425E-02  0.6495E-02  0.3906E-07 -0.2003E-01  0.2201E+00  0.4758E+00  0.4284E-03  0.6512E+00  0.1330E-01  0.1245E+06  0.1245E+06  0.1245E+06 -0.4060E-03  0.1426E-01  0.1669E-09  0.4678E+00  0.7455E-09  0.1373E-01 -0.3280E-01 -0.2104E-01 -0.6103E-01  0.4614E-02  0.6990E-01  0.4558E+00
    94  0.1116E+03  0.9029E-03  0.2408E-02  0.6412E-02  0.3828E-07 -0.1798E-01  0.2202E+00  0.4784E+00  0.1808E-02  0.6498E+00  0.2070E-01  0.1244E+06  0.1244E+06  0.1244E+06 -0.4512E-03  0.1423E-01  0.1655E-09  0.4907E+00  0.3610E-09  0.1366E-01 -0.3286E-01 -0.2099E-01 -0.5602E-01 -0.5828E-03  0.6841E-01  0.4581E+00
    95  0.1128E+03  0.9032E-03  0.2410E-02  0.6389E-02  0.3789E-07 -0.1086E-01  0.2201E+00  0.4772E+00 -0.8025E-02  0.6440E+00  0.1044E-01  0.1243E+06  0.1243E+06  0.1243E+06 -0.3044E-03  0.1420E-01  0.1644E-09  0.4485E+00  0.2547E-09  0.1370E-01 -0.3346E-01 -0.2134E-01 -0.5823E-01  0.1046E-01  0.6365E-01  0.4757E+00
    96  0.1140E+03  0.9041E-03  0.2394E-02  0.6310E-02  0.3706E-07 -0.7911E-02  0.2201E+00  0.4765E+00 -0.1389E-03  0.6461E+00  0.5660E-02  0.1241E+06  0.1241E+06  0.1241E+06 -0.1967E-03  0.1411E-01  0.1637E-09  0.4776E+00  0.1464E-09  0.1359E-01 -0.3255E-01 -0.2072E-01 -0.6029E-01  0.3381E-02  0.6761E-01  0.4556E+00
