 #NTuple/Z0                                                                      
 output from Ecalc9f version   2.09
  settings: 
    particle type:            2
    pzmin/pzmax:    0.0000000000000000      /   100.00000000000000     
    transverse cuts:    0.0000000000000000        0.0000000000000000     
    longitudinal cut:    0.0000000000000000     
    RF frequency (MHz):    704.00000000000000     
    sigma cut:    4.0000000000000000     
    subtract out amplitude correlation
    wrnew9 =  F

regn #   Z           Bz          eperp       elong       e6D         Ldim        Pzavg       beta        alpha       betaL       alphaL      n0          n1          n2          Lcan(eVs)   sigmaE      sigmaT      corrE       corrT       sigmaE_c    xavg        yavg        Dx          Dy          Dr          Dr2
     1  0.0000E+00  0.3219E-02  0.1896E-03  0.1717E-02  0.6105E-10  0.3322E+00  0.1999E+00  0.3194E-01  0.2437E-01  0.4320E+00 -0.1947E-01  0.1766E+05  0.1766E+05  0.1766E+05  0.4439E-03  0.8129E-02  0.7472E-10  0.1215E+01  0.3340E-08  0.8101E-02 -0.9848E-03 -0.1672E-02 -0.8058E-02 -0.1024E-03  0.4036E-02  0.2958E-02
     2  0.6318E+00  0.3241E-02  0.1882E-03  0.1721E-02  0.6018E-10  0.3256E+00  0.2002E+00  0.2464E-01  0.8598E-01  0.4548E+00 -0.1309E+00  0.1754E+05  0.1754E+05  0.1754E+05  0.4305E-03  0.7994E-02  0.7677E-10  0.9075E+00  0.7627E-08  0.7978E-02 -0.1033E-02 -0.1678E-02 -0.7534E-02  0.9458E-04  0.4885E-02  0.3167E-02
     3  0.1264E+01  0.3210E-02  0.1875E-03  0.1716E-02  0.6015E-10  0.3205E+00  0.2007E+00  0.2701E-01 -0.1879E-01  0.5067E+00 -0.2019E+00  0.1741E+05  0.1741E+05  0.1741E+05  0.4136E-03  0.7671E-02  0.8091E-10  0.1010E+01  0.1184E-07  0.7651E-02 -0.1075E-02 -0.1715E-02 -0.6592E-02  0.4707E-05  0.1999E-02  0.3616E-02
     4  0.1895E+01  0.3215E-02  0.1850E-03  0.1719E-02  0.5878E-10  0.3228E+00  0.2011E+00  0.2775E-01  0.2834E-01  0.5705E+00 -0.2147E+00  0.1734E+05  0.1734E+05  0.1734E+05  0.4098E-03  0.7284E-02  0.8583E-10  0.1417E+01  0.1375E-07  0.7244E-02 -0.1044E-02 -0.1680E-02 -0.7192E-02  0.3021E-03  0.4864E-02  0.3859E-02
     5  0.2527E+01  0.3231E-02  0.1828E-03  0.1725E-02  0.5790E-10  0.3224E+00  0.2014E+00  0.2720E-01  0.3791E-01  0.6253E+00 -0.1726E+00  0.1727E+05  0.1727E+05  0.1727E+05  0.4154E-03  0.6932E-02  0.9017E-10  0.1532E+01  0.1881E-07  0.6884E-02 -0.1053E-02 -0.1679E-02 -0.7194E-02 -0.3524E-03  0.4442E-02  0.4284E-02
     6  0.3159E+01  0.3214E-02  0.1815E-03  0.1729E-02  0.5747E-10  0.3243E+00  0.2015E+00  0.2734E-01  0.1470E-01  0.6621E+00 -0.8772E-01  0.1722E+05  0.1722E+05  0.1722E+05  0.4094E-03  0.6706E-02  0.9294E-10  0.1931E+01  0.2091E-07  0.6629E-02 -0.1095E-02 -0.1698E-02 -0.7754E-02 -0.7198E-03  0.5134E-02  0.4760E-02
     7  0.3791E+01  0.3220E-02  0.1802E-03  0.1737E-02  0.5715E-10  0.3246E+00  0.2015E+00  0.2749E-01  0.1502E-01  0.6687E+00  0.2343E-01  0.1718E+05  0.1718E+05  0.1718E+05  0.3982E-03  0.6687E-02  0.9364E-10  0.2203E+01  0.2151E-07  0.6587E-02 -0.1060E-02 -0.1683E-02 -0.6585E-02  0.9121E-03  0.4630E-02  0.4638E-02
     8  0.4422E+01  0.3229E-02  0.1791E-03  0.1739E-02  0.5636E-10  0.3232E+00  0.2013E+00  0.2733E-01  0.1408E-01  0.6442E+00  0.1272E+00  0.1712E+05  0.1712E+05  0.1712E+05  0.4045E-03  0.6892E-02  0.9200E-10  0.2554E+01  0.2117E-07  0.6763E-02 -0.1059E-02 -0.1701E-02 -0.7425E-02  0.1433E-03  0.5968E-02  0.4433E-02
     9  0.5054E+01  0.3210E-02  0.1779E-03  0.1740E-02  0.5574E-10  0.3223E+00  0.2010E+00  0.2758E-01  0.2129E-01  0.5978E+00  0.1979E+00  0.1706E+05  0.1706E+05  0.1706E+05  0.4024E-03  0.7250E-02  0.8870E-10  0.2877E+01  0.1978E-07  0.7096E-02 -0.1070E-02 -0.1695E-02 -0.7210E-02 -0.1380E-03  0.5625E-02  0.4001E-02
    10  0.5686E+01  0.3218E-02  0.1769E-03  0.1735E-02  0.5508E-10  0.3179E+00  0.2006E+00  0.2678E-01  0.2387E-01  0.5389E+00  0.2221E+00  0.1700E+05  0.1700E+05  0.1700E+05  0.3853E-03  0.7663E-02  0.8419E-10  0.3172E+01  0.1829E-07  0.7487E-02 -0.1042E-02 -0.1670E-02 -0.6485E-02  0.7463E-04  0.5072E-02  0.3445E-02
    11  0.6318E+01  0.3237E-02  0.1768E-03  0.1731E-02  0.5479E-10  0.3184E+00  0.2001E+00  0.2690E-01  0.1089E-01  0.4819E+00  0.1939E+00  0.1695E+05  0.1695E+05  0.1695E+05  0.3877E-03  0.8056E-02  0.7958E-10  0.3476E+01  0.1574E-07  0.7852E-02 -0.1031E-02 -0.1698E-02 -0.7126E-02 -0.7232E-03  0.5292E-02  0.3167E-02
    12  0.6950E+01  0.3210E-02  0.1756E-03  0.1732E-02  0.5396E-10  0.3157E+00  0.1997E+00  0.2669E-01  0.1657E-01  0.4391E+00  0.1196E+00  0.1689E+05  0.1689E+05  0.1689E+05  0.3809E-03  0.8337E-02  0.7599E-10  0.3675E+01  0.1270E-07  0.8120E-02 -0.1021E-02 -0.1692E-02 -0.7515E-02  0.3016E-03  0.5033E-02  0.2916E-02
    13  0.7581E+01  0.3208E-02  0.1746E-03  0.1734E-02  0.5345E-10  0.3148E+00  0.1992E+00  0.2657E-01  0.1128E-01  0.4216E+00  0.2039E-01  0.1685E+05  0.1685E+05  0.1685E+05  0.3767E-03  0.8436E-02  0.7451E-10  0.3668E+01  0.9073E-08  0.8221E-02 -0.9896E-03 -0.1681E-02 -0.6921E-02 -0.1634E-03  0.4974E-02  0.2765E-02
    14  0.8213E+01  0.3242E-02  0.1728E-03  0.1731E-02  0.5227E-10  0.3153E+00  0.1987E+00  0.2668E-01  0.1401E-01  0.4318E+00 -0.8255E-01  0.1679E+05  0.1679E+05  0.1679E+05  0.3799E-03  0.8339E-02  0.7537E-10  0.3664E+01  0.5791E-08  0.8128E-02 -0.9924E-03 -0.1691E-02 -0.7227E-02  0.3356E-04  0.4920E-02  0.2848E-02
    15  0.8845E+01  0.3221E-02  0.1712E-03  0.1726E-02  0.5120E-10  0.3120E+00  0.1983E+00  0.2666E-01  0.8347E-02  0.4676E+00 -0.1630E+00  0.1673E+05  0.1673E+05  0.1673E+05  0.3629E-03  0.8069E-02  0.7838E-10  0.3593E+01  0.2109E-08  0.7863E-02 -0.9854E-03 -0.1695E-02 -0.6615E-02  0.2512E-03  0.4800E-02  0.3030E-02
    16  0.9477E+01  0.3195E-02  0.1697E-03  0.1722E-02  0.5012E-10  0.3130E+00  0.1980E+00  0.2680E-01  0.2092E-01  0.5181E+00 -0.1945E+00  0.1668E+05  0.1668E+05  0.1668E+05  0.3690E-03  0.7673E-02  0.8251E-10  0.3292E+01 -0.1067E-08  0.7493E-02 -0.9682E-03 -0.1685E-02 -0.6864E-02 -0.3856E-03  0.5268E-02  0.3283E-02
    17  0.1011E+02  0.3234E-02  0.1691E-03  0.1711E-02  0.4920E-10  0.3124E+00  0.1977E+00  0.2693E-01  0.3925E-02  0.5709E+00 -0.1757E+00  0.1665E+05  0.1665E+05  0.1665E+05  0.3585E-03  0.7254E-02  0.8642E-10  0.3117E+01 -0.2943E-08  0.7086E-02 -0.9586E-03 -0.1672E-02 -0.8327E-02 -0.9630E-04  0.5942E-02  0.3606E-02
    18  0.1074E+02  0.3240E-02  0.1678E-03  0.1702E-02  0.4835E-10  0.3155E+00  0.1976E+00  0.2718E-01  0.1118E-01  0.6126E+00 -0.1103E+00  0.1661E+05  0.1661E+05  0.1661E+05  0.3669E-03  0.6895E-02  0.8934E-10  0.2771E+01 -0.3917E-08  0.6757E-02 -0.9431E-03 -0.1695E-02 -0.6853E-02 -0.1540E-03  0.6007E-02  0.4035E-02
    19  0.1137E+02  0.3194E-02  0.1670E-03  0.1696E-02  0.4763E-10  0.3150E+00  0.1975E+00  0.2708E-01  0.2195E-01  0.6304E+00 -0.1553E-01  0.1658E+05  0.1658E+05  0.1658E+05  0.3750E-03  0.6722E-02  0.9050E-10  0.2490E+01 -0.4836E-08  0.6608E-02 -0.9772E-03 -0.1695E-02 -0.6889E-02  0.8640E-03  0.5016E-02  0.4310E-02
    20  0.1200E+02  0.3213E-02  0.1665E-03  0.1692E-02  0.4693E-10  0.3140E+00  0.1976E+00  0.2700E-01  0.4246E-02  0.6215E+00  0.7916E-01  0.1655E+05  0.1655E+05  0.1655E+05  0.3540E-03  0.6755E-02  0.8973E-10  0.2151E+01 -0.3879E-08  0.6670E-02 -0.9796E-03 -0.1683E-02 -0.7543E-02 -0.6293E-03  0.6142E-02  0.4235E-02
    21  0.1264E+02  0.3253E-02  0.1660E-03  0.1691E-02  0.4659E-10  0.3155E+00  0.1978E+00  0.2763E-01  0.2798E-01  0.5871E+00  0.1500E+00  0.1652E+05  0.1652E+05  0.1652E+05  0.3576E-03  0.6989E-02  0.8710E-10  0.1963E+01 -0.2174E-08  0.6921E-02 -0.9393E-03 -0.1675E-02 -0.6808E-02 -0.8795E-03  0.5676E-02  0.3856E-02
    22  0.1327E+02  0.3211E-02  0.1650E-03  0.1690E-02  0.4565E-10  0.3182E+00  0.1980E+00  0.2643E-01  0.3837E-01  0.5391E+00  0.1760E+00  0.1648E+05  0.1648E+05  0.1648E+05  0.3702E-03  0.7303E-02  0.8335E-10  0.1702E+01 -0.1458E-08  0.7254E-02 -0.9788E-03 -0.1681E-02 -0.7562E-02  0.1588E-03  0.4136E-02  0.3620E-02
    23  0.1390E+02  0.3191E-02  0.1646E-03  0.1692E-02  0.4529E-10  0.3166E+00  0.1984E+00  0.2697E-01 -0.2127E-01  0.4896E+00  0.1475E+00  0.1645E+05  0.1645E+05  0.1645E+05  0.3466E-03  0.7627E-02  0.7939E-10  0.1426E+01  0.1612E-08  0.7594E-02 -0.1009E-02 -0.1705E-02 -0.7861E-02  0.4025E-03  0.4583E-02  0.3458E-02
    24  0.1453E+02  0.3245E-02  0.1639E-03  0.1690E-02  0.4488E-10  0.3149E+00  0.1988E+00  0.2811E-01  0.6776E-01  0.4568E+00  0.7480E-01  0.1641E+05  0.1641E+05  0.1641E+05  0.3527E-03  0.7836E-02  0.7654E-10  0.1362E+01  0.3686E-08  0.7807E-02 -0.9674E-03 -0.1699E-02 -0.7177E-02  0.1644E-03  0.4132E-02  0.3200E-02
    25  0.1516E+02  0.3238E-02  0.1632E-03  0.1688E-02  0.4434E-10  0.3149E+00  0.1992E+00  0.2532E-01  0.1401E-01  0.4495E+00 -0.2169E-01  0.1637E+05  0.1637E+05  0.1637E+05  0.3708E-03  0.7884E-02  0.7583E-10  0.1366E+01  0.6496E-08  0.7855E-02 -0.9975E-03 -0.1673E-02 -0.7259E-02 -0.2588E-03  0.4250E-02  0.3147E-02
    26  0.1579E+02  0.3185E-02  0.1630E-03  0.1688E-02  0.4440E-10  0.3173E+00  0.1996E+00  0.2787E-01  0.9643E-02  0.4702E+00 -0.1109E+00  0.1633E+05  0.1633E+05  0.1633E+05  0.3526E-03  0.7766E-02  0.7750E-10  0.1329E+01  0.9633E-08  0.7738E-02 -0.1060E-02 -0.1686E-02 -0.7409E-02 -0.5054E-03  0.4252E-02  0.3398E-02
    27  0.1643E+02  0.3219E-02  0.1612E-03  0.1690E-02  0.4364E-10  0.3199E+00  0.1999E+00  0.2706E-01  0.3502E-01  0.5123E+00 -0.1654E+00  0.1629E+05  0.1629E+05  0.1629E+05  0.3400E-03  0.7515E-02  0.8090E-10  0.1465E+01  0.1177E-07  0.7481E-02 -0.1012E-02 -0.1695E-02 -0.7184E-02 -0.1427E-03  0.4796E-02  0.3578E-02
    28  0.1706E+02  0.3257E-02  0.1608E-03  0.1696E-02  0.4363E-10  0.3201E+00  0.2002E+00  0.2708E-01  0.2421E-01  0.5638E+00 -0.1728E+00  0.1624E+05  0.1624E+05  0.1624E+05  0.3666E-03  0.7202E-02  0.8503E-10  0.1605E+01  0.1441E-07  0.7159E-02 -0.1011E-02 -0.1691E-02 -0.7863E-02  0.2906E-03  0.4235E-02  0.3883E-02
    29  0.1769E+02  0.3204E-02  0.1597E-03  0.1694E-02  0.4319E-10  0.3185E+00  0.2003E+00  0.2745E-01  0.1827E-01  0.6097E+00 -0.1314E+00  0.1620E+05  0.1620E+05  0.1620E+05  0.3596E-03  0.6911E-02  0.8836E-10  0.2017E+01  0.1543E-07  0.6841E-02 -0.1065E-02 -0.1689E-02 -0.8098E-02 -0.6276E-04  0.4914E-02  0.4334E-02
    30  0.1832E+02  0.3191E-02  0.1581E-03  0.1703E-02  0.4290E-10  0.3219E+00  0.2003E+00  0.2734E-01  0.1186E-01  0.6351E+00 -0.5139E-01  0.1618E+05  0.1618E+05  0.1618E+05  0.3470E-03  0.6755E-02  0.9041E-10  0.2217E+01  0.1588E-07  0.6670E-02 -0.1040E-02 -0.1685E-02 -0.6115E-02 -0.2274E-03  0.4916E-02  0.4460E-02
    31  0.1895E+02  0.3251E-02  0.1577E-03  0.1708E-02  0.4269E-10  0.3219E+00  0.2001E+00  0.2766E-01  0.9629E-02  0.6350E+00  0.3986E-01  0.1614E+05  0.1614E+05  0.1614E+05  0.3543E-03  0.6772E-02  0.9060E-10  0.2391E+01  0.1607E-07  0.6673E-02 -0.1030E-02 -0.1690E-02 -0.7158E-02 -0.1391E-03  0.5600E-02  0.4431E-02
    32  0.1959E+02  0.3235E-02  0.1576E-03  0.1708E-02  0.4264E-10  0.3232E+00  0.1998E+00  0.2745E-01  0.2747E-01  0.6104E+00  0.1198E+00  0.1612E+05  0.1612E+05  0.1612E+05  0.3524E-03  0.6963E-02  0.8893E-10  0.2661E+01  0.1566E-07  0.6843E-02 -0.1036E-02 -0.1695E-02 -0.7550E-02  0.1181E-03  0.5534E-02  0.4214E-02
    33  0.2022E+02  0.3182E-02  0.1570E-03  0.1707E-02  0.4232E-10  0.3219E+00  0.1994E+00  0.2703E-01  0.3201E-02  0.5669E+00  0.1706E+00  0.1608E+05  0.1608E+05  0.1608E+05  0.3476E-03  0.7266E-02  0.8576E-10  0.2794E+01  0.1429E-07  0.7140E-02 -0.1012E-02 -0.1684E-02 -0.6766E-02  0.1662E-04  0.5030E-02  0.3777E-02
    34  0.2085E+02  0.3222E-02  0.1564E-03  0.1704E-02  0.4173E-10  0.3214E+00  0.1990E+00  0.2738E-01  0.1419E-01  0.5175E+00  0.1768E+00  0.1605E+05  0.1605E+05  0.1605E+05  0.3448E-03  0.7601E-02  0.8196E-10  0.3007E+01  0.1312E-07  0.7462E-02 -0.1003E-02 -0.1682E-02 -0.7661E-02 -0.4985E-03  0.5728E-02  0.3422E-02
    35  0.2148E+02  0.3258E-02  0.1553E-03  0.1703E-02  0.4115E-10  0.3214E+00  0.1985E+00  0.2694E-01  0.1184E-01  0.4721E+00  0.1381E+00  0.1601E+05  0.1601E+05  0.1601E+05  0.3424E-03  0.7895E-02  0.7836E-10  0.3138E+01  0.1158E-07  0.7751E-02 -0.9849E-03 -0.1690E-02 -0.7136E-02  0.2956E-03  0.4958E-02  0.3151E-02
    36  0.2211E+02  0.3200E-02  0.1546E-03  0.1702E-02  0.4076E-10  0.3215E+00  0.1981E+00  0.2682E-01  0.1107E-01  0.4439E+00  0.6548E-01  0.1599E+05  0.1599E+05  0.1599E+05  0.3451E-03  0.8071E-02  0.7602E-10  0.3260E+01  0.9430E-08  0.7921E-02 -0.9815E-03 -0.1697E-02 -0.6896E-02 -0.1798E-03  0.5021E-02  0.3022E-02
    37  0.2274E+02  0.3193E-02  0.1543E-03  0.1704E-02  0.4060E-10  0.3227E+00  0.1977E+00  0.2681E-01  0.1516E-01  0.4388E+00 -0.2058E-01  0.1596E+05  0.1596E+05  0.1596E+05  0.3413E-03  0.8101E-02  0.7567E-10  0.3315E+01  0.6840E-08  0.7945E-02 -0.9694E-03 -0.1680E-02 -0.7464E-02 -0.4417E-03  0.5246E-02  0.2929E-02
    38  0.2338E+02  0.3254E-02  0.1535E-03  0.1702E-02  0.4024E-10  0.3210E+00  0.1974E+00  0.2668E-01  0.1050E-01  0.4572E+00 -0.1002E+00  0.1593E+05  0.1593E+05  0.1593E+05  0.3342E-03  0.7963E-02  0.7727E-10  0.3292E+01  0.5098E-08  0.7806E-02 -0.9448E-03 -0.1678E-02 -0.7076E-02  0.2906E-03  0.4785E-02  0.2976E-02
    39  0.2401E+02  0.3231E-02  0.1533E-03  0.1704E-02  0.4021E-10  0.3223E+00  0.1971E+00  0.2676E-01  0.1431E-01  0.4932E+00 -0.1492E+00  0.1590E+05  0.1590E+05  0.1590E+05  0.3444E-03  0.7708E-02  0.8035E-10  0.3147E+01  0.2869E-08  0.7558E-02 -0.9515E-03 -0.1705E-02 -0.6810E-02 -0.3575E-03  0.5208E-02  0.3257E-02
    40  0.2464E+02  0.3184E-02  0.1526E-03  0.1697E-02  0.3953E-10  0.3240E+00  0.1969E+00  0.2692E-01  0.6017E-02  0.5368E+00 -0.1592E+00  0.1587E+05  0.1587E+05  0.1587E+05  0.3409E-03  0.7369E-02  0.8370E-10  0.2907E+01  0.7119E-09  0.7236E-02 -0.9545E-03 -0.1678E-02 -0.7748E-02  0.3390E-03  0.5444E-02  0.3481E-02
    41  0.2527E+02  0.3232E-02  0.1518E-03  0.1691E-02  0.3902E-10  0.3241E+00  0.1968E+00  0.2709E-01  0.2609E-01  0.5787E+00 -0.1255E+00  0.1584E+05  0.1584E+05  0.1584E+05  0.3318E-03  0.7050E-02  0.8679E-10  0.2805E+01 -0.6626E-09  0.6923E-02 -0.9258E-03 -0.1676E-02 -0.7430E-02 -0.4980E-03  0.5886E-02  0.3737E-02
    42  0.2590E+02  0.3253E-02  0.1505E-03  0.1687E-02  0.3837E-10  0.3303E+00  0.1968E+00  0.2697E-01  0.6011E-02  0.6042E+00 -0.6080E-01  0.1582E+05  0.1582E+05  0.1582E+05  0.3506E-03  0.6835E-02  0.8856E-10  0.2579E+01 -0.1063E-08  0.6726E-02 -0.9368E-03 -0.1690E-02 -0.6919E-02 -0.6564E-03  0.5790E-02  0.4044E-02
    43  0.2653E+02  0.3193E-02  0.1504E-03  0.1682E-02  0.3800E-10  0.3291E+00  0.1969E+00  0.2738E-01  0.2326E-01  0.6106E+00  0.1886E-01  0.1578E+05  0.1578E+05  0.1578E+05  0.3404E-03  0.6763E-02  0.8887E-10  0.2314E+01 -0.7215E-09  0.6672E-02 -0.9669E-03 -0.1685E-02 -0.7670E-02  0.8648E-03  0.5245E-02  0.4176E-02
    44  0.2717E+02  0.3204E-02  0.1497E-03  0.1680E-02  0.3751E-10  0.3297E+00  0.1971E+00  0.2702E-01  0.2079E-01  0.5942E+00  0.8935E-01  0.1575E+05  0.1575E+05  0.1575E+05  0.3297E-03  0.6866E-02  0.8757E-10  0.2158E+01 -0.5472E-09  0.6790E-02 -0.9407E-03 -0.1695E-02 -0.7187E-02 -0.3869E-03  0.5457E-02  0.4041E-02
    45  0.2780E+02  0.3259E-02  0.1492E-03  0.1681E-02  0.3722E-10  0.3341E+00  0.1973E+00  0.2717E-01  0.1392E-01  0.5616E+00  0.1318E+00  0.1573E+05  0.1573E+05  0.1573E+05  0.3536E-03  0.7088E-02  0.8507E-10  0.2024E+01  0.1384E-08  0.7024E-02 -0.9398E-03 -0.1685E-02 -0.7290E-02 -0.6247E-03  0.5598E-02  0.3766E-02
    46  0.2843E+02  0.3218E-02  0.1487E-03  0.1682E-02  0.3683E-10  0.3338E+00  0.1976E+00  0.2745E-01  0.2892E-01  0.5210E+00  0.1364E+00  0.1570E+05  0.1570E+05  0.1570E+05  0.3447E-03  0.7359E-02  0.8187E-10  0.1860E+01  0.2554E-08  0.7307E-02 -0.9852E-03 -0.1669E-02 -0.7596E-02  0.9125E-04  0.4947E-02  0.3533E-02
    47  0.2906E+02  0.3184E-02  0.1482E-03  0.1682E-02  0.3652E-10  0.3328E+00  0.1979E+00  0.2655E-01  0.2701E-01  0.4861E+00  0.9750E-01  0.1566E+05  0.1566E+05  0.1566E+05  0.3258E-03  0.7587E-02  0.7903E-10  0.1770E+01  0.4390E-08  0.7541E-02 -0.9801E-03 -0.1698E-02 -0.7196E-02  0.2171E-03  0.4341E-02  0.3407E-02
    48  0.2969E+02  0.3242E-02  0.1476E-03  0.1681E-02  0.3614E-10  0.3315E+00  0.1983E+00  0.2736E-01  0.1081E-01  0.4673E+00  0.2965E-01  0.1563E+05  0.1563E+05  0.1563E+05  0.3383E-03  0.7706E-02  0.7739E-10  0.1664E+01  0.6138E-08  0.7666E-02 -0.9676E-03 -0.1707E-02 -0.7422E-02  0.3970E-04  0.4382E-02  0.3318E-02
    49  0.3033E+02  0.3250E-02  0.1470E-03  0.1681E-02  0.3585E-10  0.3309E+00  0.1986E+00  0.2695E-01  0.3485E-01  0.4702E+00 -0.4591E-01  0.1561E+05  0.1561E+05  0.1561E+05  0.3455E-03  0.7690E-02  0.7758E-10  0.1588E+01  0.8125E-08  0.7654E-02 -0.9910E-03 -0.1667E-02 -0.7523E-02 -0.1825E-03  0.5070E-02  0.3266E-02
    50  0.3096E+02  0.3189E-02  0.1462E-03  0.1681E-02  0.3551E-10  0.3328E+00  0.1989E+00  0.2707E-01  0.2165E-01  0.4948E+00 -0.1082E+00  0.1557E+05  0.1557E+05  0.1557E+05  0.3287E-03  0.7542E-02  0.7955E-10  0.1628E+01  0.1089E-07  0.7504E-02 -0.1016E-02 -0.1678E-02 -0.7532E-02 -0.5098E-03  0.4780E-02  0.3475E-02
    51  0.3159E+02  0.3205E-02  0.1453E-03  0.1681E-02  0.3526E-10  0.3360E+00  0.1991E+00  0.2702E-01  0.1571E-01  0.5330E+00 -0.1357E+00  0.1554E+05  0.1554E+05  0.1554E+05  0.3289E-03  0.7304E-02  0.8258E-10  0.1735E+01  0.1323E-07  0.7260E-02 -0.9987E-03 -0.1705E-02 -0.7390E-02  0.3120E-04  0.4948E-02  0.3767E-02
    52  0.3222E+02  0.3263E-02  0.1448E-03  0.1685E-02  0.3521E-10  0.3358E+00  0.1992E+00  0.2749E-01  0.2229E-01  0.5724E+00 -0.1199E+00  0.1551E+05  0.1551E+05  0.1551E+05  0.3456E-03  0.7059E-02  0.8564E-10  0.1937E+01  0.1364E-07  0.7002E-02 -0.9998E-03 -0.1693E-02 -0.7039E-02  0.9102E-03  0.4298E-02  0.3989E-02
    53  0.3285E+02  0.3223E-02  0.1438E-03  0.1682E-02  0.3474E-10  0.3365E+00  0.1991E+00  0.2725E-01  0.1244E-01  0.6024E+00 -0.6988E-01  0.1547E+05  0.1547E+05  0.1547E+05  0.3404E-03  0.6874E-02  0.8779E-10  0.2375E+01  0.1395E-07  0.6787E-02 -0.1028E-02 -0.1682E-02 -0.7367E-02 -0.6982E-03  0.5699E-02  0.4235E-02
    54  0.3348E+02  0.3180E-02  0.1428E-03  0.1681E-02  0.3448E-10  0.3406E+00  0.1990E+00  0.2770E-01  0.1896E-01  0.6123E+00  0.2718E-02  0.1543E+05  0.1543E+05  0.1543E+05  0.3286E-03  0.6817E-02  0.8851E-10  0.2628E+01  0.1356E-07  0.6710E-02 -0.1008E-02 -0.1677E-02 -0.6813E-02 -0.5281E-03  0.5685E-02  0.4235E-02
    55  0.3412E+02  0.3238E-02  0.1425E-03  0.1683E-02  0.3427E-10  0.3387E+00  0.1987E+00  0.2726E-01  0.9999E-02  0.5984E+00  0.7311E-01  0.1541E+05  0.1541E+05  0.1541E+05  0.3304E-03  0.6918E-02  0.8762E-10  0.2744E+01  0.1270E-07  0.6803E-02 -0.9886E-03 -0.1693E-02 -0.7202E-02  0.3408E-03  0.5510E-02  0.4118E-02
    56  0.3475E+02  0.3259E-02  0.1421E-03  0.1684E-02  0.3401E-10  0.3369E+00  0.1984E+00  0.2763E-01  0.1083E-01  0.5680E+00  0.1237E+00  0.1538E+05  0.1538E+05  0.1538E+05  0.3331E-03  0.7133E-02  0.8546E-10  0.2878E+01  0.1148E-07  0.7011E-02 -0.9957E-03 -0.1701E-02 -0.7612E-02 -0.2607E-03  0.5778E-02  0.3913E-02
    57  0.3538E+02  0.3191E-02  0.1420E-03  0.1684E-02  0.3395E-10  0.3355E+00  0.1980E+00  0.2709E-01  0.1462E-01  0.5292E+00  0.1402E+00  0.1536E+05  0.1536E+05  0.1536E+05  0.3298E-03  0.7391E-02  0.8259E-10  0.2934E+01  0.9531E-08  0.7269E-02 -0.9755E-03 -0.1674E-02 -0.7226E-02 -0.1937E-03  0.5493E-02  0.3510E-02
    58  0.3601E+02  0.3196E-02  0.1420E-03  0.1682E-02  0.3383E-10  0.3345E+00  0.1976E+00  0.2716E-01  0.7860E-02  0.4920E+00  0.1201E+00  0.1534E+05  0.1534E+05  0.1534E+05  0.3241E-03  0.7629E-02  0.7965E-10  0.3037E+01  0.8078E-08  0.7502E-02 -0.9623E-03 -0.1673E-02 -0.7352E-02 -0.2076E-03  0.5562E-02  0.3261E-02
    59  0.3664E+02  0.3263E-02  0.1415E-03  0.1681E-02  0.3362E-10  0.3346E+00  0.1972E+00  0.2687E-01  0.1584E-01  0.4651E+00  0.7054E-01  0.1532E+05  0.1532E+05  0.1532E+05  0.3228E-03  0.7795E-02  0.7753E-10  0.3053E+01  0.6233E-08  0.7668E-02 -0.9509E-03 -0.1701E-02 -0.7101E-02 -0.2331E-03  0.5093E-02  0.3175E-02
    60  0.3727E+02  0.3232E-02  0.1409E-03  0.1679E-02  0.3320E-10  0.3359E+00  0.1968E+00  0.2684E-01  0.8199E-02  0.4553E+00  0.5690E-02  0.1530E+05  0.1530E+05  0.1530E+05  0.3299E-03  0.7840E-02  0.7671E-10  0.3075E+01  0.3905E-08  0.7714E-02 -0.9452E-03 -0.1692E-02 -0.7326E-02 -0.2222E-04  0.5055E-02  0.3094E-02
    61  0.3791E+02  0.3177E-02  0.1407E-03  0.1674E-02  0.3297E-10  0.3346E+00  0.1965E+00  0.2692E-01  0.1422E-01  0.4645E+00 -0.6037E-01  0.1527E+05  0.1527E+05  0.1527E+05  0.3194E-03  0.7756E-02  0.7745E-10  0.3055E+01  0.1442E-08  0.7632E-02 -0.9300E-03 -0.1668E-02 -0.7606E-02  0.5610E-04  0.5357E-02  0.3065E-02
    62  0.3854E+02  0.3228E-02  0.1396E-03  0.1672E-02  0.3248E-10  0.3349E+00  0.1962E+00  0.2669E-01  0.1544E-01  0.4895E+00 -0.1076E+00  0.1524E+05  0.1524E+05  0.1524E+05  0.3206E-03  0.7561E-02  0.7953E-10  0.2838E+01  0.5013E-09  0.7453E-02 -0.9159E-03 -0.1688E-02 -0.6932E-02 -0.3870E-03  0.4853E-02  0.3251E-02
    63  0.3917E+02  0.3265E-02  0.1393E-03  0.1668E-02  0.3224E-10  0.3368E+00  0.1961E+00  0.2696E-01  0.8490E-02  0.5225E+00 -0.1231E+00  0.1522E+05  0.1522E+05  0.1522E+05  0.3255E-03  0.7314E-02  0.8210E-10  0.2661E+01 -0.3928E-09  0.7214E-02 -0.9317E-03 -0.1692E-02 -0.7434E-02 -0.1229E-03  0.5407E-02  0.3511E-02
    64  0.3980E+02  0.3200E-02  0.1386E-03  0.1663E-02  0.3178E-10  0.3373E+00  0.1960E+00  0.2685E-01  0.1625E-01  0.5565E+00 -0.1062E+00  0.1519E+05  0.1519E+05  0.1519E+05  0.3186E-03  0.7049E-02  0.8462E-10  0.2390E+01 -0.4376E-09  0.6965E-02 -0.9232E-03 -0.1681E-02 -0.7173E-02  0.2373E-03  0.5135E-02  0.3721E-02
    65  0.4043E+02  0.3186E-02  0.1378E-03  0.1657E-02  0.3129E-10  0.3397E+00  0.1961E+00  0.2706E-01  0.1715E-01  0.5801E+00 -0.6118E-01  0.1517E+05  0.1517E+05  0.1517E+05  0.3207E-03  0.6859E-02  0.8622E-10  0.2268E+01  0.2774E-09  0.6784E-02 -0.9148E-03 -0.1685E-02 -0.7430E-02 -0.3001E-03  0.5485E-02  0.3930E-02
    66  0.4107E+02  0.3255E-02  0.1372E-03  0.1653E-02  0.3090E-10  0.3399E+00  0.1962E+00  0.2721E-01  0.1413E-01  0.5888E+00 -0.2877E-02  0.1514E+05  0.1514E+05  0.1514E+05  0.3226E-03  0.6779E-02  0.8674E-10  0.2091E+01  0.9305E-09  0.6715E-02 -0.9252E-03 -0.1687E-02 -0.7653E-02 -0.2981E-03  0.5725E-02  0.4053E-02
    67  0.4170E+02  0.3246E-02  0.1369E-03  0.1650E-02  0.3074E-10  0.3395E+00  0.1963E+00  0.2704E-01  0.2149E-01  0.5817E+00  0.5360E-01  0.1512E+05  0.1512E+05  0.1512E+05  0.3200E-03  0.6822E-02  0.8609E-10  0.1981E+01  0.2927E-08  0.6765E-02 -0.9337E-03 -0.1680E-02 -0.6890E-02  0.3508E-03  0.4779E-02  0.3995E-02
    68  0.4233E+02  0.3180E-02  0.1369E-03  0.1649E-02  0.3062E-10  0.3400E+00  0.1966E+00  0.2709E-01  0.2018E-01  0.5599E+00  0.9369E-01  0.1510E+05  0.1510E+05  0.1510E+05  0.3185E-03  0.6971E-02  0.8438E-10  0.1902E+01  0.3230E-08  0.6920E-02 -0.9482E-03 -0.1693E-02 -0.7420E-02 -0.3767E-03  0.5084E-02  0.3908E-02
    69  0.4296E+02  0.3210E-02  0.1364E-03  0.1649E-02  0.3028E-10  0.3426E+00  0.1968E+00  0.2715E-01  0.1906E-01  0.5304E+00  0.1021E+00  0.1507E+05  0.1507E+05  0.1507E+05  0.3176E-03  0.7164E-02  0.8205E-10  0.1751E+01  0.4810E-08  0.7121E-02 -0.9398E-03 -0.1679E-02 -0.7762E-02 -0.2231E-03  0.5139E-02  0.3648E-02
    70  0.4359E+02  0.3268E-02  0.1362E-03  0.1650E-02  0.3020E-10  0.3428E+00  0.1972E+00  0.2721E-01  0.2126E-01  0.5023E+00  0.8119E-01  0.1504E+05  0.1504E+05  0.1504E+05  0.3226E-03  0.7355E-02  0.7981E-10  0.1749E+01  0.6812E-08  0.7314E-02 -0.9376E-03 -0.1674E-02 -0.7547E-02 -0.2242E-03  0.5041E-02  0.3451E-02
    71  0.4422E+02  0.3217E-02  0.1358E-03  0.1645E-02  0.2997E-10  0.3423E+00  0.1975E+00  0.2700E-01  0.2332E-01  0.4852E+00  0.3528E-01  0.1501E+05  0.1501E+05  0.1501E+05  0.3244E-03  0.7470E-02  0.7829E-10  0.1903E+01  0.8786E-08  0.7421E-02 -0.9729E-03 -0.1697E-02 -0.7512E-02 -0.1745E-03  0.4935E-02  0.3487E-02
    72  0.4486E+02  0.3176E-02  0.1349E-03  0.1644E-02  0.2966E-10  0.3417E+00  0.1977E+00  0.2711E-01  0.1994E-01  0.4838E+00 -0.2180E-01  0.1498E+05  0.1498E+05  0.1498E+05  0.3168E-03  0.7484E-02  0.7810E-10  0.1965E+01  0.9879E-08  0.7434E-02 -0.9806E-03 -0.1696E-02 -0.7021E-02  0.5713E-03  0.4301E-02  0.3487E-02
    73  0.4549E+02  0.3241E-02  0.1349E-03  0.1644E-02  0.2966E-10  0.3398E+00  0.1980E+00  0.2709E-01  0.1838E-01  0.4983E+00 -0.7235E-01  0.1495E+05  0.1495E+05  0.1495E+05  0.3158E-03  0.7399E-02  0.7924E-10  0.1965E+01  0.1175E-07  0.7348E-02 -0.9687E-03 -0.1684E-02 -0.6815E-02 -0.1953E-03  0.4929E-02  0.3517E-02
    74  0.4612E+02  0.3261E-02  0.1346E-03  0.1646E-02  0.2955E-10  0.3429E+00  0.1981E+00  0.2708E-01  0.2039E-01  0.5241E+00 -0.9756E-01  0.1492E+05  0.1492E+05  0.1492E+05  0.3191E-03  0.7239E-02  0.8127E-10  0.1970E+01  0.1240E-07  0.7187E-02 -0.9852E-03 -0.1676E-02 -0.7711E-02 -0.8382E-03  0.5563E-02  0.3685E-02
    75  0.4675E+02  0.3189E-02  0.1341E-03  0.1647E-02  0.2949E-10  0.3438E+00  0.1981E+00  0.2730E-01  0.1109E-01  0.5548E+00 -0.9462E-01  0.1490E+05  0.1490E+05  0.1490E+05  0.3098E-03  0.7054E-02  0.8366E-10  0.2200E+01  0.1361E-07  0.6987E-02 -0.9807E-03 -0.1681E-02 -0.7648E-02 -0.6076E-04  0.5533E-02  0.3890E-02
