 #NTuple/Z0                                                                      
 output from Ecalc9f version   2.09
  settings: 
    particle type:            2
    pzmin/pzmax:    0.0000000000000000      /   100.00000000000000     
    transverse cuts:    0.0000000000000000        0.0000000000000000     
    longitudinal cut:    0.0000000000000000     
    RF frequency (MHz):    704.00000000000000     
    sigma cut:    4.0000000000000000     
    subtract out amplitude correlation
    wrnew9 =  F

regn #   Z           Bz          eperp       elong       e6D         Ldim        Pzavg       beta        alpha       betaL       alphaL      n0          n1          n2          Lcan(eVs)   sigmaE      sigmaT      corrE       corrT       sigmaE_c    xavg        yavg        Dx          Dy          Dr          Dr2
     1  0.0000E+00  0.3227E-02  0.1997E-03  0.1772E-02  0.7052E-10  0.2666E+00  0.2039E+00  0.3086E-01  0.4560E-01  0.4972E+00  0.6494E-01  0.1720E+05  0.1720E+05  0.1720E+05  0.3551E-03  0.7843E-02  0.8049E-10  0.1559E+01 -0.1065E-07  0.7796E-02 -0.1040E-02 -0.1675E-02 -0.7063E-02  0.1421E-03  0.2571E-02  0.3367E-02
     2  0.6318E+00  0.3239E-02  0.1965E-03  0.1769E-02  0.6741E-10  0.2637E+00  0.2050E+00  0.2517E-01  0.1259E+00  0.4828E+00  0.4989E-01  0.1704E+05  0.1704E+05  0.1704E+05  0.3949E-03  0.7939E-02  0.7885E-10  0.8106E+00 -0.8438E-08  0.7928E-02 -0.1178E-02 -0.1703E-02 -0.7985E-02 -0.3189E-03  0.4309E-02  0.3671E-02
     3  0.1264E+01  0.3198E-02  0.1967E-03  0.1762E-02  0.6757E-10  0.2529E+00  0.2061E+00  0.2567E-01  0.1472E-01  0.4756E+00  0.2803E-01  0.1691E+05  0.1691E+05  0.1691E+05  0.3240E-03  0.8005E-02  0.7770E-10  0.5922E+00 -0.2561E-08  0.7998E-02 -0.1238E-02 -0.1690E-02 -0.6101E-02  0.7255E-03 -0.5831E-03  0.3693E-02
     4  0.1895E+01  0.3222E-02  0.1946E-03  0.1749E-02  0.6566E-10  0.2507E+00  0.2069E+00  0.2608E-01  0.3659E-01  0.4746E+00  0.8317E-02  0.1679E+05  0.1679E+05  0.1679E+05  0.3376E-03  0.8002E-02  0.7710E-10  0.6402E+00  0.1856E-08  0.7995E-02 -0.1170E-02 -0.1698E-02 -0.6159E-02 -0.4796E-03  0.1178E-02  0.3614E-02
     5  0.2527E+01  0.3233E-02  0.1933E-03  0.1747E-02  0.6427E-10  0.2502E+00  0.2074E+00  0.2585E-01  0.3857E-01  0.4767E+00 -0.1037E-01  0.1669E+05  0.1669E+05  0.1669E+05  0.3481E-03  0.7987E-02  0.7724E-10  0.3822E+00  0.9038E-08  0.7985E-02 -0.1241E-02 -0.1684E-02 -0.8455E-02  0.2479E-03  0.1669E-02  0.3749E-02
     6  0.3159E+01  0.3203E-02  0.1904E-03  0.1749E-02  0.6298E-10  0.2497E+00  0.2074E+00  0.2578E-01  0.2205E-01  0.4822E+00 -0.1891E-01  0.1659E+05  0.1659E+05  0.1659E+05  0.3113E-03  0.7950E-02  0.7799E-10  0.4228E+00  0.1555E-07  0.7947E-02 -0.1229E-02 -0.1701E-02 -0.6618E-02 -0.1788E-03  0.1139E-02  0.3805E-02
     7  0.3791E+01  0.3223E-02  0.1891E-03  0.1752E-02  0.6253E-10  0.2493E+00  0.2071E+00  0.2588E-01  0.1941E-01  0.4879E+00 -0.1883E-01  0.1651E+05  0.1651E+05  0.1651E+05  0.3407E-03  0.7910E-02  0.7886E-10  0.8876E+00  0.2006E-07  0.7897E-02 -0.1202E-02 -0.1699E-02 -0.6920E-02 -0.1994E-03  0.1530E-02  0.3772E-02
     8  0.4422E+01  0.3232E-02  0.1878E-03  0.1756E-02  0.6200E-10  0.2475E+00  0.2064E+00  0.2573E-01  0.9376E-02  0.4907E+00 -0.1183E-01  0.1644E+05  0.1644E+05  0.1644E+05  0.3180E-03  0.7896E-02  0.7964E-10  0.1425E+01  0.2392E-07  0.7863E-02 -0.1216E-02 -0.1682E-02 -0.7502E-02  0.2339E-03  0.2109E-02  0.3746E-02
     9  0.5054E+01  0.3201E-02  0.1853E-03  0.1756E-02  0.6094E-10  0.2500E+00  0.2053E+00  0.2622E-01 -0.1269E-01  0.4897E+00 -0.4995E-03  0.1636E+05  0.1636E+05  0.1636E+05  0.3118E-03  0.7899E-02  0.8002E-10  0.1907E+01  0.2628E-07  0.7841E-02 -0.1161E-02 -0.1701E-02 -0.6412E-02 -0.4216E-03  0.2525E-02  0.3660E-02
    10  0.5686E+01  0.3224E-02  0.1836E-03  0.1756E-02  0.5998E-10  0.2514E+00  0.2040E+00  0.2649E-01  0.7297E-03  0.4857E+00  0.9559E-02  0.1629E+05  0.1629E+05  0.1629E+05  0.3253E-03  0.7933E-02  0.8013E-10  0.2452E+01  0.2732E-07  0.7839E-02 -0.1134E-02 -0.1694E-02 -0.7204E-02  0.1873E-03  0.3731E-02  0.3528E-02
    11  0.6318E+01  0.3236E-02  0.1821E-03  0.1762E-02  0.5935E-10  0.2522E+00  0.2025E+00  0.2652E-01 -0.1000E-01  0.4788E+00  0.1387E-01  0.1625E+05  0.1625E+05  0.1625E+05  0.3091E-03  0.8000E-02  0.8005E-10  0.2934E+01  0.2707E-07  0.7868E-02 -0.1103E-02 -0.1682E-02 -0.7089E-02 -0.1535E-03  0.4340E-02  0.3347E-02
    12  0.6950E+01  0.3198E-02  0.1805E-03  0.1769E-02  0.5877E-10  0.2520E+00  0.2010E+00  0.2680E-01 -0.3861E-02  0.4717E+00  0.1253E-01  0.1620E+05  0.1620E+05  0.1620E+05  0.3086E-03  0.8077E-02  0.7980E-10  0.3429E+01  0.2412E-07  0.7900E-02 -0.1043E-02 -0.1690E-02 -0.6714E-02  0.2829E-04  0.4788E-02  0.3167E-02
    13  0.7581E+01  0.3219E-02  0.1797E-03  0.1773E-02  0.5839E-10  0.2522E+00  0.1996E+00  0.2665E-01  0.8271E-02  0.4685E+00  0.4155E-02  0.1615E+05  0.1615E+05  0.1615E+05  0.3120E-03  0.8130E-02  0.7970E-10  0.3938E+01  0.1932E-07  0.7897E-02 -0.1018E-02 -0.1693E-02 -0.7609E-02 -0.3860E-03  0.5701E-02  0.3065E-02
    14  0.8213E+01  0.3243E-02  0.1781E-03  0.1777E-02  0.5775E-10  0.2543E+00  0.1985E+00  0.2633E-01  0.3116E-02  0.4686E+00 -0.5038E-02  0.1611E+05  0.1611E+05  0.1611E+05  0.3057E-03  0.8141E-02  0.7987E-10  0.4252E+01  0.1426E-07  0.7872E-02 -0.9745E-03 -0.1674E-02 -0.6844E-02  0.1761E-03  0.5426E-02  0.2915E-02
    15  0.8845E+01  0.3199E-02  0.1777E-03  0.1770E-02  0.5727E-10  0.2542E+00  0.1976E+00  0.2637E-01  0.1464E-01  0.4713E+00 -0.1378E-01  0.1608E+05  0.1608E+05  0.1608E+05  0.3081E-03  0.8114E-02  0.7998E-10  0.4506E+01  0.8556E-08  0.7810E-02 -0.9507E-03 -0.1694E-02 -0.6961E-02  0.1604E-04  0.5659E-02  0.2934E-02
    16  0.9477E+01  0.3210E-02  0.1769E-03  0.1763E-02  0.5642E-10  0.2571E+00  0.1972E+00  0.2626E-01  0.1224E-01  0.4771E+00 -0.1755E-01  0.1604E+05  0.1604E+05  0.1604E+05  0.3132E-03  0.8046E-02  0.8035E-10  0.4510E+01  0.2760E-08  0.7736E-02 -0.9467E-03 -0.1695E-02 -0.7777E-02 -0.2498E-03  0.6205E-02  0.2971E-02
    17  0.1011E+02  0.3249E-02  0.1752E-03  0.1756E-02  0.5525E-10  0.2563E+00  0.1972E+00  0.2650E-01  0.2358E-01  0.4836E+00 -0.1736E-01  0.1600E+05  0.1600E+05  0.1600E+05  0.3087E-03  0.7952E-02  0.8074E-10  0.4321E+01 -0.3537E-08  0.7669E-02 -0.9296E-03 -0.1671E-02 -0.6306E-02  0.6389E-03  0.5181E-02  0.2944E-02
    18  0.1074E+02  0.3205E-02  0.1741E-03  0.1750E-02  0.5389E-10  0.2582E+00  0.1976E+00  0.2619E-01  0.3088E-01  0.4896E+00 -0.1311E-01  0.1595E+05  0.1595E+05  0.1595E+05  0.3142E-03  0.7847E-02  0.8105E-10  0.3883E+01 -0.8661E-08  0.7619E-02 -0.9726E-03 -0.1692E-02 -0.7085E-02 -0.6159E-03  0.5942E-02  0.3162E-02
    19  0.1137E+02  0.3199E-02  0.1729E-03  0.1740E-02  0.5243E-10  0.2587E+00  0.1985E+00  0.2689E-01  0.3019E-01  0.4960E+00 -0.7933E-02  0.1591E+05  0.1591E+05  0.1591E+05  0.2979E-03  0.7745E-02  0.8121E-10  0.3380E+01 -0.1181E-07  0.7572E-02 -0.9853E-03 -0.1686E-02 -0.7948E-02  0.2282E-03  0.5289E-02  0.3267E-02
    20  0.1200E+02  0.3250E-02  0.1718E-03  0.1730E-02  0.5131E-10  0.2583E+00  0.1996E+00  0.2678E-01  0.3728E-01  0.5024E+00 -0.2885E-02  0.1588E+05  0.1588E+05  0.1588E+05  0.3109E-03  0.7661E-02  0.8118E-10  0.2947E+01 -0.1270E-07  0.7530E-02 -0.9721E-03 -0.1686E-02 -0.7140E-02 -0.2635E-03  0.5143E-02  0.3343E-02
    21  0.1264E+02  0.3217E-02  0.1708E-03  0.1722E-02  0.5037E-10  0.2595E+00  0.2009E+00  0.2687E-01  0.6368E-01  0.5051E+00  0.6412E-02  0.1585E+05  0.1585E+05  0.1585E+05  0.3262E-03  0.7612E-02  0.8090E-10  0.2312E+01 -0.1423E-07  0.7530E-02 -0.1072E-02 -0.1682E-02 -0.6626E-02 -0.3109E-03  0.3289E-02  0.3579E-02
    22  0.1327E+02  0.3189E-02  0.1694E-03  0.1717E-02  0.4894E-10  0.2594E+00  0.2023E+00  0.2613E-01  0.7700E-02  0.5063E+00  0.1347E-01  0.1580E+05  0.1580E+05  0.1580E+05  0.2883E-03  0.7594E-02  0.8038E-10  0.1718E+01 -0.1178E-07  0.7549E-02 -0.1128E-02 -0.1688E-02 -0.7586E-02  0.2112E-03  0.3961E-02  0.3769E-02
    23  0.1390E+02  0.3245E-02  0.1688E-03  0.1711E-02  0.4830E-10  0.2605E+00  0.2039E+00  0.2848E-01  0.5278E-01  0.5052E+00  0.2040E-01  0.1576E+05  0.1576E+05  0.1576E+05  0.2971E-03  0.7615E-02  0.7965E-10  0.1393E+01 -0.9060E-08  0.7585E-02 -0.1082E-02 -0.1716E-02 -0.7418E-02  0.2678E-03  0.2585E-02  0.3776E-02
    24  0.1453E+02  0.3232E-02  0.1674E-03  0.1705E-02  0.4720E-10  0.2594E+00  0.2051E+00  0.2565E-01  0.8391E-01  0.5022E+00  0.2456E-01  0.1570E+05  0.1570E+05  0.1570E+05  0.3375E-03  0.7643E-02  0.7884E-10  0.1024E+01 -0.5654E-08  0.7628E-02 -0.1176E-02 -0.1683E-02 -0.7028E-02 -0.3509E-03  0.3222E-02  0.3881E-02
    25  0.1516E+02  0.3184E-02  0.1682E-03  0.1701E-02  0.4758E-10  0.2554E+00  0.2063E+00  0.2620E-01  0.1503E-01  0.4985E+00  0.2622E-01  0.1565E+05  0.1565E+05  0.1565E+05  0.2797E-03  0.7689E-02  0.7810E-10  0.8510E+00 -0.2734E-09  0.7678E-02 -0.1250E-02 -0.1680E-02 -0.6655E-02 -0.1627E-03  0.1246E-02  0.4011E-02
    26  0.1579E+02  0.3234E-02  0.1671E-03  0.1693E-02  0.4673E-10  0.2553E+00  0.2071E+00  0.2620E-01  0.5033E-01  0.4936E+00  0.2827E-01  0.1560E+05  0.1560E+05  0.1560E+05  0.2881E-03  0.7734E-02  0.7733E-10  0.8817E+00  0.3181E-08  0.7723E-02 -0.1182E-02 -0.1723E-02 -0.7017E-02 -0.2061E-03  0.2168E-02  0.3979E-02
    27  0.1643E+02  0.3245E-02  0.1661E-03  0.1692E-02  0.4592E-10  0.2547E+00  0.2077E+00  0.2594E-01  0.3071E-01  0.4885E+00  0.2568E-01  0.1555E+05  0.1555E+05  0.1555E+05  0.3186E-03  0.7782E-02  0.7687E-10  0.7975E+00  0.8938E-08  0.7773E-02 -0.1241E-02 -0.1683E-02 -0.7946E-02  0.3659E-03  0.1914E-02  0.3952E-02
    28  0.1706E+02  0.3186E-02  0.1653E-03  0.1691E-02  0.4582E-10  0.2514E+00  0.2078E+00  0.2580E-01  0.2917E-01  0.4830E+00  0.2182E-01  0.1548E+05  0.1548E+05  0.1548E+05  0.2733E-03  0.7832E-02  0.7658E-10  0.1020E+01  0.1484E-07  0.7818E-02 -0.1266E-02 -0.1688E-02 -0.6634E-02 -0.5342E-03  0.1991E-02  0.3976E-02
    29  0.1769E+02  0.3218E-02  0.1648E-03  0.1691E-02  0.4583E-10  0.2531E+00  0.2076E+00  0.2562E-01  0.2773E-01  0.4789E+00  0.1793E-01  0.1543E+05  0.1543E+05  0.1543E+05  0.2902E-03  0.7878E-02  0.7648E-10  0.1539E+01  0.1822E-07  0.7845E-02 -0.1217E-02 -0.1714E-02 -0.6606E-02 -0.1527E-03  0.2025E-02  0.3895E-02
    30  0.1832E+02  0.3255E-02  0.1649E-03  0.1692E-02  0.4584E-10  0.2518E+00  0.2069E+00  0.2559E-01  0.1359E-01  0.4744E+00  0.1039E-01  0.1536E+05  0.1536E+05  0.1536E+05  0.2917E-03  0.7915E-02  0.7648E-10  0.1904E+01  0.2102E-07  0.7864E-02 -0.1223E-02 -0.1681E-02 -0.7543E-02  0.6180E-03  0.2222E-02  0.3755E-02
    31  0.1895E+02  0.3194E-02  0.1634E-03  0.1695E-02  0.4545E-10  0.2520E+00  0.2059E+00  0.2604E-01 -0.1152E-01  0.4710E+00  0.3672E-02  0.1530E+05  0.1530E+05  0.1530E+05  0.2746E-03  0.7951E-02  0.7659E-10  0.2347E+01  0.2220E-07  0.7873E-02 -0.1194E-02 -0.1706E-02 -0.6649E-02 -0.6749E-03  0.3051E-02  0.3711E-02
    32  0.1959E+02  0.3203E-02  0.1622E-03  0.1693E-02  0.4487E-10  0.2559E+00  0.2047E+00  0.2639E-01  0.4116E-02  0.4689E+00 -0.4721E-02  0.1525E+05  0.1525E+05  0.1525E+05  0.2921E-03  0.7962E-02  0.7673E-10  0.2825E+01  0.2305E-07  0.7853E-02 -0.1156E-02 -0.1690E-02 -0.7212E-02 -0.7498E-04  0.3581E-02  0.3549E-02
    33  0.2022E+02  0.3257E-02  0.1610E-03  0.1696E-02  0.4437E-10  0.2525E+00  0.2033E+00  0.2641E-01 -0.1564E-01  0.4691E+00 -0.1359E-01  0.1521E+05  0.1521E+05  0.1521E+05  0.2730E-03  0.7959E-02  0.7706E-10  0.3205E+01  0.2139E-07  0.7820E-02 -0.1112E-02 -0.1677E-02 -0.6969E-02  0.1644E-03  0.3916E-02  0.3399E-02
    34  0.2085E+02  0.3208E-02  0.1597E-03  0.1701E-02  0.4397E-10  0.2540E+00  0.2019E+00  0.2679E-01 -0.4662E-02  0.4704E+00 -0.2058E-01  0.1518E+05  0.1518E+05  0.1518E+05  0.2838E-03  0.7944E-02  0.7755E-10  0.3456E+01  0.1919E-07  0.7784E-02 -0.1093E-02 -0.1713E-02 -0.6479E-02 -0.2143E-03  0.4348E-02  0.3440E-02
    35  0.2148E+02  0.3190E-02  0.1596E-03  0.1701E-02  0.4383E-10  0.2539E+00  0.2006E+00  0.2686E-01 -0.1765E-03  0.4754E+00 -0.2486E-01  0.1516E+05  0.1516E+05  0.1516E+05  0.2733E-03  0.7917E-02  0.7815E-10  0.3933E+01  0.1557E-07  0.7707E-02 -0.1057E-02 -0.1683E-02 -0.7879E-02  0.5939E-04  0.5488E-02  0.3287E-02
    36  0.2211E+02  0.3253E-02  0.1578E-03  0.1704E-02  0.4316E-10  0.2549E+00  0.1994E+00  0.2660E-01  0.5774E-02  0.4799E+00 -0.2172E-01  0.1512E+05  0.1512E+05  0.1512E+05  0.2695E-03  0.7870E-02  0.7872E-10  0.4099E+01  0.1039E-07  0.7643E-02 -0.9766E-03 -0.1673E-02 -0.6548E-02 -0.2298E-03  0.5218E-02  0.3133E-02
    37  0.2274E+02  0.3225E-02  0.1571E-03  0.1702E-02  0.4262E-10  0.2579E+00  0.1985E+00  0.2669E-01  0.2417E-02  0.4844E+00 -0.1050E-01  0.1509E+05  0.1509E+05  0.1509E+05  0.2901E-03  0.7809E-02  0.7920E-10  0.4133E+01  0.5324E-08  0.7579E-02 -0.9949E-03 -0.1693E-02 -0.7149E-02 -0.5660E-03  0.5752E-02  0.3252E-02
    38  0.2338E+02  0.3182E-02  0.1568E-03  0.1699E-02  0.4231E-10  0.2564E+00  0.1980E+00  0.2675E-01  0.1627E-01  0.4854E+00  0.2332E-02  0.1507E+05  0.1507E+05  0.1507E+05  0.2651E-03  0.7771E-02  0.7931E-10  0.4034E+01  0.1667E-10  0.7550E-02 -0.9957E-03 -0.1688E-02 -0.7392E-02  0.7133E-03  0.5277E-02  0.3255E-02
    39  0.2401E+02  0.3242E-02  0.1560E-03  0.1692E-02  0.4175E-10  0.2548E+00  0.1979E+00  0.2654E-01  0.2097E-01  0.4848E+00  0.1127E-01  0.1504E+05  0.1504E+05  0.1504E+05  0.2674E-03  0.7738E-02  0.7915E-10  0.3862E+01 -0.4024E-08  0.7535E-02 -0.9386E-03 -0.1695E-02 -0.6084E-02 -0.2947E-03  0.5126E-02  0.3204E-02
    40  0.2464E+02  0.3240E-02  0.1557E-03  0.1682E-02  0.4089E-10  0.2590E+00  0.1982E+00  0.2663E-01  0.3226E-01  0.4827E+00  0.1467E-01  0.1500E+05  0.1500E+05  0.1500E+05  0.2906E-03  0.7697E-02  0.7872E-10  0.3419E+01 -0.8061E-08  0.7538E-02 -0.9841E-03 -0.1678E-02 -0.7835E-02 -0.6602E-03  0.5415E-02  0.3271E-02
    41  0.2527E+02  0.3182E-02  0.1551E-03  0.1673E-02  0.4016E-10  0.2609E+00  0.1989E+00  0.2679E-01  0.2383E-01  0.4814E+00  0.1307E-01  0.1498E+05  0.1498E+05  0.1498E+05  0.2644E-03  0.7677E-02  0.7826E-10  0.3092E+01 -0.1072E-07  0.7547E-02 -0.1003E-02 -0.1674E-02 -0.8143E-02  0.6809E-03  0.4633E-02  0.3325E-02
    42  0.2590E+02  0.3227E-02  0.1537E-03  0.1660E-02  0.3925E-10  0.2608E+00  0.1999E+00  0.2700E-01  0.3576E-01  0.4833E+00  0.6000E-02  0.1494E+05  0.1494E+05  0.1494E+05  0.2809E-03  0.7627E-02  0.7786E-10  0.2708E+01 -0.1162E-07  0.7529E-02 -0.9923E-03 -0.1718E-02 -0.6572E-02 -0.2850E-03  0.4408E-02  0.3505E-02
    43  0.2653E+02  0.3251E-02  0.1532E-03  0.1652E-02  0.3863E-10  0.2623E+00  0.2011E+00  0.2693E-01  0.5286E-01  0.4866E+00 -0.2220E-02  0.1492E+05  0.1492E+05  0.1492E+05  0.3063E-03  0.7586E-02  0.7762E-10  0.2204E+01 -0.1202E-07  0.7520E-02 -0.1089E-02 -0.1682E-02 -0.6882E-02 -0.6529E-03  0.3841E-02  0.3641E-02
    44  0.2717E+02  0.3189E-02  0.1528E-03  0.1648E-02  0.3806E-10  0.2626E+00  0.2025E+00  0.2643E-01  0.3132E-01  0.4920E+00 -0.1094E-01  0.1489E+05  0.1489E+05  0.1489E+05  0.2571E-03  0.7546E-02  0.7751E-10  0.1700E+01 -0.9816E-08  0.7506E-02 -0.1126E-02 -0.1660E-02 -0.7557E-02  0.1950E-03  0.3548E-02  0.3726E-02
    45  0.2780E+02  0.3211E-02  0.1520E-03  0.1642E-02  0.3755E-10  0.2634E+00  0.2039E+00  0.2765E-01  0.2972E-01  0.4992E+00 -0.1326E-01  0.1486E+05  0.1486E+05  0.1486E+05  0.2716E-03  0.7502E-02  0.7749E-10  0.1368E+01 -0.6699E-08  0.7477E-02 -0.1093E-02 -0.1735E-02 -0.6986E-02 -0.3175E-04  0.2887E-02  0.3975E-02
    46  0.2843E+02  0.3257E-02  0.1517E-03  0.1640E-02  0.3719E-10  0.2636E+00  0.2052E+00  0.2677E-01  0.7610E-01  0.5042E+00 -0.9476E-02  0.1482E+05  0.1482E+05  0.1482E+05  0.3158E-03  0.7485E-02  0.7743E-10  0.1168E+01 -0.4052E-08  0.7467E-02 -0.1198E-02 -0.1689E-02 -0.7419E-02  0.3102E-03  0.2758E-02  0.4113E-02
    47  0.2906E+02  0.3201E-02  0.1520E-03  0.1636E-02  0.3725E-10  0.2611E+00  0.2064E+00  0.2586E-01  0.3459E-01  0.5081E+00  0.4621E-03  0.1479E+05  0.1479E+05  0.1479E+05  0.2522E-03  0.7474E-02  0.7731E-10  0.1048E+01 -0.4397E-11  0.7459E-02 -0.1230E-02 -0.1668E-02 -0.6867E-02 -0.4231E-03  0.2537E-02  0.4167E-02
    48  0.2969E+02  0.3196E-02  0.1521E-03  0.1631E-02  0.3729E-10  0.2607E+00  0.2073E+00  0.2642E-01  0.3869E-01  0.5085E+00  0.1431E-01  0.1476E+05  0.1476E+05  0.1476E+05  0.2771E-03  0.7483E-02  0.7699E-10  0.1054E+01  0.3515E-08  0.7468E-02 -0.1197E-02 -0.1733E-02 -0.7051E-02 -0.7157E-03  0.2177E-02  0.4318E-02
    49  0.3033E+02  0.3256E-02  0.1509E-03  0.1631E-02  0.3659E-10  0.2591E+00  0.2079E+00  0.2596E-01  0.3409E-01  0.5044E+00  0.2869E-01  0.1470E+05  0.1470E+05  0.1470E+05  0.2916E-03  0.7533E-02  0.7660E-10  0.1141E+01  0.7799E-08  0.7516E-02 -0.1262E-02 -0.1678E-02 -0.7664E-02  0.7682E-03  0.2278E-02  0.4258E-02
    50  0.3096E+02  0.3216E-02  0.1506E-03  0.1631E-02  0.3676E-10  0.2586E+00  0.2081E+00  0.2580E-01  0.3594E-01  0.4949E+00  0.4193E-01  0.1468E+05  0.1468E+05  0.1468E+05  0.2544E-03  0.7619E-02  0.7596E-10  0.1339E+01  0.1320E-07  0.7596E-02 -0.1265E-02 -0.1698E-02 -0.5971E-02 -0.4757E-03  0.1880E-02  0.4236E-02
    51  0.3159E+02  0.3187E-02  0.1510E-03  0.1633E-02  0.3690E-10  0.2592E+00  0.2079E+00  0.2544E-01  0.2468E-01  0.4838E+00  0.4704E-01  0.1465E+05  0.1465E+05  0.1465E+05  0.2775E-03  0.7723E-02  0.7527E-10  0.1693E+01  0.1530E-07  0.7685E-02 -0.1240E-02 -0.1714E-02 -0.7249E-02 -0.2021E-03  0.2451E-02  0.4117E-02
    52  0.3222E+02  0.3248E-02  0.1506E-03  0.1635E-02  0.3677E-10  0.2548E+00  0.2074E+00  0.2582E-01  0.1160E-01  0.4712E+00  0.4201E-01  0.1459E+05  0.1459E+05  0.1459E+05  0.2634E-03  0.7831E-02  0.7461E-10  0.2041E+01  0.1827E-07  0.7778E-02 -0.1231E-02 -0.1680E-02 -0.7721E-02  0.4766E-03  0.2269E-02  0.3863E-02
    53  0.3285E+02  0.3231E-02  0.1494E-03  0.1636E-02  0.3656E-10  0.2571E+00  0.2066E+00  0.2574E-01  0.1049E-02  0.4616E+00  0.2700E-01  0.1455E+05  0.1455E+05  0.1455E+05  0.2687E-03  0.7916E-02  0.7413E-10  0.2540E+01  0.1913E-07  0.7835E-02 -0.1208E-02 -0.1704E-02 -0.6539E-02 -0.9209E-03  0.3510E-02  0.3785E-02
    54  0.3348E+02  0.3183E-02  0.1488E-03  0.1637E-02  0.3641E-10  0.2595E+00  0.2055E+00  0.2627E-01 -0.1279E-02  0.4564E+00  0.4555E-02  0.1452E+05  0.1452E+05  0.1452E+05  0.2689E-03  0.7965E-02  0.7398E-10  0.3054E+01  0.1888E-07  0.7848E-02 -0.1201E-02 -0.1689E-02 -0.6922E-02  0.4879E-03  0.3048E-02  0.3648E-02
    55  0.3412E+02  0.3236E-02  0.1478E-03  0.1638E-02  0.3606E-10  0.2580E+00  0.2042E+00  0.2626E-01  0.1329E-02  0.4566E+00 -0.1931E-01  0.1449E+05  0.1449E+05  0.1449E+05  0.2496E-03  0.7963E-02  0.7431E-10  0.3445E+01  0.1817E-07  0.7815E-02 -0.1137E-02 -0.1698E-02 -0.6571E-02 -0.1942E-03  0.3740E-02  0.3522E-02
    56  0.3475E+02  0.3244E-02  0.1472E-03  0.1642E-02  0.3584E-10  0.2623E+00  0.2029E+00  0.2650E-01 -0.1077E-01  0.4611E+00 -0.3698E-01  0.1445E+05  0.1445E+05  0.1445E+05  0.2765E-03  0.7910E-02  0.7501E-10  0.3538E+01  0.1599E-07  0.7755E-02 -0.1108E-02 -0.1693E-02 -0.7136E-02 -0.6411E-04  0.4157E-02  0.3462E-02
    57  0.3538E+02  0.3185E-02  0.1466E-03  0.1642E-02  0.3546E-10  0.2597E+00  0.2016E+00  0.2687E-01 -0.3754E-02  0.4711E+00 -0.4635E-01  0.1443E+05  0.1443E+05  0.1443E+05  0.2525E-03  0.7830E-02  0.7603E-10  0.3920E+01  0.1262E-07  0.7639E-02 -0.1087E-02 -0.1682E-02 -0.7853E-02  0.2556E-04  0.5147E-02  0.3434E-02
    58  0.3601E+02  0.3222E-02  0.1451E-03  0.1642E-02  0.3503E-10  0.2639E+00  0.2004E+00  0.2679E-01 -0.7716E-03  0.4808E+00 -0.4322E-01  0.1442E+05  0.1442E+05  0.1442E+05  0.2621E-03  0.7741E-02  0.7702E-10  0.4103E+01  0.8621E-08  0.7531E-02 -0.1020E-02 -0.1697E-02 -0.6594E-02 -0.8102E-03  0.5215E-02  0.3407E-02
    59  0.3664E+02  0.3253E-02  0.1450E-03  0.1642E-02  0.3490E-10  0.2652E+00  0.1995E+00  0.2686E-01  0.2845E-02  0.4897E+00 -0.2632E-01  0.1440E+05  0.1440E+05  0.1440E+05  0.2743E-03  0.7633E-02  0.7789E-10  0.3966E+01  0.3324E-08  0.7433E-02 -0.1027E-02 -0.1675E-02 -0.6953E-02  0.4739E-03  0.4787E-02  0.3424E-02
    60  0.3727E+02  0.3192E-02  0.1442E-03  0.1638E-02  0.3436E-10  0.2654E+00  0.1989E+00  0.2685E-01  0.1150E-01  0.4939E+00 -0.4571E-02  0.1437E+05  0.1437E+05  0.1437E+05  0.2496E-03  0.7565E-02  0.7829E-10  0.3876E+01 -0.1558E-08  0.7375E-02 -0.1020E-02 -0.1702E-02 -0.6822E-02 -0.1423E-04  0.4977E-02  0.3538E-02
    61  0.3791E+02  0.3207E-02  0.1435E-03  0.1631E-02  0.3388E-10  0.2710E+00  0.1987E+00  0.2690E-01  0.1360E-01  0.4940E+00  0.1762E-01  0.1435E+05  0.1435E+05  0.1435E+05  0.2667E-03  0.7530E-02  0.7823E-10  0.3732E+01 -0.4526E-08  0.7354E-02 -0.9750E-03 -0.1695E-02 -0.6915E-02 -0.5934E-03  0.5430E-02  0.3466E-02
    62  0.3854E+02  0.3256E-02  0.1434E-03  0.1624E-02  0.3347E-10  0.2713E+00  0.1989E+00  0.2697E-01  0.3319E-01  0.4866E+00  0.3475E-01  0.1433E+05  0.1433E+05  0.1433E+05  0.2736E-03  0.7549E-02  0.7750E-10  0.3414E+01 -0.8784E-08  0.7401E-02 -0.9890E-03 -0.1659E-02 -0.7740E-02  0.2424E-03  0.4882E-02  0.3367E-02
    63  0.3917E+02  0.3204E-02  0.1427E-03  0.1618E-02  0.3288E-10  0.2697E+00  0.1994E+00  0.2677E-01  0.2077E-01  0.4790E+00  0.3346E-01  0.1431E+05  0.1431E+05  0.1431E+05  0.2615E-03  0.7566E-02  0.7663E-10  0.2925E+01 -0.1013E-07  0.7459E-02 -0.1023E-02 -0.1706E-02 -0.7243E-02  0.2917E-03  0.4234E-02  0.3561E-02
    64  0.3980E+02  0.3195E-02  0.1420E-03  0.1609E-02  0.3237E-10  0.2715E+00  0.2002E+00  0.2711E-01  0.3395E-01  0.4735E+00  0.2320E-01  0.1429E+05  0.1429E+05  0.1429E+05  0.2757E-03  0.7582E-02  0.7578E-10  0.2535E+01 -0.1117E-07  0.7502E-02 -0.1038E-02 -0.1714E-02 -0.6689E-02 -0.7109E-03  0.4474E-02  0.3625E-02
    65  0.4043E+02  0.3254E-02  0.1418E-03  0.1601E-02  0.3185E-10  0.2754E+00  0.2013E+00  0.2701E-01  0.4230E-01  0.4726E+00  0.3679E-02  0.1426E+05  0.1426E+05  0.1426E+05  0.2744E-03  0.7568E-02  0.7519E-10  0.2043E+01 -0.1033E-07  0.7516E-02 -0.1071E-02 -0.1638E-02 -0.7525E-02 -0.2355E-03  0.3987E-02  0.3497E-02
    66  0.4107E+02  0.3218E-02  0.1417E-03  0.1596E-02  0.3160E-10  0.2722E+00  0.2026E+00  0.2703E-01  0.3955E-01  0.4786E+00 -0.1900E-01  0.1424E+05  0.1424E+05  0.1424E+05  0.2510E-03  0.7525E-02  0.7516E-10  0.1618E+01 -0.7872E-08  0.7492E-02 -0.1094E-02 -0.1703E-02 -0.7555E-02  0.6414E-03  0.2925E-02  0.3813E-02
    67  0.4170E+02  0.3186E-02  0.1406E-03  0.1589E-02  0.3105E-10  0.2714E+00  0.2039E+00  0.2680E-01  0.3918E-01  0.4893E+00 -0.3196E-01  0.1421E+05  0.1421E+05  0.1421E+05  0.2866E-03  0.7451E-02  0.7544E-10  0.1310E+01 -0.5098E-08  0.7429E-02 -0.1143E-02 -0.1751E-02 -0.6636E-02 -0.2046E-03  0.2870E-02  0.4191E-02
    68  0.4233E+02  0.3247E-02  0.1405E-03  0.1585E-02  0.3080E-10  0.2728E+00  0.2052E+00  0.2711E-01  0.3974E-01  0.5012E+00 -0.3259E-01  0.1419E+05  0.1419E+05  0.1419E+05  0.2761E-03  0.7380E-02  0.7588E-10  0.1084E+01 -0.1584E-08  0.7365E-02 -0.1199E-02 -0.1629E-02 -0.7342E-02  0.5613E-04  0.2934E-02  0.4034E-02
    69  0.4296E+02  0.3232E-02  0.1403E-03  0.1583E-02  0.3065E-10  0.2716E+00  0.2063E+00  0.2666E-01  0.5800E-01  0.5113E+00 -0.2212E-01  0.1415E+05  0.1415E+05  0.1415E+05  0.2395E-03  0.7326E-02  0.7630E-10  0.9511E+00  0.2204E-08  0.7314E-02 -0.1189E-02 -0.1706E-02 -0.7325E-02 -0.1205E-02  0.3308E-02  0.4364E-02
    70  0.4359E+02  0.3183E-02  0.1400E-03  0.1581E-02  0.3059E-10  0.2754E+00  0.2073E+00  0.2616E-01  0.4061E-01  0.5161E+00 -0.1828E-02  0.1413E+05  0.1413E+05  0.1413E+05  0.2965E-03  0.7312E-02  0.7642E-10  0.1084E+01  0.7071E-08  0.7297E-02 -0.1234E-02 -0.1732E-02 -0.7345E-02  0.5880E-03  0.1960E-02  0.4610E-02
    71  0.4422E+02  0.3236E-02  0.1398E-03  0.1581E-02  0.3054E-10  0.2682E+00  0.2079E+00  0.2592E-01  0.3677E-01  0.5147E+00  0.2500E-01  0.1409E+05  0.1409E+05  0.1409E+05  0.2546E-03  0.7346E-02  0.7622E-10  0.1258E+01  0.1051E-07  0.7326E-02 -0.1271E-02 -0.1659E-02 -0.6445E-02  0.5769E-03  0.1631E-02  0.4431E-02
    72  0.4486E+02  0.3244E-02  0.1388E-03  0.1579E-02  0.3014E-10  0.2742E+00  0.2083E+00  0.2582E-01  0.2683E-01  0.5065E+00  0.4850E-01  0.1405E+05  0.1405E+05  0.1405E+05  0.2576E-03  0.7422E-02  0.7558E-10  0.1465E+01  0.1384E-07  0.7396E-02 -0.1253E-02 -0.1718E-02 -0.6830E-02 -0.1495E-02  0.3300E-02  0.4516E-02
    73  0.4549E+02  0.3184E-02  0.1389E-03  0.1581E-02  0.3013E-10  0.2739E+00  0.2083E+00  0.2604E-01  0.2509E-01  0.4923E+00  0.6304E-01  0.1402E+05  0.1402E+05  0.1402E+05  0.2719E-03  0.7549E-02  0.7467E-10  0.1769E+01  0.1666E-07  0.7511E-02 -0.1256E-02 -0.1694E-02 -0.7829E-02  0.1150E-02  0.2246E-02  0.4286E-02
    74  0.4612E+02  0.3223E-02  0.1383E-03  0.1583E-02  0.3010E-10  0.2701E+00  0.2079E+00  0.2566E-01  0.2425E-01  0.4750E+00  0.6394E-01  0.1398E+05  0.1398E+05  0.1398E+05  0.2552E-03  0.7703E-02  0.7356E-10  0.2255E+01  0.1822E-07  0.7644E-02 -0.1250E-02 -0.1696E-02 -0.6763E-02 -0.5021E-03  0.2984E-02  0.4105E-02
    75  0.4675E+02  0.3252E-02  0.1382E-03  0.1583E-02  0.3028E-10  0.2729E+00  0.2072E+00  0.2565E-01  0.1627E-01  0.4605E+00  0.4972E-01  0.1395E+05  0.1395E+05  0.1395E+05  0.2674E-03  0.7830E-02  0.7260E-10  0.2824E+01  0.1818E-07  0.7737E-02 -0.1240E-02 -0.1696E-02 -0.6517E-02 -0.5141E-03  0.3081E-02  0.3929E-02
