 #NTuple/Z0                                                                      
 output from Ecalc9f version   2.09
  settings: 
    particle type:            2
    pzmin/pzmax:    0.0000000000000000      /   100.00000000000000     
    transverse cuts:    0.0000000000000000        0.0000000000000000     
    longitudinal cut:    0.0000000000000000     
    RF frequency (MHz):    704.00000000000000     
    sigma cut:    4.0000000000000000     
    subtract out amplitude correlation
    wrnew9 =  F

regn #   Z           Bz          eperp       elong       e6D         Ldim        Pzavg       beta        alpha       betaL       alphaL      n0          n1          n2          Lcan(eVs)   sigmaE      sigmaT      corrE       corrT       sigmaE_c    xavg        yavg        Dx          Dy          Dr          Dr2
     1  0.0000E+00  0.0000E+00  0.7271E-03  0.2284E-02  0.1266E-08  0.1478E+00  0.1979E+00  0.1030E+00  0.4921E-01  0.5106E+00  0.1824E-01  0.3126E+05  0.3126E+05  0.3126E+05  0.7586E-03  0.9020E-02  0.9446E-10  0.1151E+01  0.1797E-08  0.8535E-02 -0.7508E-03 -0.6160E-03 -0.1943E-01 -0.4357E-03  0.1705E-01  0.9598E-03
     2  0.7000E+00 -0.6505E-15  0.7265E-03  0.2353E-02  0.1270E-08  0.1465E+00  0.1972E+00  0.4854E-01  0.3322E+00  0.4778E+00  0.7873E-01  0.3092E+05  0.3092E+05  0.3092E+05  0.7328E-03  0.9231E-02  0.9329E-10  0.9086E+00  0.3632E-08  0.8957E-02 -0.7489E-03 -0.6454E-03 -0.1090E-01 -0.8269E-03  0.2791E-01  0.9860E-03
     3  0.1400E+01 -0.1301E-14  0.7425E-03  0.2335E-02  0.1341E-08  0.1389E+00  0.1987E+00  0.5789E-01 -0.1599E+00  0.4600E+00  0.8510E-01  0.3070E+05  0.3070E+05  0.3070E+05  0.7222E-03  0.9461E-02  0.9189E-10  0.9650E+00  0.6865E-08  0.9149E-02 -0.9183E-03 -0.8642E-03 -0.1103E-01  0.1863E-03 -0.2439E-02  0.8802E-03
     4  0.2100E+01 -0.1084E-14  0.7492E-03  0.2331E-02  0.1382E-08  0.1396E+00  0.2005E+00  0.6870E-01  0.6427E-01  0.4392E+00  0.6104E-01  0.3062E+05  0.3062E+05  0.3062E+05  0.7387E-03  0.9818E-02  0.8987E-10  0.1149E+01  0.8197E-08  0.9399E-02 -0.9451E-03 -0.6569E-03 -0.1518E-01  0.9812E-03  0.2151E-01  0.1060E-02
     5  0.2800E+01 -0.2168E-15  0.7329E-03  0.2345E-02  0.1355E-08  0.1431E+00  0.2022E+00  0.6167E-01  0.1293E+00  0.4317E+00 -0.2561E-02  0.3054E+05  0.3054E+05  0.3054E+05  0.7298E-03  0.1008E-01  0.8942E-10  0.1360E+01  0.9439E-08  0.9549E-02 -0.9414E-03 -0.6756E-03 -0.1273E-01 -0.1591E-02  0.2319E-01  0.1049E-02
     6  0.3500E+01  0.0000E+00  0.7286E-03  0.2341E-02  0.1366E-08  0.1448E+00  0.2040E+00  0.5947E-01  0.8258E-01  0.4446E+00 -0.5714E-01  0.3042E+05  0.3042E+05  0.3042E+05  0.7461E-03  0.1016E-01  0.9033E-10  0.1556E+01  0.9918E-08  0.9473E-02 -0.1242E-02 -0.8237E-03 -0.1430E-01 -0.1703E-02  0.1715E-01  0.1408E-02
     7  0.4200E+01  0.6505E-15  0.7253E-03  0.2330E-02  0.1385E-08  0.1450E+00  0.2056E+00  0.5983E-01  0.7701E-01  0.4740E+00 -0.6476E-01  0.3035E+05  0.3035E+05  0.3035E+05  0.7368E-03  0.1017E-01  0.9179E-10  0.1821E+01  0.8888E-08  0.9210E-02 -0.1187E-02 -0.7038E-03 -0.9081E-02  0.2999E-02  0.1732E-01  0.1253E-02
     8  0.4900E+01 -0.8674E-15  0.7179E-03  0.2330E-02  0.1359E-08  0.1456E+00  0.2068E+00  0.5935E-01  0.8420E-01  0.4939E+00 -0.2662E-01  0.3023E+05  0.3023E+05  0.3023E+05  0.7335E-03  0.1017E-01  0.9266E-10  0.1984E+01  0.7810E-08  0.9046E-02 -0.1298E-02 -0.7834E-03 -0.1347E-01 -0.3442E-02  0.1922E-01  0.1504E-02
     9  0.5600E+01  0.6505E-15  0.7069E-03  0.2337E-02  0.1326E-08  0.1488E+00  0.2075E+00  0.5796E-01  0.7566E-01  0.4921E+00  0.3615E-01  0.3012E+05  0.3012E+05  0.3012E+05  0.7374E-03  0.1035E-01  0.9181E-10  0.2136E+01  0.6503E-08  0.9101E-02 -0.1321E-02 -0.7307E-03 -0.1188E-01  0.6176E-03  0.1822E-01  0.1433E-02
    10  0.6300E+01  0.1518E-14  0.6929E-03  0.2337E-02  0.1267E-08  0.1493E+00  0.2077E+00  0.5768E-01  0.5223E-01  0.4728E+00  0.9511E-01  0.2998E+05  0.2998E+05  0.2998E+05  0.7225E-03  0.1057E-01  0.8945E-10  0.2218E+01  0.5078E-08  0.9323E-02 -0.1343E-02 -0.7755E-03 -0.9942E-02 -0.3309E-03  0.1673E-01  0.1424E-02
    11  0.7000E+01  0.8674E-15  0.6887E-03  0.2334E-02  0.1239E-08  0.1518E+00  0.2073E+00  0.5823E-01  0.5006E-01  0.4395E+00  0.1194E+00  0.2989E+05  0.2989E+05  0.2989E+05  0.7301E-03  0.1095E-01  0.8598E-10  0.2272E+01  0.3603E-08  0.9679E-02 -0.1344E-02 -0.7593E-03 -0.1317E-01 -0.2576E-03  0.1637E-01  0.1327E-02
    12  0.7700E+01  0.1301E-14  0.6788E-03  0.2335E-02  0.1190E-08  0.1527E+00  0.2064E+00  0.5818E-01  0.5290E-01  0.4049E+00  0.1048E+00  0.2976E+05  0.2976E+05  0.2976E+05  0.7212E-03  0.1119E-01  0.8251E-10  0.2231E+01  0.1611E-08  0.1004E-01 -0.1200E-02 -0.7382E-03 -0.1067E-01 -0.9503E-03  0.1402E-01  0.1060E-02
    13  0.8400E+01  0.6505E-15  0.6677E-03  0.2325E-02  0.1127E-08  0.1569E+00  0.2051E+00  0.5751E-01  0.3556E-01  0.3811E+00  0.4657E-01  0.2964E+05  0.2964E+05  0.2964E+05  0.7306E-03  0.1125E-01  0.8016E-10  0.2151E+01 -0.1296E-09  0.1023E-01 -0.1244E-02 -0.7415E-03 -0.1295E-01 -0.5203E-03  0.1359E-01  0.1080E-02
    14  0.9100E+01  0.1518E-14  0.6588E-03  0.2313E-02  0.1084E-08  0.1604E+00  0.2036E+00  0.5886E-01  0.1686E-02  0.3804E+00 -0.3343E-01  0.2955E+05  0.2955E+05  0.2955E+05  0.7304E-03  0.1108E-01  0.8034E-10  0.2068E+01 -0.1183E-08  0.1016E-01 -0.1099E-02 -0.7561E-03 -0.1224E-01 -0.3245E-03  0.1352E-01  0.9622E-03
    15  0.9800E+01  0.4337E-15  0.6546E-03  0.2309E-02  0.1061E-08  0.1624E+00  0.2021E+00  0.6108E-01  0.3191E-01  0.3994E+00 -0.9194E-01  0.2948E+05  0.2948E+05  0.2948E+05  0.7454E-03  0.1069E-01  0.8276E-10  0.1898E+01 -0.2042E-08  0.9890E-02 -0.1012E-02 -0.7244E-03 -0.1162E-01 -0.1106E-03  0.1232E-01  0.8927E-03
    16  0.1050E+02 -0.1084E-14  0.6452E-03  0.2319E-02  0.1019E-08  0.1644E+00  0.2007E+00  0.5842E-01  0.4650E-01  0.4293E+00 -0.1105E+00  0.2944E+05  0.2944E+05  0.2944E+05  0.7374E-03  0.1016E-01  0.8645E-10  0.1665E+01 -0.2506E-08  0.9529E-02 -0.1021E-02 -0.7181E-03 -0.1285E-01 -0.9110E-03  0.1252E-01  0.9689E-03
    17  0.1120E+02 -0.1301E-14  0.6360E-03  0.2317E-02  0.9790E-09  0.1709E+00  0.1998E+00  0.5917E-01 -0.2802E-01  0.4586E+00 -0.8371E-01  0.2939E+05  0.2939E+05  0.2939E+05  0.7556E-03  0.9660E-02  0.8958E-10  0.1488E+01 -0.2190E-08  0.9161E-02 -0.8883E-03 -0.7239E-03 -0.1352E-01 -0.4293E-03  0.1505E-01  0.9372E-03
    18  0.1190E+02  0.0000E+00  0.6323E-03  0.2304E-02  0.9534E-09  0.1729E+00  0.1993E+00  0.6504E-01  0.2353E-01  0.4760E+00 -0.2668E-01  0.2936E+05  0.2936E+05  0.2936E+05  0.7655E-03  0.9327E-02  0.9108E-10  0.1328E+01 -0.1373E-08  0.8925E-02 -0.8643E-03 -0.7059E-03 -0.1506E-01  0.3509E-03  0.1439E-01  0.9498E-03
    19  0.1260E+02 -0.8674E-15  0.6245E-03  0.2307E-02  0.9263E-09  0.1760E+00  0.1993E+00  0.6016E-01  0.9353E-01  0.4728E+00  0.3304E-01  0.2933E+05  0.2933E+05  0.2933E+05  0.7721E-03  0.9285E-02  0.9080E-10  0.1199E+01 -0.2216E-09  0.8961E-02 -0.9321E-03 -0.7309E-03 -0.1106E-01 -0.7543E-03  0.1533E-01  0.1057E-02
    20  0.1330E+02  0.1735E-14  0.6217E-03  0.2305E-02  0.9100E-09  0.1777E+00  0.1999E+00  0.5916E-01  0.1758E-01  0.4569E+00  0.6937E-01  0.2930E+05  0.2930E+05  0.2930E+05  0.7720E-03  0.9431E-02  0.8907E-10  0.1143E+01  0.1154E-08  0.9148E-02 -0.9938E-03 -0.7170E-03 -0.1370E-01  0.7819E-04  0.9291E-02  0.1021E-02
    21  0.1400E+02  0.2168E-15  0.6186E-03  0.2313E-02  0.9005E-09  0.1794E+00  0.2010E+00  0.6262E-01  0.4154E-01  0.4369E+00  0.6043E-01  0.2927E+05  0.2927E+05  0.2927E+05  0.7725E-03  0.9675E-02  0.8704E-10  0.1142E+01  0.2856E-08  0.9401E-02 -0.9218E-03 -0.7287E-03 -0.1524E-01 -0.2397E-03  0.1184E-01  0.9179E-03
    22  0.1470E+02  0.8674E-15  0.6117E-03  0.2316E-02  0.8860E-09  0.1834E+00  0.2024E+00  0.6218E-01  0.6799E-01  0.4256E+00  0.1921E-01  0.2922E+05  0.2922E+05  0.2922E+05  0.7983E-03  0.9848E-02  0.8577E-10  0.1181E+01  0.4210E-08  0.9565E-02 -0.1053E-02 -0.7320E-03 -0.1365E-01 -0.6874E-03  0.1356E-01  0.1079E-02
    23  0.1540E+02 -0.8674E-15  0.6079E-03  0.2312E-02  0.8828E-09  0.1858E+00  0.2039E+00  0.6112E-01  0.8268E-01  0.4299E+00 -0.3255E-01  0.2920E+05  0.2920E+05  0.2920E+05  0.7914E-03  0.9892E-02  0.8595E-10  0.1284E+01  0.5562E-08  0.9564E-02 -0.1265E-02 -0.7289E-03 -0.1316E-01 -0.5242E-03  0.1180E-01  0.1326E-02
    24  0.1610E+02 -0.6505E-15  0.6047E-03  0.2310E-02  0.8850E-09  0.1875E+00  0.2055E+00  0.6007E-01  0.7501E-01  0.4505E+00 -0.6252E-01  0.2916E+05  0.2916E+05  0.2916E+05  0.7932E-03  0.9809E-02  0.8764E-10  0.1424E+01  0.6336E-08  0.9402E-02 -0.1174E-02 -0.7640E-03 -0.1113E-01 -0.6288E-03  0.1121E-01  0.1252E-02
    25  0.1680E+02  0.8674E-15  0.6029E-03  0.2313E-02  0.8862E-09  0.1880E+00  0.2069E+00  0.5993E-01  0.7248E-01  0.4750E+00 -0.5783E-01  0.2910E+05  0.2910E+05  0.2910E+05  0.8036E-03  0.9704E-02  0.8967E-10  0.1568E+01  0.6593E-08  0.9202E-02 -0.1351E-02 -0.7493E-03 -0.1496E-01  0.1171E-03  0.1253E-01  0.1550E-02
    26  0.1750E+02 -0.1518E-14  0.5973E-03  0.2318E-02  0.8823E-09  0.1900E+00  0.2079E+00  0.5912E-01  0.6529E-01  0.4896E+00 -0.1552E-01  0.2905E+05  0.2905E+05  0.2905E+05  0.7909E-03  0.9702E-02  0.9076E-10  0.1741E+01  0.6515E-08  0.9092E-02 -0.1368E-02 -0.7626E-03 -0.1189E-01 -0.1022E-02  0.1328E-01  0.1612E-02
    27  0.1820E+02 -0.8674E-15  0.5924E-03  0.2321E-02  0.8764E-09  0.1927E+00  0.2085E+00  0.5901E-01  0.6103E-01  0.4871E+00  0.4653E-01  0.2900E+05  0.2900E+05  0.2900E+05  0.8057E-03  0.9850E-02  0.9032E-10  0.1883E+01  0.6175E-08  0.9149E-02 -0.1396E-02 -0.7669E-03 -0.1050E-01 -0.4019E-03  0.1363E-01  0.1622E-02
    28  0.1890E+02 -0.1301E-14  0.5898E-03  0.2325E-02  0.8677E-09  0.1928E+00  0.2086E+00  0.5877E-01  0.6607E-01  0.4654E+00  0.9753E-01  0.2894E+05  0.2894E+05  0.2894E+05  0.7914E-03  0.1018E-01  0.8819E-10  0.2008E+01  0.5538E-08  0.9406E-02 -0.1450E-02 -0.7673E-03 -0.1351E-01  0.4236E-03  0.1368E-01  0.1613E-02
    29  0.1960E+02  0.4337E-15  0.5853E-03  0.2319E-02  0.8533E-09  0.1930E+00  0.2082E+00  0.5788E-01  0.5566E-01  0.4349E+00  0.1173E+00  0.2888E+05  0.2888E+05  0.2888E+05  0.7910E-03  0.1055E-01  0.8506E-10  0.2123E+01  0.4450E-08  0.9724E-02 -0.1306E-02 -0.7620E-03 -0.1231E-01 -0.1349E-02  0.1313E-01  0.1303E-02
    30  0.2030E+02 -0.6505E-15  0.5832E-03  0.2312E-02  0.8460E-09  0.1920E+00  0.2074E+00  0.5821E-01  0.4672E-01  0.4039E+00  0.9631E-01  0.2882E+05  0.2882E+05  0.2882E+05  0.7855E-03  0.1089E-01  0.8189E-10  0.2196E+01  0.3267E-08  0.1003E-01 -0.1384E-02 -0.7458E-03 -0.1173E-01  0.3616E-04  0.1184E-01  0.1293E-02
    31  0.2100E+02 -0.4337E-15  0.5807E-03  0.2302E-02  0.8337E-09  0.1922E+00  0.2063E+00  0.5808E-01  0.5207E-01  0.3852E+00  0.4386E-01  0.2876E+05  0.2876E+05  0.2876E+05  0.7729E-03  0.1104E-01  0.7995E-10  0.2232E+01  0.2069E-08  0.1017E-01 -0.1305E-02 -0.7724E-03 -0.1183E-01 -0.9047E-03  0.1105E-01  0.1168E-02
    32  0.2170E+02 -0.4337E-15  0.5798E-03  0.2287E-02  0.8252E-09  0.1929E+00  0.2051E+00  0.5763E-01  0.4075E-01  0.3844E+00 -0.2093E-01  0.2870E+05  0.2870E+05  0.2870E+05  0.7823E-03  0.1098E-01  0.7988E-10  0.2227E+01  0.6684E-09  0.1010E-01 -0.1137E-02 -0.7277E-03 -0.1321E-01 -0.4098E-03  0.1090E-01  0.9574E-03
    33  0.2240E+02  0.1084E-14  0.5756E-03  0.2280E-02  0.8115E-09  0.1933E+00  0.2038E+00  0.5837E-01  0.2217E-01  0.3999E+00 -0.6678E-01  0.2866E+05  0.2866E+05  0.2866E+05  0.7771E-03  0.1070E-01  0.8168E-10  0.2154E+01 -0.4426E-09  0.9859E-02 -0.1185E-02 -0.7451E-03 -0.1178E-01 -0.2873E-03  0.1050E-01  0.1051E-02
    34  0.2310E+02  0.1735E-14  0.5708E-03  0.2268E-02  0.7926E-09  0.1945E+00  0.2028E+00  0.5918E-01  0.2252E-01  0.4241E+00 -0.7871E-01  0.2861E+05  0.2861E+05  0.2861E+05  0.7728E-03  0.1031E-01  0.8427E-10  0.2082E+01 -0.1549E-08  0.9522E-02 -0.1124E-02 -0.7512E-03 -0.1214E-01 -0.7648E-03  0.1159E-01  0.1064E-02
    35  0.2380E+02  0.1084E-14  0.5669E-03  0.2257E-02  0.7729E-09  0.1953E+00  0.2020E+00  0.6036E-01  0.2189E-01  0.4464E+00 -0.5906E-01  0.2857E+05  0.2857E+05  0.2857E+05  0.7735E-03  0.9932E-02  0.8653E-10  0.1953E+01 -0.2335E-08  0.9220E-02 -0.9926E-03 -0.7072E-03 -0.1350E-01 -0.5286E-03  0.1277E-01  0.9661E-03
    36  0.2450E+02 -0.1084E-14  0.5620E-03  0.2252E-02  0.7501E-09  0.1976E+00  0.2017E+00  0.6066E-01  0.3910E-01  0.4570E+00 -0.1807E-01  0.2853E+05  0.2853E+05  0.2853E+05  0.7783E-03  0.9651E-02  0.8757E-10  0.1744E+01 -0.2512E-08  0.9077E-02 -0.1065E-02 -0.7413E-03 -0.1212E-01 -0.6271E-03  0.1192E-01  0.1113E-02
    37  0.2520E+02 -0.4337E-15  0.5557E-03  0.2247E-02  0.7210E-09  0.2007E+00  0.2017E+00  0.6051E-01  0.3564E-01  0.4558E+00  0.2585E-01  0.2848E+05  0.2848E+05  0.2848E+05  0.7795E-03  0.9518E-02  0.8732E-10  0.1541E+01 -0.2302E-08  0.9083E-02 -0.1090E-02 -0.7408E-03 -0.1342E-01  0.1142E-03  0.1174E-01  0.1169E-02
    38  0.2590E+02  0.1084E-14  0.5523E-03  0.2244E-02  0.7024E-09  0.2009E+00  0.2023E+00  0.6142E-01  0.3629E-01  0.4454E+00  0.4710E-01  0.2844E+05  0.2844E+05  0.2844E+05  0.7775E-03  0.9545E-02  0.8603E-10  0.1372E+01 -0.1534E-08  0.9207E-02 -0.1016E-02 -0.7281E-03 -0.1340E-01 -0.1027E-02  0.1105E-01  0.1053E-02
    39  0.2660E+02  0.8674E-15  0.5474E-03  0.2245E-02  0.6839E-09  0.2034E+00  0.2032E+00  0.6190E-01  0.5249E-01  0.4314E+00  0.3969E-01  0.2840E+05  0.2840E+05  0.2840E+05  0.7854E-03  0.9636E-02  0.8437E-10  0.1204E+01 -0.1975E-09  0.9385E-02 -0.1168E-02 -0.7176E-03 -0.1326E-01 -0.9867E-04  0.1034E-01  0.1207E-02
    40  0.2730E+02 -0.1301E-14  0.5438E-03  0.2243E-02  0.6719E-09  0.2039E+00  0.2044E+00  0.6146E-01  0.6372E-01  0.4257E+00  0.9920E-02  0.2837E+05  0.2837E+05  0.2837E+05  0.7711E-03  0.9700E-02  0.8346E-10  0.1150E+01  0.1387E-08  0.9477E-02 -0.1222E-02 -0.7782E-03 -0.1338E-01 -0.4621E-03  0.9335E-02  0.1314E-02
    41  0.2800E+02  0.0000E+00  0.5417E-03  0.2242E-02  0.6681E-09  0.2066E+00  0.2057E+00  0.6107E-01  0.7047E-01  0.4309E+00 -0.2340E-01  0.2834E+05  0.2834E+05  0.2834E+05  0.7941E-03  0.9689E-02  0.8369E-10  0.1158E+01  0.2860E-08  0.9464E-02 -0.1227E-02 -0.7488E-03 -0.1295E-01 -0.1158E-03  0.8359E-02  0.1293E-02
    42  0.2870E+02 -0.2168E-15  0.5379E-03  0.2240E-02  0.6602E-09  0.2065E+00  0.2070E+00  0.6051E-01  0.7500E-01  0.4455E+00 -0.4583E-01  0.2830E+05  0.2830E+05  0.2830E+05  0.7779E-03  0.9599E-02  0.8488E-10  0.1219E+01  0.4418E-08  0.9352E-02 -0.1377E-02 -0.7389E-03 -0.1436E-01 -0.6550E-03  0.8453E-02  0.1550E-02
    43  0.2940E+02 -0.1084E-14  0.5337E-03  0.2238E-02  0.6585E-09  0.2083E+00  0.2082E+00  0.5951E-01  0.6800E-01  0.4616E+00 -0.4037E-01  0.2826E+05  0.2826E+05  0.2826E+05  0.7802E-03  0.9521E-02  0.8627E-10  0.1361E+01  0.5848E-08  0.9215E-02 -0.1378E-02 -0.7914E-03 -0.1115E-01 -0.1063E-02  0.8622E-02  0.1641E-02
    44  0.3010E+02 -0.1518E-14  0.5330E-03  0.2240E-02  0.6633E-09  0.2079E+00  0.2091E+00  0.5957E-01  0.6854E-01  0.4726E+00 -0.8375E-02  0.2823E+05  0.2823E+05  0.2823E+05  0.7826E-03  0.9523E-02  0.8725E-10  0.1519E+01  0.6668E-08  0.9133E-02 -0.1484E-02 -0.7495E-03 -0.1229E-01 -0.6331E-04  0.9963E-02  0.1810E-02
    45  0.3080E+02  0.1518E-14  0.5321E-03  0.2249E-02  0.6658E-09  0.2075E+00  0.2096E+00  0.5900E-01  0.7593E-01  0.4697E+00  0.3554E-01  0.2820E+05  0.2820E+05  0.2820E+05  0.7649E-03  0.9676E-02  0.8709E-10  0.1686E+01  0.6958E-08  0.9199E-02 -0.1452E-02 -0.7848E-03 -0.1436E-01 -0.1230E-03  0.1036E-01  0.1746E-02
    46  0.3150E+02  0.1301E-14  0.5295E-03  0.2250E-02  0.6684E-09  0.2089E+00  0.2096E+00  0.5761E-01  0.7273E-01  0.4545E+00  0.7309E-01  0.2816E+05  0.2816E+05  0.2816E+05  0.7841E-03  0.9966E-02  0.8566E-10  0.1892E+01  0.6822E-08  0.9376E-02 -0.1437E-02 -0.7820E-03 -0.1133E-01 -0.1183E-02  0.1027E-01  0.1627E-02
    47  0.3220E+02 -0.1084E-14  0.5278E-03  0.2249E-02  0.6667E-09  0.2095E+00  0.2093E+00  0.5715E-01  0.5471E-01  0.4311E+00  0.8881E-01  0.2811E+05  0.2811E+05  0.2811E+05  0.7711E-03  0.1030E-01  0.8336E-10  0.2062E+01  0.6112E-08  0.9628E-02 -0.1540E-02 -0.7397E-03 -0.1150E-01  0.1867E-04  0.1047E-01  0.1653E-02
    48  0.3290E+02  0.1084E-14  0.5279E-03  0.2238E-02  0.6660E-09  0.2087E+00  0.2087E+00  0.5768E-01  0.4887E-01  0.4095E+00  0.7378E-01  0.2807E+05  0.2807E+05  0.2807E+05  0.7611E-03  0.1060E-01  0.8104E-10  0.2224E+01  0.5033E-08  0.9822E-02 -0.1345E-02 -0.7976E-03 -0.1316E-01 -0.1182E-02  0.1056E-01  0.1335E-02
    49  0.3360E+02 -0.1735E-14  0.5265E-03  0.2233E-02  0.6646E-09  0.2073E+00  0.2078E+00  0.5769E-01  0.5110E-01  0.3951E+00  0.3767E-01  0.2802E+05  0.2802E+05  0.2802E+05  0.7731E-03  0.1078E-01  0.7951E-10  0.2335E+01  0.3640E-08  0.9937E-02 -0.1364E-02 -0.7504E-03 -0.1229E-01  0.5022E-04  0.1040E-01  0.1277E-02
    50  0.3430E+02  0.8674E-15  0.5239E-03  0.2220E-02  0.6565E-09  0.2072E+00  0.2068E+00  0.5743E-01  0.4654E-01  0.3928E+00 -0.4656E-02  0.2796E+05  0.2796E+05  0.2796E+05  0.7500E-03  0.1078E-01  0.7914E-10  0.2385E+01  0.1897E-08  0.9898E-02 -0.1389E-02 -0.7479E-03 -0.1176E-01 -0.1075E-02  0.1060E-01  0.1302E-02
    51  0.3500E+02  0.6505E-15  0.5227E-03  0.2206E-02  0.6514E-09  0.2065E+00  0.2058E+00  0.5774E-01  0.3641E-01  0.4032E+00 -0.3818E-01  0.2792E+05  0.2792E+05  0.2792E+05  0.7532E-03  0.1061E-01  0.8014E-10  0.2383E+01  0.3336E-09  0.9710E-02 -0.1191E-02 -0.7705E-03 -0.1222E-01 -0.2770E-03  0.1095E-01  0.1101E-02
    52  0.3570E+02 -0.1084E-14  0.5214E-03  0.2191E-02  0.6418E-09  0.2054E+00  0.2049E+00  0.5858E-01  0.3171E-01  0.4188E+00 -0.5041E-01  0.2788E+05  0.2788E+05  0.2788E+05  0.7537E-03  0.1033E-01  0.8166E-10  0.2283E+01 -0.1163E-08  0.9472E-02 -0.1244E-02 -0.7356E-03 -0.1275E-01 -0.6360E-03  0.1109E-01  0.1192E-02
    53  0.3640E+02  0.8674E-15  0.5171E-03  0.2176E-02  0.6233E-09  0.2078E+00  0.2043E+00  0.5915E-01  0.3120E-01  0.4341E+00 -0.3872E-01  0.2783E+05  0.2783E+05  0.2783E+05  0.7462E-03  0.1000E-01  0.8310E-10  0.2136E+01 -0.2213E-08  0.9247E-02 -0.1225E-02 -0.7351E-03 -0.1209E-01 -0.5361E-03  0.1152E-01  0.1238E-02
    54  0.3710E+02  0.8674E-15  0.5135E-03  0.2164E-02  0.6052E-09  0.2080E+00  0.2040E+00  0.6000E-01  0.2932E-01  0.4426E+00 -0.1158E-01  0.2778E+05  0.2778E+05  0.2778E+05  0.7457E-03  0.9751E-02  0.8383E-10  0.1965E+01 -0.2997E-08  0.9116E-02 -0.1116E-02 -0.7731E-03 -0.1246E-01 -0.3110E-03  0.1103E-01  0.1177E-02
    55  0.3780E+02 -0.1735E-14  0.5103E-03  0.2162E-02  0.5884E-09  0.2099E+00  0.2041E+00  0.6049E-01  0.4072E-01  0.4427E+00  0.1520E-01  0.2776E+05  0.2776E+05  0.2776E+05  0.7593E-03  0.9613E-02  0.8379E-10  0.1751E+01 -0.3168E-08  0.9114E-02 -0.1230E-02 -0.7242E-03 -0.1350E-01 -0.7590E-03  0.1057E-01  0.1316E-02
    56  0.3850E+02 -0.6505E-15  0.5064E-03  0.2155E-02  0.5704E-09  0.2105E+00  0.2045E+00  0.6059E-01  0.3983E-01  0.4363E+00  0.2993E-01  0.2772E+05  0.2772E+05  0.2772E+05  0.7370E-03  0.9556E-02  0.8289E-10  0.1528E+01 -0.2859E-08  0.9184E-02 -0.1216E-02 -0.7398E-03 -0.1233E-01 -0.1803E-03  0.9628E-02  0.1312E-02
    57  0.3920E+02  0.1301E-14  0.5037E-03  0.2152E-02  0.5566E-09  0.2127E+00  0.2053E+00  0.6149E-01  0.4822E-01  0.4290E+00  0.2540E-01  0.2769E+05  0.2769E+05  0.2769E+05  0.7567E-03  0.9550E-02  0.8182E-10  0.1318E+01 -0.1716E-08  0.9279E-02 -0.1220E-02 -0.7912E-03 -0.1317E-01 -0.8213E-03  0.8280E-02  0.1352E-02
    58  0.3990E+02 -0.6505E-15  0.5009E-03  0.2150E-02  0.5449E-09  0.2144E+00  0.2063E+00  0.6126E-01  0.6744E-01  0.4258E+00  0.4709E-02  0.2766E+05  0.2766E+05  0.2766E+05  0.7574E-03  0.9546E-02  0.8114E-10  0.1164E+01 -0.1226E-09  0.9338E-02 -0.1350E-02 -0.7155E-03 -0.1368E-01 -0.8957E-04  0.7474E-02  0.1481E-02
    59  0.4060E+02  0.8674E-15  0.4991E-03  0.2148E-02  0.5406E-09  0.2140E+00  0.2074E+00  0.6033E-01  0.6823E-01  0.4298E+00 -0.1815E-01  0.2763E+05  0.2763E+05  0.2763E+05  0.7409E-03  0.9510E-02  0.8124E-10  0.1099E+01  0.1935E-08  0.9326E-02 -0.1344E-02 -0.7789E-03 -0.1236E-01 -0.1508E-02  0.6401E-02  0.1535E-02
    60  0.4130E+02  0.1518E-14  0.4978E-03  0.2149E-02  0.5394E-09  0.2136E+00  0.2085E+00  0.6005E-01  0.6741E-01  0.4397E+00 -0.3068E-01  0.2760E+05  0.2760E+05  0.2760E+05  0.7561E-03  0.9450E-02  0.8207E-10  0.1111E+01  0.3711E-08  0.9260E-02 -0.1428E-02 -0.7839E-03 -0.1334E-01  0.6077E-03  0.5855E-02  0.1709E-02
    61  0.4200E+02 -0.6505E-15  0.4956E-03  0.2149E-02  0.5374E-09  0.2124E+00  0.2095E+00  0.5982E-01  0.7006E-01  0.4516E+00 -0.2630E-01  0.2756E+05  0.2756E+05  0.2756E+05  0.7343E-03  0.9390E-02  0.8312E-10  0.1209E+01  0.5311E-08  0.9167E-02 -0.1497E-02 -0.7505E-03 -0.1311E-01 -0.1363E-03  0.6643E-02  0.1843E-02
    62  0.4270E+02  0.8674E-15  0.4943E-03  0.2151E-02  0.5414E-09  0.2146E+00  0.2103E+00  0.5901E-01  0.7568E-01  0.4575E+00 -0.3967E-02  0.2753E+05  0.2753E+05  0.2753E+05  0.7459E-03  0.9418E-02  0.8378E-10  0.1358E+01  0.6601E-08  0.9133E-02 -0.1487E-02 -0.7954E-03 -0.1229E-01 -0.2148E-02  0.7328E-02  0.1876E-02
    63  0.4340E+02 -0.1518E-14  0.4920E-03  0.2154E-02  0.5422E-09  0.2140E+00  0.2107E+00  0.5827E-01  0.7491E-01  0.4559E+00  0.2741E-01  0.2748E+05  0.2748E+05  0.2748E+05  0.7395E-03  0.9535E-02  0.8377E-10  0.1543E+01  0.7493E-08  0.9172E-02 -0.1569E-02 -0.7534E-03 -0.1184E-01  0.6435E-03  0.7745E-02  0.1957E-02
    64  0.4410E+02  0.6505E-15  0.4909E-03  0.2158E-02  0.5442E-09  0.2133E+00  0.2108E+00  0.5770E-01  0.7206E-01  0.4454E+00  0.5475E-01  0.2743E+05  0.2743E+05  0.2743E+05  0.7267E-03  0.9768E-02  0.8297E-10  0.1771E+01  0.7918E-08  0.9301E-02 -0.1535E-02 -0.8033E-03 -0.1354E-01 -0.5083E-03  0.8805E-02  0.1870E-02
    65  0.4480E+02 -0.8674E-15  0.4897E-03  0.2156E-02  0.5472E-09  0.2122E+00  0.2106E+00  0.5703E-01  0.6514E-01  0.4285E+00  0.6676E-01  0.2739E+05  0.2739E+05  0.2739E+05  0.7356E-03  0.1006E-01  0.8131E-10  0.2000E+01  0.7388E-08  0.9480E-02 -0.1486E-02 -0.7750E-03 -0.1161E-01 -0.5597E-03  0.9349E-02  0.1663E-02
    66  0.4550E+02 -0.1084E-14  0.4897E-03  0.2154E-02  0.5500E-09  0.2119E+00  0.2102E+00  0.5691E-01  0.6253E-01  0.4125E+00  0.5872E-01  0.2734E+05  0.2734E+05  0.2734E+05  0.7216E-03  0.1032E-01  0.7968E-10  0.2170E+01  0.6468E-08  0.9637E-02 -0.1579E-02 -0.7479E-03 -0.1211E-01 -0.1160E-02  0.9596E-02  0.1714E-02
    67  0.4620E+02 -0.1301E-14  0.4882E-03  0.2151E-02  0.5494E-09  0.2114E+00  0.2095E+00  0.5661E-01  0.6095E-01  0.4002E+00  0.3432E-01  0.2729E+05  0.2729E+05  0.2729E+05  0.7140E-03  0.1053E-01  0.7834E-10  0.2345E+01  0.5139E-08  0.9744E-02 -0.1396E-02 -0.8033E-03 -0.1226E-01  0.1178E-04  0.9119E-02  0.1412E-02
    68  0.4690E+02  0.0000E+00  0.4871E-03  0.2143E-02  0.5467E-09  0.2089E+00  0.2087E+00  0.5645E-01  0.4919E-01  0.3982E+00  0.3005E-02  0.2724E+05  0.2724E+05  0.2724E+05  0.7222E-03  0.1057E-01  0.7794E-10  0.2437E+01  0.3517E-08  0.9718E-02 -0.1434E-02 -0.7650E-03 -0.1269E-01 -0.3963E-03  0.9759E-02  0.1424E-02
    69  0.4760E+02 -0.1084E-14  0.4854E-03  0.2137E-02  0.5432E-09  0.2095E+00  0.2079E+00  0.5687E-01  0.4141E-01  0.4025E+00 -0.2303E-01  0.2719E+05  0.2719E+05  0.2719E+05  0.7033E-03  0.1050E-01  0.7828E-10  0.2451E+01  0.1693E-08  0.9629E-02 -0.1424E-02 -0.7384E-03 -0.1126E-01 -0.1333E-02  0.9136E-02  0.1395E-02
    70  0.4830E+02 -0.6505E-15  0.4837E-03  0.2124E-02  0.5359E-09  0.2090E+00  0.2071E+00  0.5730E-01  0.4028E-01  0.4136E+00 -0.3443E-01  0.2714E+05  0.2714E+05  0.2714E+05  0.7055E-03  0.1030E-01  0.7926E-10  0.2397E+01  0.1101E-09  0.9450E-02 -0.1293E-02 -0.7870E-03 -0.1211E-01 -0.2396E-04  0.9773E-02  0.1296E-02
    71  0.4900E+02  0.4337E-15  0.4817E-03  0.2120E-02  0.5257E-09  0.2085E+00  0.2066E+00  0.5804E-01  0.3329E-01  0.4248E+00 -0.3136E-01  0.2710E+05  0.2710E+05  0.2710E+05  0.7060E-03  0.1008E-01  0.8042E-10  0.2271E+01 -0.1147E-08  0.9298E-02 -0.1349E-02 -0.7554E-03 -0.1327E-01 -0.4831E-03  0.9925E-02  0.1404E-02
    72  0.4970E+02 -0.1518E-14  0.4767E-03  0.2110E-02  0.5107E-09  0.2098E+00  0.2064E+00  0.5874E-01  0.3593E-01  0.4323E+00 -0.1475E-01  0.2706E+05  0.2706E+05  0.2706E+05  0.6967E-03  0.9865E-02  0.8105E-10  0.2127E+01 -0.2026E-08  0.9182E-02 -0.1298E-02 -0.7417E-03 -0.1133E-01 -0.8313E-03  0.9854E-02  0.1366E-02
    73  0.5040E+02  0.6505E-15  0.4729E-03  0.2099E-02  0.4925E-09  0.2121E+00  0.2064E+00  0.5959E-01  0.3796E-01  0.4351E+00  0.5824E-02  0.2701E+05  0.2701E+05  0.2701E+05  0.7023E-03  0.9681E-02  0.8116E-10  0.1935E+01 -0.2734E-08  0.9128E-02 -0.1319E-02 -0.7843E-03 -0.1326E-01 -0.6887E-04  0.9728E-02  0.1483E-02
    74  0.5110E+02  0.1301E-14  0.4702E-03  0.2093E-02  0.4803E-09  0.2125E+00  0.2067E+00  0.5996E-01  0.5044E-01  0.4326E+00  0.1914E-01  0.2698E+05  0.2698E+05  0.2698E+05  0.7023E-03  0.9587E-02  0.8072E-10  0.1719E+01 -0.2689E-08  0.9155E-02 -0.1330E-02 -0.7448E-03 -0.1202E-01 -0.5218E-03  0.8318E-02  0.1478E-02
    75  0.5180E+02 -0.6505E-15  0.4675E-03  0.2085E-02  0.4664E-09  0.2128E+00  0.2073E+00  0.5995E-01  0.5451E-01  0.4267E+00  0.2116E-01  0.2694E+05  0.2694E+05  0.2694E+05  0.6958E-03  0.9536E-02  0.7983E-10  0.1485E+01 -0.2268E-08  0.9219E-02 -0.1370E-02 -0.7605E-03 -0.1364E-01 -0.1234E-02  0.7786E-02  0.1570E-02
    76  0.5250E+02  0.1301E-14  0.4646E-03  0.2082E-02  0.4566E-09  0.2151E+00  0.2080E+00  0.6003E-01  0.5525E-01  0.4238E+00  0.8641E-02  0.2691E+05  0.2691E+05  0.2691E+05  0.7016E-03  0.9513E-02  0.7922E-10  0.1326E+01 -0.1061E-08  0.9267E-02 -0.1404E-02 -0.7765E-03 -0.1237E-01  0.5808E-03  0.5939E-02  0.1634E-02
    77  0.5320E+02 -0.6505E-15  0.4634E-03  0.2076E-02  0.4504E-09  0.2135E+00  0.2089E+00  0.6027E-01  0.6665E-01  0.4250E+00 -0.8039E-02  0.2688E+05  0.2688E+05  0.2688E+05  0.6954E-03  0.9479E-02  0.7897E-10  0.1228E+01  0.5064E-09  0.9267E-02 -0.1465E-02 -0.7783E-03 -0.1344E-01 -0.7702E-03  0.5756E-02  0.1760E-02
    78  0.5390E+02  0.1518E-14  0.4618E-03  0.2073E-02  0.4477E-09  0.2131E+00  0.2098E+00  0.5962E-01  0.7759E-01  0.4317E+00 -0.2110E-01  0.2684E+05  0.2684E+05  0.2684E+05  0.6920E-03  0.9424E-02  0.7936E-10  0.1219E+01  0.2351E-08  0.9218E-02 -0.1479E-02 -0.7593E-03 -0.1246E-01 -0.1164E-02  0.5032E-02  0.1791E-02
    79  0.5460E+02 -0.4337E-15  0.4607E-03  0.2072E-02  0.4474E-09  0.2109E+00  0.2107E+00  0.5855E-01  0.8100E-01  0.4409E+00 -0.2283E-01  0.2682E+05  0.2682E+05  0.2682E+05  0.6789E-03  0.9374E-02  0.8012E-10  0.1278E+01  0.3953E-08  0.9145E-02 -0.1573E-02 -0.7854E-03 -0.1262E-01 -0.3734E-03  0.5414E-02  0.2035E-02
    80  0.5530E+02  0.6505E-15  0.4617E-03  0.2072E-02  0.4523E-09  0.2085E+00  0.2114E+00  0.5808E-01  0.7501E-01  0.4472E+00 -0.1101E-01  0.2679E+05  0.2679E+05  0.2679E+05  0.6745E-03  0.9373E-02  0.8075E-10  0.1389E+01  0.5404E-08  0.9099E-02 -0.1564E-02 -0.8012E-03 -0.1317E-01  0.4175E-03  0.5151E-02  0.2042E-02
    81  0.5600E+02  0.1084E-14  0.4610E-03  0.2072E-02  0.4550E-09  0.2079E+00  0.2118E+00  0.5748E-01  0.8444E-01  0.4502E+00  0.1263E-01  0.2674E+05  0.2674E+05  0.2674E+05  0.6767E-03  0.9419E-02  0.8106E-10  0.1548E+01  0.6414E-08  0.9081E-02 -0.1584E-02 -0.7705E-03 -0.1190E-01 -0.1614E-02  0.5944E-02  0.2043E-02
