 #NTuple/Z0                                                                      
 output from Ecalc9f version   2.09
  settings: 
    particle type:            2
    pzmin/pzmax:    0.0000000000000000      /   100.00000000000000     
    transverse cuts:    0.0000000000000000        0.0000000000000000     
    longitudinal cut:    0.0000000000000000     
    RF frequency (MHz):    1056.0000000000000     
    sigma cut:    4.0000000000000000     
    subtract out amplitude correlation
    wrnew9 =  F

regn #   Z           Bz          eperp       elong       e6D         Ldim        Pzavg       beta        alpha       betaL       alphaL      n0          n1          n2          Lcan(eVs)   sigmaE      sigmaT      corrE       corrT       sigmaE_c    xavg        yavg        Dx          Dy          Dr          Dr2
     1  0.0000E+00  0.1735E-14  0.4955E-03  0.2149E-02  0.5374E-09  0.2124E+00  0.2095E+00  0.5981E-01  0.7006E-01  0.4516E+00 -0.2631E-01  0.2756E+05  0.2756E+05  0.2756E+05  0.7309E-03  0.9390E-02  0.8312E-10  0.1209E+01  0.5310E-08  0.9167E-02 -0.1006E-02 -0.1034E-02 -0.1311E-01 -0.1215E-03  0.5554E-02  0.1376E-02
     2  0.6000E+00  0.7589E-15  0.4919E-03  0.2189E-02  0.5359E-09  0.2097E+00  0.2090E+00  0.3733E-01  0.3362E+00  0.4465E+00 -0.5271E-02  0.2741E+05  0.2741E+05  0.2741E+05  0.7742E-03  0.9463E-02  0.8416E-10  0.1098E+01  0.8039E-08  0.9284E-02 -0.1643E-02 -0.9717E-03 -0.1143E-01 -0.1457E-02  0.1531E-01  0.2416E-02
     3  0.1200E+01 -0.8674E-15  0.5085E-03  0.2204E-02  0.5966E-09  0.1995E+00  0.2089E+00  0.3325E-01 -0.3284E-01  0.4428E+00  0.2244E-01  0.2729E+05  0.2729E+05  0.2729E+05  0.6335E-03  0.9592E-02  0.8523E-10  0.1190E+01  0.1072E-07  0.9354E-02 -0.1581E-02 -0.1033E-02 -0.3982E-02  0.6614E-05 -0.5083E-03  0.2135E-02
     4  0.1800E+01 -0.4337E-15  0.5189E-03  0.2189E-02  0.6245E-09  0.1972E+00  0.2088E+00  0.4066E-01 -0.3740E-01  0.4388E+00  0.4616E-01  0.2718E+05  0.2718E+05  0.2718E+05  0.7172E-03  0.9833E-02  0.8503E-10  0.1679E+01  0.1177E-07  0.9371E-02 -0.1172E-02 -0.1070E-02 -0.1230E-01  0.1452E-03  0.6419E-02  0.1506E-02
     5  0.2400E+01 -0.1084E-15  0.5059E-03  0.2218E-02  0.6044E-09  0.2015E+00  0.2084E+00  0.4091E-01  0.3674E-01  0.4178E+00  0.4524E-01  0.2710E+05  0.2710E+05  0.2710E+05  0.7329E-03  0.1027E-01  0.8384E-10  0.2050E+01  0.1247E-07  0.9652E-02 -0.1493E-02 -0.9557E-03 -0.1380E-01 -0.9273E-04  0.1461E-01  0.1793E-02
     6  0.3000E+01 -0.8674E-15  0.4945E-03  0.2227E-02  0.5984E-09  0.2078E+00  0.2077E+00  0.3948E-01  0.5652E-01  0.3986E+00  0.2072E-01  0.2700E+05  0.2700E+05  0.2700E+05  0.6814E-03  0.1061E-01  0.8243E-10  0.2335E+01  0.1299E-07  0.9870E-02 -0.1429E-02 -0.1019E-02 -0.6000E-02 -0.1280E-02  0.1115E-01  0.1616E-02
     7  0.3600E+01  0.2168E-15  0.4955E-03  0.2213E-02  0.6022E-09  0.2083E+00  0.2068E+00  0.3862E-01  0.6064E-01  0.3955E+00 -0.1408E-01  0.2691E+05  0.2691E+05  0.2691E+05  0.7144E-03  0.1080E-01  0.8161E-10  0.2660E+01  0.1181E-07  0.9848E-02 -0.1276E-02 -0.1038E-02 -0.1112E-01 -0.3670E-03  0.1249E-01  0.1389E-02
     8  0.4200E+01  0.0000E+00  0.4925E-03  0.2217E-02  0.6008E-09  0.2053E+00  0.2060E+00  0.3809E-01  0.3295E-01  0.4036E+00 -0.4495E-01  0.2682E+05  0.2682E+05  0.2682E+05  0.7011E-03  0.1086E-01  0.8194E-10  0.2901E+01  0.9780E-08  0.9738E-02 -0.1279E-02 -0.9810E-03 -0.1076E-01  0.4882E-03  0.1178E-01  0.1311E-02
     9  0.4800E+01  0.2168E-15  0.4883E-03  0.2211E-02  0.5956E-09  0.2094E+00  0.2052E+00  0.3832E-01  0.1967E-01  0.4151E+00 -0.4918E-01  0.2674E+05  0.2674E+05  0.2674E+05  0.7082E-03  0.1081E-01  0.8253E-10  0.3046E+01  0.7610E-08  0.9566E-02 -0.1302E-02 -0.1014E-02 -0.9521E-02 -0.1344E-02  0.1255E-01  0.1384E-02
    10  0.5400E+01  0.0000E+00  0.4813E-03  0.2211E-02  0.5777E-09  0.2132E+00  0.2046E+00  0.3903E-01  0.1827E-01  0.4234E+00 -0.3663E-01  0.2665E+05  0.2665E+05  0.2665E+05  0.7017E-03  0.1072E-01  0.8294E-10  0.3101E+01  0.4842E-08  0.9447E-02 -0.1223E-02 -0.9972E-03 -0.9367E-02  0.9398E-05  0.1335E-01  0.1296E-02
    11  0.6000E+01 -0.1084E-14  0.4746E-03  0.2220E-02  0.5576E-09  0.2156E+00  0.2041E+00  0.3922E-01  0.3402E-01  0.4298E+00 -0.2355E-01  0.2658E+05  0.2658E+05  0.2658E+05  0.7113E-03  0.1058E-01  0.8359E-10  0.3040E+01  0.2579E-08  0.9373E-02 -0.1211E-02 -0.9981E-03 -0.9939E-02 -0.6526E-04  0.1334E-01  0.1309E-02
    12  0.6600E+01 -0.1409E-14  0.4688E-03  0.2215E-02  0.5353E-09  0.2195E+00  0.2038E+00  0.3902E-01  0.2560E-01  0.4295E+00 -0.7512E-02  0.2650E+05  0.2650E+05  0.2650E+05  0.7079E-03  0.1044E-01  0.8346E-10  0.2937E+01  0.4310E-09  0.9354E-02 -0.1231E-02 -0.1010E-02 -0.1090E-01 -0.7036E-03  0.1328E-01  0.1372E-02
    13  0.7200E+01 -0.1301E-14  0.4622E-03  0.2200E-02  0.5127E-09  0.2227E+00  0.2037E+00  0.3988E-01  0.2771E-01  0.4295E+00  0.6209E-02  0.2642E+05  0.2642E+05  0.2642E+05  0.7122E-03  0.1027E-01  0.8321E-10  0.2764E+01 -0.1429E-08  0.9321E-02 -0.1165E-02 -0.9832E-03 -0.9199E-02 -0.6288E-03  0.1259E-01  0.1299E-02
    14  0.7800E+01  0.1084E-15  0.4598E-03  0.2185E-02  0.4962E-09  0.2259E+00  0.2039E+00  0.3967E-01  0.4956E-01  0.4267E+00  0.1118E-01  0.2637E+05  0.2637E+05  0.2637E+05  0.7226E-03  0.1013E-01  0.8269E-10  0.2554E+01 -0.2834E-08  0.9328E-02 -0.1263E-02 -0.1003E-02 -0.1022E-01  0.2701E-03  0.1156E-01  0.1470E-02
    15  0.8400E+01 -0.1518E-14  0.4557E-03  0.2168E-02  0.4744E-09  0.2252E+00  0.2043E+00  0.3937E-01  0.4055E-01  0.4259E+00  0.2027E-02  0.2630E+05  0.2630E+05  0.2630E+05  0.7005E-03  0.9938E-02  0.8221E-10  0.2281E+01 -0.3119E-08  0.9311E-02 -0.1245E-02 -0.1034E-02 -0.1114E-01 -0.1192E-03  0.1064E-01  0.1522E-02
    16  0.9000E+01 -0.2168E-15  0.4522E-03  0.2159E-02  0.4613E-09  0.2283E+00  0.2049E+00  0.3976E-01  0.2439E-01  0.4282E+00 -0.8317E-02  0.2626E+05  0.2626E+05  0.2626E+05  0.7302E-03  0.9788E-02  0.8208E-10  0.2034E+01 -0.2945E-08  0.9286E-02 -0.1208E-02 -0.9895E-03 -0.9247E-02 -0.1302E-02  0.1005E-01  0.1462E-02
    17  0.9600E+01 -0.1626E-14  0.4507E-03  0.2152E-02  0.4505E-09  0.2319E+00  0.2056E+00  0.4095E-01  0.5107E-01  0.4318E+00 -0.2020E-01  0.2620E+05  0.2620E+05  0.2620E+05  0.7227E-03  0.9649E-02  0.8204E-10  0.1797E+01 -0.2238E-08  0.9255E-02 -0.1392E-02 -0.9689E-03 -0.1113E-01  0.8383E-04  0.8399E-02  0.1751E-02
    18  0.1020E+02 -0.1518E-14  0.4465E-03  0.2154E-02  0.4377E-09  0.2307E+00  0.2062E+00  0.3951E-01  0.6176E-01  0.4366E+00 -0.3234E-01  0.2616E+05  0.2616E+05  0.2616E+05  0.6902E-03  0.9544E-02  0.8230E-10  0.1610E+01 -0.5631E-09  0.9232E-02 -0.1270E-02 -0.1078E-02 -0.1143E-01  0.3344E-03  0.7781E-02  0.1728E-02
    19  0.1080E+02 -0.2168E-15  0.4423E-03  0.2156E-02  0.4300E-09  0.2352E+00  0.2068E+00  0.3926E-01  0.1764E-01  0.4431E+00 -0.3845E-01  0.2612E+05  0.2612E+05  0.2612E+05  0.7614E-03  0.9460E-02  0.8279E-10  0.1500E+01  0.1161E-08  0.9189E-02 -0.1310E-02 -0.1000E-02 -0.9844E-02 -0.8218E-03  0.7311E-02  0.1725E-02
    20  0.1140E+02 -0.1084E-14  0.4416E-03  0.2157E-02  0.4290E-09  0.2365E+00  0.2073E+00  0.4124E-01  0.2892E-01  0.4501E+00 -0.3696E-01  0.2607E+05  0.2607E+05  0.2607E+05  0.7053E-03  0.9394E-02  0.8340E-10  0.1465E+01  0.3061E-08  0.9135E-02 -0.1515E-02 -0.9484E-03 -0.1041E-01 -0.4495E-03  0.7716E-02  0.2052E-02
    21  0.1200E+02 -0.1084E-14  0.4381E-03  0.2163E-02  0.4244E-09  0.2376E+00  0.2076E+00  0.4066E-01  0.7199E-01  0.4560E+00 -0.2932E-01  0.2602E+05  0.2602E+05  0.2602E+05  0.6977E-03  0.9356E-02  0.8425E-10  0.1475E+01  0.5426E-08  0.9096E-02 -0.1280E-02 -0.1109E-02 -0.1036E-01 -0.1312E-03  0.7717E-02  0.1867E-02
    22  0.1260E+02 -0.1193E-14  0.4362E-03  0.2163E-02  0.4216E-09  0.2380E+00  0.2077E+00  0.3909E-01  0.4845E-01  0.4561E+00 -0.1015E-01  0.2597E+05  0.2597E+05  0.2597E+05  0.7609E-03  0.9398E-02  0.8452E-10  0.1620E+01  0.7288E-08  0.9094E-02 -0.1378E-02 -0.9822E-03 -0.1268E-01  0.9851E-03  0.7992E-02  0.1859E-02
    23  0.1320E+02  0.2168E-15  0.4343E-03  0.2174E-02  0.4270E-09  0.2385E+00  0.2077E+00  0.3954E-01  0.2507E-01  0.4512E+00  0.1144E-01  0.2592E+05  0.2592E+05  0.2592E+05  0.6944E-03  0.9536E-02  0.8457E-10  0.1803E+01  0.8703E-08  0.9165E-02 -0.1498E-02 -0.9855E-03 -0.8074E-02 -0.2068E-02  0.7327E-02  0.2007E-02
    24  0.1380E+02  0.4337E-15  0.4318E-03  0.2178E-02  0.4262E-09  0.2453E+00  0.2074E+00  0.3983E-01  0.3537E-01  0.4406E+00  0.3220E-01  0.2586E+05  0.2586E+05  0.2586E+05  0.7250E-03  0.9742E-02  0.8391E-10  0.2021E+01  0.9306E-08  0.9277E-02 -0.1308E-02 -0.1057E-02 -0.1036E-01 -0.2670E-03  0.9398E-02  0.1717E-02
    25  0.1440E+02  0.1084E-14  0.4306E-03  0.2188E-02  0.4259E-09  0.2423E+00  0.2069E+00  0.3979E-01  0.2844E-01  0.4264E+00  0.3360E-01  0.2582E+05  0.2582E+05  0.2582E+05  0.7336E-03  0.9987E-02  0.8299E-10  0.2238E+01  0.9750E-08  0.9437E-02 -0.1324E-02 -0.9974E-03 -0.1271E-01  0.6675E-03  0.1040E-01  0.1599E-02
    26  0.1500E+02  0.3253E-15  0.4261E-03  0.2190E-02  0.4237E-09  0.2460E+00  0.2063E+00  0.3983E-01  0.2932E-01  0.4130E+00  0.2431E-01  0.2575E+05  0.2575E+05  0.2575E+05  0.7252E-03  0.1021E-01  0.8184E-10  0.2462E+01  0.9631E-08  0.9571E-02 -0.1381E-02 -0.1006E-02 -0.8865E-02 -0.1585E-02  0.1069E-01  0.1619E-02
    27  0.1560E+02  0.1084E-14  0.4232E-03  0.2186E-02  0.4199E-09  0.2477E+00  0.2056E+00  0.3972E-01  0.3410E-01  0.4065E+00  0.7694E-02  0.2570E+05  0.2570E+05  0.2570E+05  0.7159E-03  0.1034E-01  0.8106E-10  0.2657E+01  0.8474E-08  0.9615E-02 -0.1300E-02 -0.1001E-02 -0.1023E-01  0.2137E-03  0.1083E-01  0.1463E-02
    28  0.1620E+02 -0.3253E-15  0.4221E-03  0.2181E-02  0.4177E-09  0.2464E+00  0.2049E+00  0.3962E-01  0.2941E-01  0.4071E+00 -0.1436E-01  0.2565E+05  0.2565E+05  0.2565E+05  0.7162E-03  0.1038E-01  0.8099E-10  0.2796E+01  0.7364E-08  0.9575E-02 -0.1221E-02 -0.1026E-02 -0.1083E-01 -0.2012E-03  0.1153E-01  0.1378E-02
    29  0.1680E+02  0.1301E-14  0.4194E-03  0.2170E-02  0.4116E-09  0.2501E+00  0.2043E+00  0.3971E-01  0.2305E-01  0.4117E+00 -0.2326E-01  0.2561E+05  0.2561E+05  0.2561E+05  0.7393E-03  0.1032E-01  0.8109E-10  0.2853E+01  0.5431E-08  0.9479E-02 -0.1267E-02 -0.9926E-03 -0.1046E-01 -0.8558E-03  0.1182E-01  0.1413E-02
    30  0.1740E+02  0.1301E-14  0.4164E-03  0.2162E-02  0.4038E-09  0.2497E+00  0.2038E+00  0.4000E-01  0.2301E-01  0.4179E+00 -0.2202E-01  0.2556E+05  0.2556E+05  0.2556E+05  0.7055E-03  0.1021E-01  0.8148E-10  0.2863E+01  0.3641E-08  0.9374E-02 -0.1242E-02 -0.9710E-03 -0.1033E-01 -0.1909E-03  0.1235E-01  0.1384E-02
    31  0.1800E+02  0.1084E-15  0.4133E-03  0.2145E-02  0.3948E-09  0.2512E+00  0.2035E+00  0.4009E-01  0.2920E-01  0.4238E+00 -0.1478E-01  0.2551E+05  0.2551E+05  0.2551E+05  0.7163E-03  0.1009E-01  0.8171E-10  0.2843E+01  0.2075E-08  0.9259E-02 -0.1159E-02 -0.1042E-02 -0.9694E-02 -0.1047E-02  0.1244E-01  0.1384E-02
    32  0.1860E+02  0.1518E-14  0.4121E-03  0.2130E-02  0.3875E-09  0.2524E+00  0.2033E+00  0.4011E-01  0.3581E-01  0.4260E+00 -0.1675E-02  0.2548E+05  0.2548E+05  0.2548E+05  0.7318E-03  0.9986E-02  0.8164E-10  0.2745E+01  0.5315E-09  0.9196E-02 -0.1243E-02 -0.9795E-03 -0.1075E-01  0.6412E-03  0.1204E-01  0.1448E-02
    33  0.1920E+02 -0.1084E-14  0.4104E-03  0.2117E-02  0.3789E-09  0.2503E+00  0.2033E+00  0.4014E-01  0.3654E-01  0.4256E+00  0.9112E-02  0.2544E+05  0.2544E+05  0.2544E+05  0.6941E-03  0.9883E-02  0.8135E-10  0.2600E+01 -0.5397E-09  0.9173E-02 -0.1201E-02 -0.9992E-03 -0.1032E-01 -0.4118E-03  0.1142E-01  0.1433E-02
    34  0.1980E+02 -0.3253E-15  0.4078E-03  0.2107E-02  0.3686E-09  0.2535E+00  0.2035E+00  0.3990E-01  0.3363E-01  0.4221E+00  0.1391E-01  0.2540E+05  0.2540E+05  0.2540E+05  0.7267E-03  0.9798E-02  0.8079E-10  0.2398E+01 -0.1475E-08  0.9196E-02 -0.1170E-02 -0.1021E-02 -0.1027E-01 -0.1476E-02  0.1063E-01  0.1435E-02
    35  0.2040E+02  0.3253E-15  0.4063E-03  0.2096E-02  0.3597E-09  0.2541E+00  0.2039E+00  0.4034E-01  0.2813E-01  0.4193E+00  0.6184E-02  0.2536E+05  0.2536E+05  0.2536E+05  0.7165E-03  0.9725E-02  0.8020E-10  0.2215E+01 -0.1533E-08  0.9214E-02 -0.1281E-02 -0.9639E-03 -0.1161E-01  0.9005E-03  0.1005E-01  0.1543E-02
    36  0.2100E+02 -0.1409E-14  0.4036E-03  0.2093E-02  0.3522E-09  0.2532E+00  0.2043E+00  0.4065E-01  0.3727E-01  0.4196E+00 -0.1126E-01  0.2533E+05  0.2533E+05  0.2533E+05  0.6961E-03  0.9640E-02  0.8004E-10  0.2015E+01 -0.1018E-08  0.9220E-02 -0.1230E-02 -0.1048E-02 -0.9688E-02 -0.7021E-03  0.9040E-02  0.1587E-02
    37  0.2160E+02 -0.1084E-14  0.4016E-03  0.2084E-02  0.3446E-09  0.2573E+00  0.2048E+00  0.4029E-01  0.4327E-01  0.4235E+00 -0.2821E-01  0.2528E+05  0.2528E+05  0.2528E+05  0.7352E-03  0.9532E-02  0.8008E-10  0.1845E+01  0.7335E-10  0.9175E-02 -0.1271E-02 -0.9951E-03 -0.1096E-01 -0.6322E-03  0.9168E-02  0.1624E-02
    38  0.2220E+02 -0.8674E-15  0.3999E-03  0.2083E-02  0.3394E-09  0.2569E+00  0.2054E+00  0.4072E-01  0.3418E-01  0.4314E+00 -0.4230E-01  0.2523E+05  0.2523E+05  0.2523E+05  0.6987E-03  0.9419E-02  0.8068E-10  0.1723E+01  0.1290E-08  0.9110E-02 -0.1334E-02 -0.9721E-03 -0.1129E-01 -0.3684E-03  0.8314E-02  0.1730E-02
    39  0.2280E+02  0.1301E-14  0.3970E-03  0.2087E-02  0.3362E-09  0.2582E+00  0.2058E+00  0.4048E-01  0.4438E-01  0.4406E+00 -0.4403E-01  0.2520E+05  0.2520E+05  0.2520E+05  0.7078E-03  0.9326E-02  0.8158E-10  0.1678E+01  0.3077E-08  0.9036E-02 -0.1273E-02 -0.1062E-02 -0.1009E-01 -0.1645E-03  0.7727E-02  0.1778E-02
    40  0.2340E+02  0.2168E-15  0.3948E-03  0.2092E-02  0.3327E-09  0.2596E+00  0.2061E+00  0.4045E-01  0.3157E-01  0.4478E+00 -0.3445E-01  0.2516E+05  0.2516E+05  0.2516E+05  0.7269E-03  0.9266E-02  0.8239E-10  0.1666E+01  0.4584E-08  0.8982E-02 -0.1356E-02 -0.9838E-03 -0.1145E-01 -0.4366E-03  0.8253E-02  0.1847E-02
    41  0.2400E+02  0.1626E-14  0.3927E-03  0.2101E-02  0.3327E-09  0.2613E+00  0.2062E+00  0.4073E-01  0.3464E-01  0.4507E+00 -0.1891E-01  0.2512E+05  0.2512E+05  0.2512E+05  0.6961E-03  0.9273E-02  0.8299E-10  0.1726E+01  0.6311E-08  0.8971E-02 -0.1359E-02 -0.9906E-03 -0.1021E-01 -0.9903E-03  0.8675E-02  0.1861E-02
    42  0.2460E+02  0.1626E-14  0.3917E-03  0.2112E-02  0.3342E-09  0.2622E+00  0.2062E+00  0.4071E-01  0.3550E-01  0.4496E+00  0.1736E-02  0.2508E+05  0.2508E+05  0.2508E+05  0.7096E-03  0.9345E-02  0.8332E-10  0.1826E+01  0.7569E-08  0.9004E-02 -0.1292E-02 -0.1056E-02 -0.1111E-01  0.3770E-03  0.9045E-02  0.1810E-02
    43  0.2520E+02 -0.1626E-14  0.3900E-03  0.2127E-02  0.3359E-09  0.2626E+00  0.2060E+00  0.4034E-01  0.3983E-01  0.4434E+00  0.2036E-01  0.2504E+05  0.2504E+05  0.2504E+05  0.7218E-03  0.9489E-02  0.8326E-10  0.1980E+01  0.8467E-08  0.9095E-02 -0.1351E-02 -0.9976E-03 -0.1048E-01 -0.7292E-04  0.9476E-02  0.1779E-02
    44  0.2580E+02 -0.1084E-15  0.3873E-03  0.2133E-02  0.3340E-09  0.2647E+00  0.2057E+00  0.4024E-01  0.2844E-01  0.4329E+00  0.3118E-01  0.2499E+05  0.2499E+05  0.2499E+05  0.6991E-03  0.9663E-02  0.8258E-10  0.2171E+01  0.9060E-08  0.9208E-02 -0.1335E-02 -0.9849E-03 -0.1037E-01 -0.1186E-02  0.1022E-01  0.1683E-02
    45  0.2640E+02  0.1518E-14  0.3860E-03  0.2136E-02  0.3345E-09  0.2665E+00  0.2052E+00  0.4061E-01  0.2844E-01  0.4210E+00  0.3168E-01  0.2495E+05  0.2495E+05  0.2495E+05  0.7053E-03  0.9861E-02  0.8157E-10  0.2354E+01  0.8698E-08  0.9331E-02 -0.1253E-02 -0.1026E-02 -0.1047E-01 -0.1701E-03  0.1050E-01  0.1548E-02
    46  0.2700E+02  0.0000E+00  0.3842E-03  0.2135E-02  0.3322E-09  0.2642E+00  0.2047E+00  0.4043E-01  0.3714E-01  0.4121E+00  0.2168E-01  0.2490E+05  0.2490E+05  0.2490E+05  0.7101E-03  0.1000E-01  0.8072E-10  0.2531E+01  0.8056E-08  0.9410E-02 -0.1279E-02 -0.1017E-02 -0.1084E-01  0.6365E-04  0.1080E-01  0.1528E-02
    47  0.2760E+02  0.1084E-15  0.3827E-03  0.2133E-02  0.3310E-09  0.2656E+00  0.2042E+00  0.3998E-01  0.2760E-01  0.4090E+00  0.3550E-02  0.2487E+05  0.2487E+05  0.2487E+05  0.6999E-03  0.1009E-01  0.8037E-10  0.2686E+01  0.7139E-08  0.9422E-02 -0.1263E-02 -0.9761E-03 -0.1070E-01 -0.1252E-02  0.1178E-01  0.1441E-02
    48  0.2820E+02  0.0000E+00  0.3810E-03  0.2119E-02  0.3280E-09  0.2684E+00  0.2037E+00  0.4051E-01  0.2757E-01  0.4100E+00 -0.1043E-01  0.2483E+05  0.2483E+05  0.2483E+05  0.6991E-03  0.1008E-01  0.8016E-10  0.2771E+01  0.5953E-08  0.9363E-02 -0.1194E-02 -0.9979E-03 -0.1031E-01 -0.3814E-03  0.1143E-01  0.1371E-02
    49  0.2880E+02 -0.2168E-15  0.3792E-03  0.2110E-02  0.3233E-09  0.2689E+00  0.2033E+00  0.4024E-01  0.2829E-01  0.4143E+00 -0.1713E-01  0.2479E+05  0.2479E+05  0.2479E+05  0.7087E-03  0.1001E-01  0.8035E-10  0.2817E+01  0.4526E-08  0.9282E-02 -0.1216E-02 -0.1033E-02 -0.1058E-01 -0.3436E-04  0.1183E-01  0.1454E-02
    50  0.2940E+02  0.2168E-15  0.3776E-03  0.2102E-02  0.3186E-09  0.2708E+00  0.2031E+00  0.4047E-01  0.2591E-01  0.4181E+00 -0.1816E-01  0.2476E+05  0.2476E+05  0.2476E+05  0.7104E-03  0.9928E-02  0.8052E-10  0.2763E+01  0.3268E-08  0.9214E-02 -0.1219E-02 -0.9772E-03 -0.1034E-01 -0.3791E-03  0.1203E-01  0.1420E-02
    51  0.3000E+02 -0.3253E-15  0.3752E-03  0.2086E-02  0.3108E-09  0.2721E+00  0.2029E+00  0.4070E-01  0.3175E-01  0.4223E+00 -0.1154E-01  0.2471E+05  0.2471E+05  0.2471E+05  0.6966E-03  0.9809E-02  0.8057E-10  0.2717E+01  0.1699E-08  0.9127E-02 -0.1168E-02 -0.9895E-03 -0.1080E-01 -0.4757E-03  0.1172E-01  0.1395E-02
    52  0.3060E+02  0.1193E-14  0.3731E-03  0.2077E-02  0.3042E-09  0.2752E+00  0.2029E+00  0.4047E-01  0.2886E-01  0.4244E+00 -0.4658E-02  0.2468E+05  0.2468E+05  0.2468E+05  0.7185E-03  0.9706E-02  0.8059E-10  0.2592E+01  0.6809E-09  0.9084E-02 -0.1185E-02 -0.1023E-02 -0.1088E-01 -0.7662E-03  0.1170E-01  0.1483E-02
    53  0.3120E+02  0.1084E-15  0.3712E-03  0.2066E-02  0.2978E-09  0.2750E+00  0.2030E+00  0.4083E-01  0.2908E-01  0.4223E+00  0.2039E-03  0.2465E+05  0.2465E+05  0.2465E+05  0.7073E-03  0.9629E-02  0.8014E-10  0.2407E+01 -0.6063E-10  0.9088E-02 -0.1229E-02 -0.9720E-03 -0.9816E-02 -0.3256E-04  0.1045E-01  0.1496E-02
    54  0.3180E+02  0.3253E-15  0.3695E-03  0.2057E-02  0.2903E-09  0.2740E+00  0.2032E+00  0.4088E-01  0.3644E-01  0.4212E+00 -0.1937E-02  0.2461E+05  0.2461E+05  0.2461E+05  0.6903E-03  0.9546E-02  0.7978E-10  0.2234E+01 -0.3520E-09  0.9087E-02 -0.1207E-02 -0.1014E-02 -0.1143E-01 -0.3837E-03  0.1066E-01  0.1540E-02
    55  0.3240E+02  0.1518E-14  0.3678E-03  0.2054E-02  0.2857E-09  0.2765E+00  0.2036E+00  0.4078E-01  0.3163E-01  0.4220E+00 -0.1110E-01  0.2459E+05  0.2459E+05  0.2459E+05  0.7099E-03  0.9486E-02  0.7971E-10  0.2088E+01  0.2893E-09  0.9082E-02 -0.1188E-02 -0.1012E-02 -0.1097E-01 -0.5529E-03  0.9957E-02  0.1528E-02
    56  0.3300E+02 -0.1518E-14  0.3659E-03  0.2050E-02  0.2811E-09  0.2762E+00  0.2039E+00  0.4124E-01  0.3515E-01  0.4255E+00 -0.1901E-01  0.2456E+05  0.2456E+05  0.2456E+05  0.7042E-03  0.9390E-02  0.7988E-10  0.1930E+01  0.1176E-08  0.9048E-02 -0.1271E-02 -0.9776E-03 -0.1030E-01 -0.2938E-03  0.9156E-02  0.1636E-02
    57  0.3360E+02 -0.1409E-14  0.3646E-03  0.2050E-02  0.2778E-09  0.2772E+00  0.2043E+00  0.4093E-01  0.4058E-01  0.4287E+00 -0.2247E-01  0.2451E+05  0.2451E+05  0.2451E+05  0.6888E-03  0.9328E-02  0.8011E-10  0.1820E+01  0.1999E-08  0.9027E-02 -0.1276E-02 -0.1025E-02 -0.1073E-01 -0.5092E-03  0.9031E-02  0.1725E-02
    58  0.3420E+02 -0.1301E-14  0.3637E-03  0.2052E-02  0.2761E-09  0.2792E+00  0.2046E+00  0.4096E-01  0.3424E-01  0.4321E+00 -0.2244E-01  0.2448E+05  0.2448E+05  0.2448E+05  0.7070E-03  0.9284E-02  0.8044E-10  0.1741E+01  0.3153E-08  0.9005E-02 -0.1231E-02 -0.1009E-02 -0.1139E-01  0.2446E-03  0.8564E-02  0.1648E-02
    59  0.3480E+02  0.2168E-15  0.3630E-03  0.2059E-02  0.2755E-09  0.2768E+00  0.2048E+00  0.4103E-01  0.3340E-01  0.4355E+00 -0.2017E-01  0.2444E+05  0.2444E+05  0.2444E+05  0.6993E-03  0.9262E-02  0.8093E-10  0.1709E+01  0.4531E-08  0.8991E-02 -0.1296E-02 -0.9997E-03 -0.1125E-01 -0.6168E-03  0.9025E-02  0.1754E-02
    60  0.3540E+02 -0.1409E-14  0.3610E-03  0.2065E-02  0.2754E-09  0.2799E+00  0.2050E+00  0.4118E-01  0.3405E-01  0.4381E+00 -0.1571E-01  0.2441E+05  0.2441E+05  0.2441E+05  0.6987E-03  0.9279E-02  0.8141E-10  0.1801E+01  0.5921E-08  0.8981E-02 -0.1308E-02 -0.1008E-02 -0.1066E-01 -0.9143E-03  0.9240E-02  0.1784E-02
    61  0.3600E+02 -0.1626E-14  0.3595E-03  0.2066E-02  0.2749E-09  0.2799E+00  0.2049E+00  0.4115E-01  0.3608E-01  0.4378E+00 -0.5772E-02  0.2437E+05  0.2437E+05  0.2437E+05  0.6915E-03  0.9326E-02  0.8152E-10  0.1928E+01  0.6836E-08  0.8986E-02 -0.1265E-02 -0.9947E-03 -0.1044E-01  0.4032E-04  0.9650E-02  0.1684E-02
    62  0.3660E+02  0.4337E-15  0.3583E-03  0.2070E-02  0.2741E-09  0.2789E+00  0.2048E+00  0.4094E-01  0.3907E-01  0.4342E+00  0.2366E-02  0.2432E+05  0.2432E+05  0.2432E+05  0.6928E-03  0.9392E-02  0.8141E-10  0.2019E+01  0.7599E-08  0.9027E-02 -0.1299E-02 -0.1024E-02 -0.1092E-01 -0.7003E-03  0.9976E-02  0.1752E-02
    63  0.3720E+02  0.9758E-15  0.3566E-03  0.2075E-02  0.2733E-09  0.2794E+00  0.2046E+00  0.4070E-01  0.2632E-01  0.4295E+00  0.5558E-02  0.2428E+05  0.2428E+05  0.2428E+05  0.6855E-03  0.9486E-02  0.8118E-10  0.2151E+01  0.7956E-08  0.9080E-02 -0.1269E-02 -0.9918E-03 -0.1105E-01  0.1992E-03  0.1032E-01  0.1633E-02
    64  0.3780E+02  0.0000E+00  0.3556E-03  0.2076E-02  0.2737E-09  0.2782E+00  0.2043E+00  0.4123E-01  0.2673E-01  0.4258E+00  0.6373E-02  0.2425E+05  0.2425E+05  0.2425E+05  0.6840E-03  0.9580E-02  0.8097E-10  0.2323E+01  0.8064E-08  0.9112E-02 -0.1237E-02 -0.1008E-02 -0.1035E-01 -0.7556E-03  0.1066E-01  0.1576E-02
    65  0.3840E+02 -0.7589E-15  0.3549E-03  0.2075E-02  0.2734E-09  0.2819E+00  0.2039E+00  0.4104E-01  0.3926E-01  0.4221E+00  0.3837E-02  0.2421E+05  0.2421E+05  0.2421E+05  0.6938E-03  0.9669E-02  0.8064E-10  0.2486E+01  0.7738E-08  0.9136E-02 -0.1262E-02 -0.9960E-03 -0.1153E-01 -0.9566E-03  0.1171E-01  0.1575E-02
    66  0.3900E+02 -0.2168E-15  0.3522E-03  0.2069E-02  0.2703E-09  0.2803E+00  0.2035E+00  0.4048E-01  0.2628E-01  0.4186E+00  0.1315E-02  0.2417E+05  0.2417E+05  0.2417E+05  0.6746E-03  0.9727E-02  0.8014E-10  0.2613E+01  0.6585E-08  0.9149E-02 -0.1194E-02 -0.9906E-03 -0.1017E-01  0.4316E-03  0.1080E-01  0.1446E-02
    67  0.3960E+02 -0.1301E-14  0.3525E-03  0.2061E-02  0.2699E-09  0.2805E+00  0.2031E+00  0.4088E-01  0.2387E-01  0.4181E+00 -0.1390E-02  0.2414E+05  0.2414E+05  0.2414E+05  0.6906E-03  0.9745E-02  0.7993E-10  0.2683E+01  0.5602E-08  0.9125E-02 -0.1217E-02 -0.1028E-02 -0.1065E-01 -0.1033E-02  0.1163E-01  0.1517E-02
    68  0.4020E+02 -0.5421E-15  0.3513E-03  0.2055E-02  0.2672E-09  0.2820E+00  0.2028E+00  0.4089E-01  0.3193E-01  0.4180E+00 -0.4285E-02  0.2412E+05  0.2412E+05  0.2412E+05  0.6821E-03  0.9729E-02  0.7977E-10  0.2687E+01  0.4389E-08  0.9103E-02 -0.1216E-02 -0.9705E-03 -0.1097E-01 -0.8548E-04  0.1186E-01  0.1456E-02
    69  0.4080E+02 -0.4337E-15  0.3495E-03  0.2043E-02  0.2620E-09  0.2811E+00  0.2025E+00  0.4061E-01  0.2889E-01  0.4182E+00 -0.2567E-02  0.2408E+05  0.2408E+05  0.2408E+05  0.6708E-03  0.9658E-02  0.7953E-10  0.2635E+01  0.3382E-08  0.9065E-02 -0.1141E-02 -0.9985E-03 -0.1028E-01 -0.5436E-03  0.1123E-01  0.1398E-02
    70  0.4140E+02 -0.8674E-15  0.3480E-03  0.2031E-02  0.2571E-09  0.2831E+00  0.2024E+00  0.4088E-01  0.2427E-01  0.4185E+00 -0.1059E-02  0.2405E+05  0.2405E+05  0.2405E+05  0.6903E-03  0.9604E-02  0.7930E-10  0.2609E+01  0.2396E-08  0.9031E-02 -0.1191E-02 -0.1022E-02 -0.1146E-01 -0.3666E-03  0.1169E-01  0.1510E-02
    71  0.4200E+02 -0.2168E-15  0.3456E-03  0.2022E-02  0.2520E-09  0.2810E+00  0.2024E+00  0.4124E-01  0.2731E-01  0.4187E+00  0.2055E-02  0.2401E+05  0.2401E+05  0.2401E+05  0.6699E-03  0.9540E-02  0.7912E-10  0.2530E+01  0.1323E-08  0.9009E-02 -0.1194E-02 -0.9683E-03 -0.1014E-01 -0.6114E-04  0.1116E-01  0.1467E-02
    72  0.4260E+02 -0.1626E-14  0.3458E-03  0.2015E-02  0.2495E-09  0.2837E+00  0.2025E+00  0.4113E-01  0.3898E-01  0.4186E+00  0.7939E-03  0.2399E+05  0.2399E+05  0.2399E+05  0.6719E-03  0.9478E-02  0.7895E-10  0.2388E+01  0.7988E-09  0.8997E-02 -0.1166E-02 -0.9956E-03 -0.1127E-01 -0.9775E-03  0.1121E-01  0.1478E-02
    73  0.4320E+02  0.4337E-15  0.3440E-03  0.2011E-02  0.2452E-09  0.2836E+00  0.2026E+00  0.4091E-01  0.3100E-01  0.4186E+00 -0.5650E-02  0.2396E+05  0.2396E+05  0.2396E+05  0.6772E-03  0.9417E-02  0.7881E-10  0.2252E+01  0.8958E-09  0.8993E-02 -0.1168E-02 -0.1017E-02 -0.1064E-01 -0.2948E-03  0.1019E-01  0.1514E-02
    74  0.4380E+02 -0.1735E-14  0.3432E-03  0.2009E-02  0.2429E-09  0.2835E+00  0.2029E+00  0.4119E-01  0.2622E-01  0.4196E+00 -0.1154E-01  0.2393E+05  0.2393E+05  0.2393E+05  0.6789E-03  0.9350E-02  0.7882E-10  0.2085E+01  0.1117E-08  0.8986E-02 -0.1232E-02 -0.9803E-03 -0.1055E-01 -0.2303E-04  0.9716E-02  0.1582E-02
    75  0.4440E+02  0.1084E-14  0.3422E-03  0.2003E-02  0.2386E-09  0.2813E+00  0.2031E+00  0.4139E-01  0.3833E-01  0.4215E+00 -0.2138E-01  0.2388E+05  0.2388E+05  0.2388E+05  0.6543E-03  0.9281E-02  0.7881E-10  0.1960E+01  0.1521E-08  0.8963E-02 -0.1213E-02 -0.9998E-03 -0.1142E-01 -0.6552E-03  0.9887E-02  0.1604E-02
    76  0.4500E+02  0.1735E-14  0.3404E-03  0.1999E-02  0.2354E-09  0.2849E+00  0.2034E+00  0.4107E-01  0.2934E-01  0.4271E+00 -0.2869E-01  0.2384E+05  0.2384E+05  0.2384E+05  0.6758E-03  0.9193E-02  0.7921E-10  0.1870E+01  0.2550E-08  0.8903E-02 -0.1178E-02 -0.1008E-02 -0.1134E-01 -0.6787E-03  0.9588E-02  0.1593E-02
