 #NTuple/Z0                                                                     
  
 output from Ecalc9f version   2.09
  settings: 
    particle type:            2
    pzmin/pzmax:   0.000000000000000E+000 /   100.000000000000     
    transverse cuts:   0.000000000000000E+000  0.000000000000000E+000
    longitudinal cut:   0.000000000000000E+000
    RF frequency (MHz):    352.000000000000     
    sigma cut:    4.00000000000000     
    subtract out amplitude correlation
    wrnew9 =  F
 
regn #   Z           Bz          eperp       elong       e6D         Ldim        Pzavg       beta        alpha       betaL       alphaL      n0          n1          n2          Lcan(eVs)   sigmaE      sigmaT      corrE       corrT       sigmaE_c    xavg        yavg        Dx          Dy          Dr          Dr2
     1  0.0000E+00 -0.2168E-15  0.1965E-02  0.6076E-02  0.2379E-07  0.5556E-01  0.2047E+00  0.3305E+00  0.1576E+00  0.7939E+00  0.1518E-01  0.4197E+05  0.4197E+05  0.4197E+05  0.8307E-03  0.1176E-01  0.1877E-09  0.3771E+00  0.1757E-08  0.1143E-01 -0.7865E-02 -0.2382E-02 -0.5809E-01 -0.3280E-02  0.5851E-01  0.3010E-01
     2  0.1400E+01 -0.6505E-15  0.1948E-02  0.6092E-02  0.2357E-07  0.5962E-01  0.2052E+00  0.2895E+00  0.4562E+00  0.7880E+00  0.7698E-02  0.4180E+05  0.4180E+05  0.4180E+05  0.9011E-03  0.1181E-01  0.1880E-09  0.3686E+00  0.3265E-08  0.1151E-01 -0.8202E-02 -0.2278E-02 -0.3954E-01 -0.4002E-03  0.7666E-01  0.3263E-01
     3  0.2800E+01 -0.4337E-15  0.1962E-02  0.6019E-02  0.2385E-07  0.5856E-01  0.2056E+00  0.2266E+00  0.4235E+00  0.7935E+00  0.2816E-02  0.4155E+05  0.4155E+05  0.4155E+05  0.8479E-03  0.1176E-01  0.1888E-09  0.3923E+00  0.4705E-08  0.1142E-01 -0.8329E-02 -0.2379E-02 -0.4431E-01 -0.5693E-02  0.8393E-01  0.3390E-01
     4  0.4200E+01  0.0000E+00  0.1995E-02  0.5933E-02  0.2481E-07  0.5212E-01  0.2062E+00  0.2042E+00  0.3013E+00  0.8114E+00  0.5142E-02  0.4131E+05  0.4131E+05  0.4131E+05  0.8199E-03  0.1174E-01  0.1903E-09  0.4693E+00  0.5452E-08  0.1123E-01 -0.8318E-02 -0.2518E-02 -0.4278E-01  0.2640E-02  0.6527E-01  0.3315E-01
     5  0.5600E+01  0.2168E-15  0.2024E-02  0.5815E-02  0.2550E-07  0.4972E-01  0.2068E+00  0.2047E+00  0.2428E+00  0.8216E+00  0.3470E-01  0.4110E+05  0.4110E+05  0.4110E+05  0.8124E-03  0.1185E-01  0.1891E-09  0.5631E+00  0.5226E-08  0.1108E-01 -0.8652E-02 -0.2284E-02 -0.4448E-01 -0.6638E-02  0.5836E-01  0.3424E-01
     6  0.7000E+01 -0.4337E-15  0.2030E-02  0.5673E-02  0.2527E-07  0.4858E-01  0.2071E+00  0.2104E+00  0.2336E+00  0.8041E+00  0.7899E-01  0.4086E+05  0.4086E+05  0.4086E+05  0.7177E-03  0.1210E-01  0.1834E-09  0.6452E+00  0.4255E-08  0.1110E-01 -0.8406E-02 -0.2532E-02 -0.4504E-01 -0.1500E-02  0.5897E-01  0.3189E-01
     7  0.8400E+01  0.0000E+00  0.2024E-02  0.5551E-02  0.2473E-07  0.4824E-01  0.2072E+00  0.2144E+00  0.2495E+00  0.7644E+00  0.1003E+00  0.4062E+05  0.4062E+05  0.4062E+05  0.8157E-03  0.1242E-01  0.1758E-09  0.6907E+00  0.3171E-08  0.1129E-01 -0.8719E-02 -0.2362E-02 -0.4220E-01 -0.1233E-02  0.6232E-01  0.3222E-01
     8  0.9800E+01 -0.8674E-15  0.2012E-02  0.5416E-02  0.2389E-07  0.4683E-01  0.2069E+00  0.2149E+00  0.2661E+00  0.7236E+00  0.8412E-01  0.4041E+05  0.4041E+05  0.4041E+05  0.6526E-03  0.1266E-01  0.1682E-09  0.7184E+00  0.2004E-08  0.1143E-01 -0.8387E-02 -0.2424E-02 -0.4244E-01 -0.6461E-02  0.6612E-01  0.2951E-01
     9  0.1120E+02  0.6505E-15  0.1993E-02  0.5280E-02  0.2287E-07  0.4821E-01  0.2064E+00  0.2114E+00  0.2646E+00  0.7071E+00  0.4829E-01  0.4020E+05  0.4020E+05  0.4020E+05  0.7852E-03  0.1260E-01  0.1640E-09  0.7209E+00  0.1077E-08  0.1137E-01 -0.8437E-02 -0.2470E-02 -0.4100E-01  0.3513E-02  0.6570E-01  0.2995E-01
    10  0.1260E+02 -0.6505E-15  0.1979E-02  0.5128E-02  0.2185E-07  0.4594E-01  0.2057E+00  0.2068E+00  0.2403E+00  0.7136E+00  0.1979E-01  0.4002E+05  0.4002E+05  0.4002E+05  0.6800E-03  0.1233E-01  0.1626E-09  0.7115E+00  0.3661E-09  0.1112E-01 -0.8265E-02 -0.2271E-02 -0.4478E-01 -0.7755E-02  0.6738E-01  0.2969E-01
    11  0.1400E+02 -0.6505E-15  0.1971E-02  0.4989E-02  0.2117E-07  0.5005E-01  0.2050E+00  0.2032E+00  0.1980E+00  0.7283E+00  0.1642E-01  0.3988E+05  0.3988E+05  0.3988E+05  0.7599E-03  0.1201E-01  0.1624E-09  0.6868E+00 -0.1055E-09  0.1083E-01 -0.8036E-02 -0.2412E-02 -0.4221E-01  0.9034E-03  0.6574E-01  0.2969E-01
    12  0.1540E+02 -0.6505E-15  0.1967E-02  0.4857E-02  0.2037E-07  0.4985E-01  0.2042E+00  0.2061E+00  0.1479E+00  0.7325E+00  0.2593E-01  0.3972E+05  0.3972E+05  0.3972E+05  0.7570E-03  0.1171E-01  0.1612E-09  0.6456E+00 -0.3551E-09  0.1063E-01 -0.8136E-02 -0.2328E-02 -0.4493E-01 -0.2083E-03  0.6689E-01  0.3136E-01
    13  0.1680E+02 -0.6505E-15  0.1957E-02  0.4742E-02  0.1952E-07  0.5039E-01  0.2036E+00  0.2173E+00  0.1260E+00  0.7276E+00  0.3079E-01  0.3955E+05  0.3955E+05  0.3955E+05  0.7557E-03  0.1145E-01  0.1590E-09  0.5965E+00 -0.4132E-09  0.1052E-01 -0.7602E-02 -0.2390E-02 -0.4175E-01 -0.4750E-02  0.6286E-01  0.2908E-01
    14  0.1820E+02  0.0000E+00  0.1945E-02  0.4653E-02  0.1866E-07  0.5248E-01  0.2032E+00  0.2289E+00  0.1646E+00  0.7215E+00  0.2052E-01  0.3942E+05  0.3942E+05  0.3942E+05  0.8017E-03  0.1123E-01  0.1571E-09  0.5487E+00 -0.3486E-09  0.1044E-01 -0.8038E-02 -0.2195E-02 -0.4740E-01 -0.6490E-03  0.6033E-01  0.3244E-01
    15  0.1960E+02  0.4337E-15  0.1917E-02  0.4590E-02  0.1770E-07  0.5289E-01  0.2030E+00  0.2254E+00  0.2201E+00  0.7263E+00  0.4840E-02  0.3932E+05  0.3932E+05  0.3932E+05  0.7357E-03  0.1100E-01  0.1566E-09  0.5158E+00  0.4830E-11  0.1033E-01 -0.7486E-02 -0.2449E-02 -0.4375E-01 -0.1291E-02  0.5783E-01  0.3021E-01
    16  0.2100E+02 -0.8674E-15  0.1893E-02  0.4522E-02  0.1689E-07  0.5619E-01  0.2029E+00  0.2119E+00  0.2181E+00  0.7398E+00 -0.5589E-03  0.3922E+05  0.3922E+05  0.3922E+05  0.8970E-03  0.1076E-01  0.1570E-09  0.5019E+00  0.5184E-09  0.1015E-01 -0.7907E-02 -0.2209E-02 -0.4769E-01 -0.9065E-03  0.6144E-01  0.3393E-01
    17  0.2240E+02  0.0000E+00  0.1878E-02  0.4477E-02  0.1650E-07  0.5853E-01  0.2032E+00  0.2057E+00  0.1714E+00  0.7518E+00  0.4151E-02  0.3912E+05  0.3912E+05  0.3912E+05  0.7966E-03  0.1062E-01  0.1575E-09  0.5005E+00  0.1121E-08  0.1003E-01 -0.7848E-02 -0.2252E-02 -0.4417E-01 -0.3172E-02  0.5326E-01  0.3407E-01
    18  0.2380E+02 -0.6505E-15  0.1866E-02  0.4412E-02  0.1608E-07  0.5889E-01  0.2035E+00  0.2104E+00  0.1501E+00  0.7579E+00  0.1025E-01  0.3902E+05  0.3902E+05  0.3902E+05  0.8792E-03  0.1054E-01  0.1570E-09  0.5116E+00  0.1637E-08  0.9930E-02 -0.7782E-02 -0.2509E-02 -0.4920E-01  0.3044E-02  0.4761E-01  0.3448E-01
    19  0.2520E+02  0.2168E-15  0.1852E-02  0.4368E-02  0.1578E-07  0.6064E-01  0.2039E+00  0.2144E+00  0.1605E+00  0.7635E+00  0.1464E-01  0.3891E+05  0.3891E+05  0.3891E+05  0.8961E-03  0.1050E-01  0.1568E-09  0.5281E+00  0.2148E-08  0.9860E-02 -0.8162E-02 -0.2154E-02 -0.4385E-01 -0.4205E-02  0.4940E-01  0.3700E-01
    20  0.2660E+02 -0.4337E-15  0.1834E-02  0.4315E-02  0.1534E-07  0.6281E-01  0.2042E+00  0.2145E+00  0.1722E+00  0.7639E+00  0.2426E-01  0.3878E+05  0.3878E+05  0.3878E+05  0.8426E-03  0.1048E-01  0.1559E-09  0.5482E+00  0.2439E-08  0.9809E-02 -0.7925E-02 -0.2459E-02 -0.4740E-01 -0.2193E-02  0.5377E-01  0.3615E-01
    21  0.2800E+02 -0.4337E-15  0.1812E-02  0.4270E-02  0.1496E-07  0.6591E-01  0.2044E+00  0.2129E+00  0.1802E+00  0.7574E+00  0.3568E-01  0.3868E+05  0.3868E+05  0.3868E+05  0.9707E-03  0.1056E-01  0.1546E-09  0.5857E+00  0.2724E-08  0.9810E-02 -0.8217E-02 -0.2306E-02 -0.4356E-01  0.7697E-03  0.5703E-01  0.3774E-01
    22  0.2940E+02  0.0000E+00  0.1792E-02  0.4218E-02  0.1450E-07  0.6618E-01  0.2044E+00  0.2111E+00  0.1795E+00  0.7433E+00  0.4430E-01  0.3856E+05  0.3856E+05  0.3856E+05  0.8637E-03  0.1067E-01  0.1521E-09  0.6224E+00  0.2604E-08  0.9845E-02 -0.8090E-02 -0.2327E-02 -0.4667E-01 -0.3399E-02  0.5943E-01  0.3624E-01
    23  0.3080E+02 -0.2168E-15  0.1775E-02  0.4146E-02  0.1407E-07  0.6940E-01  0.2042E+00  0.2097E+00  0.1716E+00  0.7274E+00  0.4023E-01  0.3844E+05  0.3844E+05  0.3844E+05  0.9744E-03  0.1075E-01  0.1491E-09  0.6560E+00  0.2312E-08  0.9858E-02 -0.7986E-02 -0.2391E-02 -0.4422E-01  0.5729E-03  0.5969E-01  0.3503E-01
    24  0.3220E+02  0.6505E-15  0.1760E-02  0.4074E-02  0.1362E-07  0.7236E-01  0.2038E+00  0.2098E+00  0.1629E+00  0.7197E+00  0.3477E-01  0.3833E+05  0.3833E+05  0.3833E+05  0.9482E-03  0.1073E-01  0.1469E-09  0.6745E+00  0.1791E-08  0.9809E-02 -0.8153E-02 -0.2247E-02 -0.4519E-01 -0.2519E-02  0.5956E-01  0.3597E-01
    25  0.3360E+02 -0.4337E-15  0.1746E-02  0.4015E-02  0.1324E-07  0.7425E-01  0.2033E+00  0.2113E+00  0.1588E+00  0.7154E+00  0.2840E-01  0.3825E+05  0.3825E+05  0.3825E+05  0.9808E-03  0.1070E-01  0.1455E-09  0.6872E+00  0.1274E-08  0.9748E-02 -0.7651E-02 -0.2411E-02 -0.4585E-01 -0.7900E-03  0.5842E-01  0.3267E-01
    26  0.3500E+02  0.0000E+00  0.1736E-02  0.3973E-02  0.1291E-07  0.7780E-01  0.2028E+00  0.2113E+00  0.1587E+00  0.7131E+00  0.2224E-01  0.3817E+05  0.3817E+05  0.3817E+05  0.1041E-02  0.1062E-01  0.1446E-09  0.6749E+00  0.8315E-09  0.9692E-02 -0.7976E-02 -0.2183E-02 -0.4546E-01 -0.2544E-02  0.5756E-01  0.3486E-01
    27  0.3640E+02 -0.4337E-15  0.1712E-02  0.3927E-02  0.1235E-07  0.7966E-01  0.2022E+00  0.2107E+00  0.1546E+00  0.7111E+00  0.1685E-01  0.3808E+05  0.3808E+05  0.3808E+05  0.9857E-03  0.1047E-01  0.1438E-09  0.6503E+00  0.2693E-09  0.9628E-02 -0.7521E-02 -0.2387E-02 -0.4322E-01  0.1487E-02  0.5413E-01  0.3247E-01
    28  0.3780E+02  0.4337E-15  0.1697E-02  0.3883E-02  0.1187E-07  0.8230E-01  0.2018E+00  0.2088E+00  0.1433E+00  0.7168E+00  0.8385E-02  0.3801E+05  0.3801E+05  0.3801E+05  0.1105E-02  0.1029E-01  0.1437E-09  0.6225E+00  0.9934E-10  0.9520E-02 -0.7649E-02 -0.2258E-02 -0.5001E-01 -0.3699E-02  0.5609E-01  0.3415E-01
    29  0.3920E+02  0.4337E-15  0.1670E-02  0.3843E-02  0.1133E-07  0.8447E-01  0.2015E+00  0.2086E+00  0.1172E+00  0.7236E+00  0.5056E-02  0.3793E+05  0.3793E+05  0.3793E+05  0.1020E-02  0.1010E-01  0.1438E-09  0.5939E+00  0.3911E-10  0.9418E-02 -0.7536E-02 -0.2208E-02 -0.4519E-01 -0.1386E-02  0.5273E-01  0.3412E-01
    30  0.4060E+02  0.0000E+00  0.1650E-02  0.3800E-02  0.1087E-07  0.8716E-01  0.2014E+00  0.2131E+00  0.1026E+00  0.7317E+00  0.5551E-02  0.3786E+05  0.3786E+05  0.3786E+05  0.1114E-02  0.9922E-02  0.1438E-09  0.5679E+00  0.1512E-09  0.9311E-02 -0.7488E-02 -0.2433E-02 -0.4842E-01  0.1997E-02  0.5260E-01  0.3540E-01
    31  0.4200E+02  0.2168E-15  0.1633E-02  0.3778E-02  0.1051E-07  0.8971E-01  0.2015E+00  0.2181E+00  0.1127E+00  0.7380E+00  0.6443E-02  0.3779E+05  0.3779E+05  0.3779E+05  0.1115E-02  0.9798E-02  0.1440E-09  0.5444E+00  0.4493E-09  0.9248E-02 -0.7644E-02 -0.2114E-02 -0.4911E-01 -0.4122E-02  0.5226E-01  0.3675E-01
    32  0.4340E+02  0.6505E-15  0.1616E-02  0.3759E-02  0.1023E-07  0.9342E-01  0.2017E+00  0.2194E+00  0.1325E+00  0.7425E+00  0.9513E-02  0.3774E+05  0.3774E+05  0.3774E+05  0.1124E-02  0.9720E-02  0.1441E-09  0.5335E+00  0.8510E-09  0.9203E-02 -0.7539E-02 -0.2408E-02 -0.4781E-01  0.1059E-02  0.5396E-01  0.3723E-01
    33  0.4480E+02  0.6505E-15  0.1595E-02  0.3743E-02  0.9889E-08  0.9522E-01  0.2020E+00  0.2176E+00  0.1422E+00  0.7472E+00  0.1434E-01  0.3766E+05  0.3766E+05  0.3766E+05  0.1186E-02  0.9655E-02  0.1442E-09  0.5301E+00  0.1284E-08  0.9162E-02 -0.7794E-02 -0.2214E-02 -0.4787E-01 -0.1767E-02  0.5596E-01  0.3954E-01
    34  0.4620E+02  0.0000E+00  0.1581E-02  0.3714E-02  0.9640E-08  0.9658E-01  0.2022E+00  0.2166E+00  0.1390E+00  0.7446E+00  0.2071E-01  0.3759E+05  0.3759E+05  0.3759E+05  0.1110E-02  0.9635E-02  0.1434E-09  0.5292E+00  0.1718E-08  0.9151E-02 -0.7625E-02 -0.2313E-02 -0.4988E-01  0.6684E-04  0.5441E-01  0.3850E-01
    35  0.4760E+02 -0.6505E-15  0.1568E-02  0.3698E-02  0.9477E-08  0.9883E-01  0.2023E+00  0.2157E+00  0.1353E+00  0.7400E+00  0.2771E-01  0.3754E+05  0.3754E+05  0.3754E+05  0.1207E-02  0.9664E-02  0.1428E-09  0.5421E+00  0.2200E-08  0.9165E-02 -0.7840E-02 -0.2357E-02 -0.4647E-01 -0.2035E-02  0.5221E-01  0.4018E-01
    36  0.4900E+02  0.0000E+00  0.1555E-02  0.3671E-02  0.9275E-08  0.9966E-01  0.2023E+00  0.2165E+00  0.1370E+00  0.7312E+00  0.2803E-01  0.3746E+05  0.3746E+05  0.3746E+05  0.1143E-02  0.9716E-02  0.1415E-09  0.5650E+00  0.2424E-08  0.9187E-02 -0.7760E-02 -0.2219E-02 -0.5013E-01 -0.1686E-02  0.5354E-01  0.3878E-01
    37  0.5040E+02  0.6505E-15  0.1540E-02  0.3655E-02  0.9093E-08  0.1014E+00  0.2022E+00  0.2163E+00  0.1364E+00  0.7234E+00  0.2318E-01  0.3739E+05  0.3739E+05  0.3739E+05  0.1190E-02  0.9781E-02  0.1405E-09  0.5930E+00  0.2423E-08  0.9211E-02 -0.7650E-02 -0.2388E-02 -0.4722E-01 -0.3883E-04  0.5411E-01  0.3777E-01
    38  0.5180E+02 -0.4337E-15  0.1524E-02  0.3620E-02  0.8865E-08  0.1020E+00  0.2020E+00  0.2149E+00  0.1351E+00  0.7206E+00  0.1719E-01  0.3731E+05  0.3731E+05  0.3731E+05  0.1169E-02  0.9790E-02  0.1396E-09  0.6245E+00  0.2271E-08  0.9176E-02 -0.7844E-02 -0.2218E-02 -0.4757E-01 -0.3205E-02  0.5608E-01  0.3892E-01
    39  0.5320E+02 -0.2168E-15  0.1510E-02  0.3599E-02  0.8666E-08  0.1031E+00  0.2016E+00  0.2149E+00  0.1286E+00  0.7206E+00  0.1594E-01  0.3726E+05  0.3726E+05  0.3726E+05  0.1143E-02  0.9781E-02  0.1392E-09  0.6444E+00  0.1871E-08  0.9139E-02 -0.7456E-02 -0.2358E-02 -0.4798E-01 -0.5982E-03  0.5591E-01  0.3601E-01
    40  0.5460E+02  0.2168E-15  0.1496E-02  0.3568E-02  0.8428E-08  0.1044E+00  0.2013E+00  0.2153E+00  0.1231E+00  0.7208E+00  0.1670E-01  0.3719E+05  0.3719E+05  0.3719E+05  0.1195E-02  0.9746E-02  0.1387E-09  0.6590E+00  0.1532E-08  0.9086E-02 -0.7641E-02 -0.2255E-02 -0.5003E-01 -0.2539E-02  0.5796E-01  0.3748E-01
    41  0.5600E+02  0.8674E-15  0.1483E-02  0.3545E-02  0.8242E-08  0.1035E+00  0.2009E+00  0.2162E+00  0.1185E+00  0.7161E+00  0.1957E-01  0.3713E+05  0.3713E+05  0.3713E+05  0.1128E-02  0.9718E-02  0.1379E-09  0.6496E+00  0.1151E-08  0.9074E-02 -0.7451E-02 -0.2282E-02 -0.4565E-01 -0.1079E-02  0.5570E-01  0.3595E-01
    42  0.5740E+02 -0.8674E-15  0.1474E-02  0.3515E-02  0.8049E-08  0.1027E+00  0.2006E+00  0.2182E+00  0.1228E+00  0.7143E+00  0.1745E-01  0.3707E+05  0.3707E+05  0.3707E+05  0.1159E-02  0.9664E-02  0.1372E-09  0.6399E+00  0.8836E-09  0.9036E-02 -0.7379E-02 -0.2312E-02 -0.4911E-01 -0.4272E-03  0.5633E-01  0.3577E-01
    43  0.5880E+02 -0.2168E-15  0.1462E-02  0.3496E-02  0.7828E-08  0.1020E+00  0.2003E+00  0.2188E+00  0.1278E+00  0.7146E+00  0.6337E-02  0.3702E+05  0.3702E+05  0.3702E+05  0.1122E-02  0.9590E-02  0.1369E-09  0.6241E+00  0.6804E-09  0.9001E-02 -0.7457E-02 -0.2226E-02 -0.5041E-01 -0.3404E-02  0.5567E-01  0.3662E-01
    44  0.6020E+02  0.6505E-15  0.1449E-02  0.3471E-02  0.7622E-08  0.1019E+00  0.2002E+00  0.2182E+00  0.1333E+00  0.7195E+00  0.1308E-02  0.3696E+05  0.3696E+05  0.3696E+05  0.1117E-02  0.9474E-02  0.1370E-09  0.5993E+00  0.6087E-09  0.8935E-02 -0.7228E-02 -0.2312E-02 -0.4732E-01 -0.4493E-03  0.5302E-01  0.3557E-01
    45  0.6160E+02 -0.4337E-15  0.1438E-02  0.3457E-02  0.7434E-08  0.9973E-01  0.2002E+00  0.2170E+00  0.1292E+00  0.7288E+00  0.5975E-03  0.3690E+05  0.3690E+05  0.3690E+05  0.1104E-02  0.9361E-02  0.1376E-09  0.5812E+00  0.7428E-09  0.8860E-02 -0.7499E-02 -0.2243E-02 -0.4912E-01 -0.3217E-02  0.5233E-01  0.3853E-01
    46  0.6300E+02  0.4337E-15  0.1423E-02  0.3434E-02  0.7213E-08  0.9876E-01  0.2003E+00  0.2169E+00  0.1236E+00  0.7341E+00  0.6892E-02  0.3684E+05  0.3684E+05  0.3684E+05  0.1048E-02  0.9256E-02  0.1376E-09  0.5589E+00  0.8429E-09  0.8802E-02 -0.7273E-02 -0.2285E-02 -0.4854E-01 -0.1257E-02  0.4926E-01  0.3728E-01
    47  0.6440E+02 -0.4337E-15  0.1414E-02  0.3417E-02  0.7053E-08  0.9827E-01  0.2005E+00  0.2174E+00  0.1204E+00  0.7377E+00  0.1150E-01  0.3678E+05  0.3678E+05  0.3678E+05  0.1085E-02  0.9192E-02  0.1375E-09  0.5457E+00  0.1097E-08  0.8765E-02 -0.7514E-02 -0.2317E-02 -0.4977E-01 -0.2239E-02  0.4937E-01  0.4015E-01
    48  0.6580E+02  0.6505E-15  0.1399E-02  0.3402E-02  0.6871E-08  0.9570E-01  0.2007E+00  0.2187E+00  0.1145E+00  0.7368E+00  0.1801E-01  0.3672E+05  0.3672E+05  0.3672E+05  0.1004E-02  0.9170E-02  0.1371E-09  0.5434E+00  0.1410E-08  0.8758E-02 -0.7492E-02 -0.2226E-02 -0.4917E-01 -0.1886E-02  0.5050E-01  0.3993E-01
    49  0.6720E+02  0.4337E-15  0.1390E-02  0.3383E-02  0.6755E-08  0.9515E-01  0.2008E+00  0.2212E+00  0.1183E+00  0.7341E+00  0.2099E-01  0.3666E+05  0.3666E+05  0.3666E+05  0.1018E-02  0.9166E-02  0.1366E-09  0.5469E+00  0.1862E-08  0.8754E-02 -0.7461E-02 -0.2390E-02 -0.5031E-01 -0.2875E-02  0.5012E-01  0.4015E-01
    50  0.6860E+02  0.0000E+00  0.1378E-02  0.3376E-02  0.6641E-08  0.9650E-01  0.2009E+00  0.2214E+00  0.1328E+00  0.7293E+00  0.2387E-01  0.3661E+05  0.3661E+05  0.3661E+05  0.1027E-02  0.9213E-02  0.1360E-09  0.5690E+00  0.2025E-08  0.8775E-02 -0.7627E-02 -0.2195E-02 -0.4791E-01 -0.1940E-02  0.4930E-01  0.4077E-01
    51  0.7000E+02  0.4337E-15  0.1371E-02  0.3357E-02  0.6540E-08  0.9314E-01  0.2008E+00  0.2189E+00  0.1351E+00  0.7222E+00  0.2258E-01  0.3656E+05  0.3656E+05  0.3656E+05  0.9461E-03  0.9246E-02  0.1351E-09  0.5844E+00  0.2190E-08  0.8789E-02 -0.7418E-02 -0.2366E-02 -0.5257E-01 -0.1439E-02  0.5393E-01  0.3916E-01
