 #NTuple/Z0                                                                      
 output from Ecalc9f version   2.09
  settings: 
    particle type:            2
    pzmin/pzmax:    0.0000000000000000      /   100.00000000000000     
    transverse cuts:    0.0000000000000000        0.0000000000000000     
    longitudinal cut:    0.0000000000000000     
    RF frequency (MHz):    1056.0000000000000     
    sigma cut:    4.0000000000000000     
    subtract out amplitude correlation
    wrnew9 =  F

regn #   Z           Bz          eperp       elong       e6D         Ldim        Pzavg       beta        alpha       betaL       alphaL      n0          n1          n2          Lcan(eVs)   sigmaE      sigmaT      corrE       corrT       sigmaE_c    xavg        yavg        Dx          Dy          Dr          Dr2
     1  0.0000E+00 -0.1518E-14  0.2690E-03  0.1891E-02  0.1403E-09  0.2524E+00  0.2024E+00  0.2973E-01  0.3834E-01  0.4177E+00 -0.1273E-01  0.2136E+05  0.2136E+05  0.2136E+05  0.4609E-03  0.9052E-02  0.7648E-10  0.2547E+01  0.3606E-08  0.8725E-02 -0.9939E-03 -0.1096E-02 -0.8126E-02  0.9373E-04  0.7356E-02  0.1456E-02
     2  0.6000E+00  0.1464E-14  0.2556E-03  0.1887E-02  0.1232E-09  0.2236E+00  0.2021E+00  0.2189E-01  0.7811E-01  0.4258E+00 -0.6554E-01  0.2089E+05  0.2089E+05  0.2089E+05  0.3965E-03  0.8819E-02  0.7720E-10  0.2118E+01  0.3238E-08  0.8637E-02 -0.1082E-02 -0.1064E-02 -0.8778E-02  0.3348E-03  0.8569E-02  0.1610E-02
     3  0.1200E+01  0.0000E+00  0.2489E-03  0.1873E-02  0.1170E-09  0.2113E+00  0.2023E+00  0.2463E-01  0.1184E-01  0.4535E+00 -0.1054E+00  0.2054E+05  0.2054E+05  0.2054E+05  0.3410E-03  0.8514E-02  0.7939E-10  0.1930E+01  0.5787E-08  0.8376E-02 -0.1157E-02 -0.1109E-02 -0.6239E-02 -0.5706E-03  0.4879E-02  0.1890E-02
     4  0.1800E+01 -0.1084E-15  0.2412E-03  0.1858E-02  0.1090E-09  0.2020E+00  0.2025E+00  0.2456E-01  0.4308E-01  0.4837E+00 -0.1047E+00  0.2032E+05  0.2032E+05  0.2032E+05  0.3112E-03  0.8211E-02  0.8163E-10  0.1933E+01  0.6827E-08  0.8080E-02 -0.1082E-02 -0.1090E-02 -0.6845E-02  0.6297E-04  0.6989E-02  0.1884E-02
     5  0.2400E+01  0.9758E-15  0.2382E-03  0.1858E-02  0.1059E-09  0.1933E+00  0.2026E+00  0.2433E-01  0.5309E-01  0.5065E+00 -0.8483E-01  0.2017E+05  0.2017E+05  0.2017E+05  0.3071E-03  0.8000E-02  0.8366E-10  0.1799E+01  0.9809E-08  0.7887E-02 -0.1073E-02 -0.1087E-02 -0.8151E-02 -0.2010E-03  0.6509E-02  0.1958E-02
     6  0.3000E+01 -0.4337E-15  0.2353E-03  0.1866E-02  0.1039E-09  0.1875E+00  0.2028E+00  0.2426E-01  0.2761E-01  0.5190E+00 -0.4855E-01  0.2005E+05  0.2005E+05  0.2005E+05  0.2934E-03  0.7910E-02  0.8492E-10  0.1846E+01  0.1159E-07  0.7793E-02 -0.1138E-02 -0.1101E-02 -0.8090E-02 -0.9905E-05  0.6479E-02  0.2153E-02
     7  0.3600E+01 -0.5421E-15  0.2325E-03  0.1874E-02  0.1023E-09  0.1826E+00  0.2030E+00  0.2491E-01  0.4079E-01  0.5197E+00 -0.8357E-02  0.1993E+05  0.1993E+05  0.1993E+05  0.2733E-03  0.7929E-02  0.8518E-10  0.1961E+01  0.1275E-07  0.7801E-02 -0.1124E-02 -0.1098E-02 -0.7511E-02 -0.1591E-03  0.6800E-02  0.2115E-02
     8  0.4200E+01 -0.4337E-15  0.2301E-03  0.1875E-02  0.1002E-09  0.1796E+00  0.2030E+00  0.2420E-01  0.4760E-01  0.5091E+00  0.2533E-01  0.1982E+05  0.1982E+05  0.1982E+05  0.2699E-03  0.8022E-02  0.8436E-10  0.2056E+01  0.1358E-07  0.7887E-02 -0.1095E-02 -0.1093E-02 -0.7805E-02  0.5331E-04  0.6915E-02  0.2004E-02
     9  0.4800E+01  0.1301E-14  0.2278E-03  0.1873E-02  0.9823E-10  0.1736E+00  0.2031E+00  0.2431E-01  0.3383E-01  0.4936E+00  0.4147E-01  0.1970E+05  0.1970E+05  0.1970E+05  0.2628E-03  0.8174E-02  0.8297E-10  0.2305E+01  0.1332E-07  0.8012E-02 -0.1132E-02 -0.1112E-02 -0.7538E-02 -0.4362E-04  0.6541E-02  0.2029E-02
    10  0.5400E+01 -0.1084E-14  0.2262E-03  0.1875E-02  0.9691E-10  0.1695E+00  0.2032E+00  0.2414E-01  0.4136E-01  0.4779E+00  0.4295E-01  0.1959E+05  0.1959E+05  0.1959E+05  0.2532E-03  0.8329E-02  0.8167E-10  0.2453E+01  0.1324E-07  0.8152E-02 -0.1144E-02 -0.1105E-02 -0.7902E-02 -0.5125E-03  0.7087E-02  0.1971E-02
    11  0.6000E+01  0.7589E-15  0.2239E-03  0.1875E-02  0.9518E-10  0.1658E+00  0.2033E+00  0.2442E-01  0.3825E-01  0.4666E+00  0.2561E-01  0.1950E+05  0.1950E+05  0.1950E+05  0.2392E-03  0.8448E-02  0.8067E-10  0.2673E+01  0.1312E-07  0.8247E-02 -0.1106E-02 -0.1078E-02 -0.8149E-02 -0.4196E-03  0.7138E-02  0.1811E-02
    12  0.6600E+01  0.6505E-15  0.2216E-03  0.1873E-02  0.9346E-10  0.1616E+00  0.2033E+00  0.2407E-01  0.4647E-01  0.4601E+00  0.2694E-02  0.1940E+05  0.1940E+05  0.1940E+05  0.2341E-03  0.8503E-02  0.8004E-10  0.2726E+01  0.1296E-07  0.8299E-02 -0.1113E-02 -0.1098E-02 -0.7106E-02 -0.5245E-03  0.6710E-02  0.1828E-02
    13  0.7200E+01 -0.1138E-14  0.2203E-03  0.1873E-02  0.9245E-10  0.1571E+00  0.2033E+00  0.2423E-01  0.3540E-01  0.4632E+00 -0.2010E-01  0.1933E+05  0.1933E+05  0.1933E+05  0.2271E-03  0.8495E-02  0.8025E-10  0.2845E+01  0.1230E-07  0.8272E-02 -0.1163E-02 -0.1118E-02 -0.7575E-02  0.2065E-03  0.6638E-02  0.1946E-02
    14  0.7800E+01 -0.7047E-15  0.2184E-03  0.1874E-02  0.9088E-10  0.1508E+00  0.2033E+00  0.2418E-01  0.5135E-01  0.4696E+00 -0.3490E-01  0.1924E+05  0.1924E+05  0.1924E+05  0.2066E-03  0.8451E-02  0.8075E-10  0.2910E+01  0.1137E-07  0.8221E-02 -0.1116E-02 -0.1101E-02 -0.7622E-02  0.1057E-03  0.6458E-02  0.1859E-02
    15  0.8400E+01 -0.4879E-15  0.2170E-03  0.1869E-02  0.8950E-10  0.1477E+00  0.2033E+00  0.2401E-01  0.3488E-01  0.4776E+00 -0.3701E-01  0.1916E+05  0.1916E+05  0.1916E+05  0.2150E-03  0.8382E-02  0.8125E-10  0.2973E+01  0.1009E-07  0.8141E-02 -0.1097E-02 -0.1087E-02 -0.7787E-02 -0.6993E-03  0.6686E-02  0.1834E-02
    16  0.9000E+01  0.9216E-15  0.2155E-03  0.1865E-02  0.8806E-10  0.1445E+00  0.2033E+00  0.2429E-01  0.3985E-01  0.4850E+00 -0.3033E-01  0.1909E+05  0.1909E+05  0.1909E+05  0.2032E-03  0.8316E-02  0.8171E-10  0.3037E+01  0.8732E-08  0.8067E-02 -0.1153E-02 -0.1094E-02 -0.7774E-02 -0.4112E-03  0.6834E-02  0.1973E-02
    17  0.9600E+01  0.1572E-14  0.2130E-03  0.1860E-02  0.8576E-10  0.1394E+00  0.2032E+00  0.2416E-01  0.4334E-01  0.4911E+00 -0.1649E-01  0.1901E+05  0.1901E+05  0.1901E+05  0.1801E-03  0.8236E-02  0.8208E-10  0.2973E+01  0.7790E-08  0.8001E-02 -0.1129E-02 -0.1111E-02 -0.7290E-02 -0.1480E-03  0.6328E-02  0.1993E-02
    18  0.1020E+02 -0.3795E-15  0.2113E-03  0.1847E-02  0.8378E-10  0.1364E+00  0.2032E+00  0.2413E-01  0.3040E-01  0.4914E+00  0.6015E-02  0.1894E+05  0.1894E+05  0.1894E+05  0.1892E-03  0.8195E-02  0.8183E-10  0.2941E+01  0.7622E-08  0.7970E-02 -0.1098E-02 -0.1100E-02 -0.7309E-02 -0.4182E-03  0.6444E-02  0.1937E-02
    19  0.1080E+02 -0.4879E-15  0.2102E-03  0.1838E-02  0.8207E-10  0.1317E+00  0.2032E+00  0.2437E-01  0.4689E-01  0.4856E+00  0.2757E-01  0.1887E+05  0.1887E+05  0.1887E+05  0.1816E-03  0.8208E-02  0.8108E-10  0.2828E+01  0.5685E-08  0.8001E-02 -0.1149E-02 -0.1087E-02 -0.7588E-02  0.2587E-03  0.6036E-02  0.1996E-02
    20  0.1140E+02 -0.5421E-15  0.2081E-03  0.1825E-02  0.7936E-10  0.1253E+00  0.2032E+00  0.2381E-01  0.4057E-01  0.4736E+00  0.4287E-01  0.1879E+05  0.1879E+05  0.1879E+05  0.1506E-03  0.8257E-02  0.7976E-10  0.2685E+01  0.4967E-08  0.8076E-02 -0.1138E-02 -0.1115E-02 -0.7985E-02 -0.5705E-03  0.6033E-02  0.2003E-02
    21  0.1200E+02  0.5963E-15  0.2072E-03  0.1815E-02  0.7824E-10  0.1252E+00  0.2033E+00  0.2452E-01  0.1570E-01  0.4610E+00  0.4237E-01  0.1874E+05  0.1874E+05  0.1874E+05  0.1690E-03  0.8330E-02  0.7848E-10  0.2593E+01  0.5310E-08  0.8166E-02 -0.1085E-02 -0.1101E-02 -0.7935E-02 -0.5426E-03  0.6509E-02  0.1857E-02
    22  0.1260E+02  0.0000E+00  0.2062E-03  0.1808E-02  0.7713E-10  0.1201E+00  0.2033E+00  0.2445E-01  0.7850E-01  0.4515E+00  0.3127E-01  0.1869E+05  0.1869E+05  0.1869E+05  0.1669E-03  0.8383E-02  0.7749E-10  0.2465E+01  0.4924E-08  0.8235E-02 -0.1134E-02 -0.1076E-02 -0.7350E-02  0.2752E-03  0.5294E-02  0.1870E-02
    23  0.1320E+02  0.1138E-14  0.2045E-03  0.1801E-02  0.7530E-10  0.1165E+00  0.2034E+00  0.2326E-01  0.2237E-01  0.4471E+00  0.1119E-01  0.1863E+05  0.1863E+05  0.1863E+05  0.1400E-03  0.8401E-02  0.7697E-10  0.2445E+01  0.5928E-08  0.8259E-02 -0.1178E-02 -0.1118E-02 -0.7988E-02 -0.8047E-03  0.5637E-02  0.2011E-02
    24  0.1380E+02 -0.1138E-14  0.2037E-03  0.1795E-02  0.7462E-10  0.1141E+00  0.2036E+00  0.2487E-01  0.4184E-01  0.4458E+00 -0.1063E-01  0.1858E+05  0.1858E+05  0.1858E+05  0.1400E-03  0.8398E-02  0.7668E-10  0.2388E+01  0.5951E-08  0.8262E-02 -0.1102E-02 -0.1106E-02 -0.7653E-02 -0.8953E-04  0.5278E-02  0.1861E-02
    25  0.1440E+02  0.1518E-14  0.2017E-03  0.1791E-02  0.7279E-10  0.1085E+00  0.2037E+00  0.2374E-01  0.4914E-01  0.4513E+00 -0.3179E-01  0.1852E+05  0.1852E+05  0.1852E+05  0.1484E-03  0.8333E-02  0.7707E-10  0.2306E+01  0.7099E-08  0.8209E-02 -0.1118E-02 -0.1085E-02 -0.8017E-02 -0.1321E-03  0.5969E-02  0.1887E-02
    26  0.1500E+02  0.5421E-16  0.2011E-03  0.1789E-02  0.7243E-10  0.1061E+00  0.2039E+00  0.2429E-01  0.3500E-01  0.4610E+00 -0.4527E-01  0.1847E+05  0.1847E+05  0.1847E+05  0.1340E-03  0.8247E-02  0.7784E-10  0.2276E+01  0.8288E-08  0.8126E-02 -0.1194E-02 -0.1110E-02 -0.7594E-02 -0.5867E-03  0.5479E-02  0.2106E-02
    27  0.1560E+02  0.1626E-15  0.1997E-03  0.1784E-02  0.7162E-10  0.1037E+00  0.2040E+00  0.2397E-01  0.5044E-01  0.4722E+00 -0.4315E-01  0.1843E+05  0.1843E+05  0.1843E+05  0.1184E-03  0.8154E-02  0.7867E-10  0.2387E+01  0.8696E-08  0.8020E-02 -0.1150E-02 -0.1102E-02 -0.6847E-02 -0.1311E-03  0.5358E-02  0.2057E-02
    28  0.1620E+02 -0.2711E-15  0.1995E-03  0.1787E-02  0.7133E-10  0.1006E+00  0.2041E+00  0.2411E-01  0.3938E-01  0.4810E+00 -0.3274E-01  0.1838E+05  0.1838E+05  0.1838E+05  0.1233E-03  0.8094E-02  0.7947E-10  0.2445E+01  0.9741E-08  0.7952E-02 -0.1129E-02 -0.1101E-02 -0.8178E-02 -0.5716E-03  0.6049E-02  0.2053E-02
    29  0.1680E+02 -0.4879E-15  0.1982E-03  0.1795E-02  0.7081E-10  0.1000E+00  0.2041E+00  0.2415E-01  0.4312E-01  0.4852E+00 -0.1634E-01  0.1833E+05  0.1833E+05  0.1833E+05  0.1243E-03  0.8081E-02  0.7997E-10  0.2510E+01  0.9938E-08  0.7933E-02 -0.1162E-02 -0.1100E-02 -0.7837E-02 -0.1108E-03  0.5809E-02  0.2118E-02
    30  0.1740E+02  0.5421E-15  0.1971E-03  0.1801E-02  0.7024E-10  0.9483E-01  0.2042E+00  0.2417E-01  0.3744E-01  0.4845E+00  0.3289E-03  0.1827E+05  0.1827E+05  0.1827E+05  0.1104E-03  0.8104E-02  0.8006E-10  0.2556E+01  0.1003E-07  0.7953E-02 -0.1168E-02 -0.1111E-02 -0.8050E-02 -0.8396E-04  0.6063E-02  0.2138E-02
    31  0.1800E+02  0.2711E-15  0.1954E-03  0.1807E-02  0.6933E-10  0.9155E-01  0.2042E+00  0.2425E-01  0.4520E-01  0.4807E+00  0.1359E-01  0.1821E+05  0.1821E+05  0.1821E+05  0.1091E-03  0.8158E-02  0.7982E-10  0.2654E+01  0.9392E-08  0.7999E-02 -0.1136E-02 -0.1101E-02 -0.7866E-02 -0.5678E-03  0.5997E-02  0.2035E-02
    32  0.1860E+02 -0.9216E-15  0.1938E-03  0.1811E-02  0.6847E-10  0.8984E-01  0.2042E+00  0.2410E-01  0.3076E-01  0.4734E+00  0.1747E-01  0.1816E+05  0.1816E+05  0.1816E+05  0.1111E-03  0.8225E-02  0.7931E-10  0.2652E+01  0.9197E-08  0.8069E-02 -0.1158E-02 -0.1088E-02 -0.7086E-02 -0.3719E-03  0.5928E-02  0.2019E-02
    33  0.1920E+02 -0.7047E-15  0.1934E-03  0.1815E-02  0.6814E-10  0.8591E-01  0.2041E+00  0.2423E-01  0.5495E-01  0.4685E+00  0.1273E-01  0.1811E+05  0.1811E+05  0.1811E+05  0.9173E-04  0.8284E-02  0.7897E-10  0.2737E+01  0.8628E-08  0.8120E-02 -0.1182E-02 -0.1113E-02 -0.7997E-02 -0.3176E-03  0.6040E-02  0.2077E-02
    34  0.1980E+02 -0.1518E-14  0.1925E-03  0.1813E-02  0.6749E-10  0.8474E-01  0.2041E+00  0.2400E-01  0.3732E-01  0.4652E+00  0.3623E-02  0.1806E+05  0.1806E+05  0.1806E+05  0.9346E-04  0.8309E-02  0.7861E-10  0.2787E+01  0.7886E-08  0.8140E-02 -0.1133E-02 -0.1110E-02 -0.7707E-02 -0.3350E-03  0.5614E-02  0.1969E-02
    35  0.2040E+02 -0.1681E-14  0.1916E-03  0.1807E-02  0.6665E-10  0.8135E-01  0.2041E+00  0.2398E-01  0.4662E-01  0.4648E+00 -0.5134E-02  0.1801E+05  0.1801E+05  0.1801E+05  0.1016E-03  0.8298E-02  0.7847E-10  0.2787E+01  0.8082E-08  0.8131E-02 -0.1142E-02 -0.1087E-02 -0.7646E-02 -0.1435E-03  0.5563E-02  0.1950E-02
    36  0.2100E+02  0.1409E-14  0.1908E-03  0.1798E-02  0.6579E-10  0.7741E-01  0.2041E+00  0.2404E-01  0.3600E-01  0.4660E+00 -0.9209E-02  0.1797E+05  0.1797E+05  0.1797E+05  0.8104E-04  0.8273E-02  0.7836E-10  0.2828E+01  0.7507E-08  0.8101E-02 -0.1185E-02 -0.1105E-02 -0.7558E-02 -0.7928E-03  0.6063E-02  0.2072E-02
    37  0.2160E+02 -0.1355E-14  0.1905E-03  0.1795E-02  0.6557E-10  0.7752E-01  0.2041E+00  0.2401E-01  0.4731E-01  0.4697E+00 -0.1205E-01  0.1793E+05  0.1793E+05  0.1793E+05  0.8144E-04  0.8233E-02  0.7861E-10  0.2795E+01  0.7466E-08  0.8063E-02 -0.1146E-02 -0.1110E-02 -0.7522E-02 -0.3437E-03  0.5560E-02  0.2028E-02
    38  0.2220E+02 -0.1572E-14  0.1892E-03  0.1792E-02  0.6451E-10  0.7340E-01  0.2041E+00  0.2394E-01  0.4124E-01  0.4723E+00 -0.7368E-02  0.1789E+05  0.1789E+05  0.1789E+05  0.8333E-04  0.8210E-02  0.7873E-10  0.2863E+01  0.6941E-08  0.8034E-02 -0.1139E-02 -0.1096E-02 -0.7679E-02  0.1868E-03  0.5256E-02  0.2001E-02
    39  0.2280E+02  0.5421E-15  0.1879E-03  0.1790E-02  0.6340E-10  0.7178E-01  0.2042E+00  0.2407E-01  0.4253E-01  0.4736E+00  0.1233E-03  0.1785E+05  0.1785E+05  0.1785E+05  0.7945E-04  0.8183E-02  0.7876E-10  0.2793E+01  0.6697E-08  0.8019E-02 -0.1182E-02 -0.1112E-02 -0.7832E-02 -0.4904E-03  0.5743E-02  0.2124E-02
    40  0.2340E+02  0.8674E-15  0.1869E-03  0.1785E-02  0.6265E-10  0.6941E-01  0.2043E+00  0.2401E-01  0.4296E-01  0.4720E+00  0.8436E-02  0.1781E+05  0.1781E+05  0.1781E+05  0.7162E-04  0.8194E-02  0.7851E-10  0.2849E+01  0.6857E-08  0.8025E-02 -0.1151E-02 -0.1102E-02 -0.7646E-02 -0.3744E-03  0.5604E-02  0.2043E-02
    41  0.2400E+02  0.1247E-14  0.1862E-03  0.1783E-02  0.6204E-10  0.6924E-01  0.2044E+00  0.2402E-01  0.4248E-01  0.4689E+00  0.1437E-01  0.1777E+05  0.1777E+05  0.1777E+05  0.7936E-04  0.8216E-02  0.7815E-10  0.2826E+01  0.6238E-08  0.8050E-02 -0.1151E-02 -0.1092E-02 -0.7668E-02 -0.7804E-03  0.5492E-02  0.2016E-02
    42  0.2460E+02 -0.3795E-15  0.1852E-03  0.1780E-02  0.6122E-10  0.6658E-01  0.2045E+00  0.2402E-01  0.4071E-01  0.4642E+00  0.1561E-01  0.1772E+05  0.1772E+05  0.1772E+05  0.6841E-04  0.8236E-02  0.7766E-10  0.2705E+01  0.6046E-08  0.8086E-02 -0.1193E-02 -0.1102E-02 -0.7345E-02 -0.1150E-03  0.5346E-02  0.2100E-02
    43  0.2520E+02 -0.9216E-15  0.1843E-03  0.1774E-02  0.6025E-10  0.6127E-01  0.2046E+00  0.2411E-01  0.4955E-01  0.4597E+00  0.1004E-01  0.1767E+05  0.1767E+05  0.1767E+05  0.5399E-04  0.8258E-02  0.7710E-10  0.2646E+01  0.5673E-08  0.8115E-02 -0.1174E-02 -0.1122E-02 -0.7812E-02 -0.1481E-03  0.5064E-02  0.2091E-02
    44  0.2580E+02 -0.5963E-15  0.1835E-03  0.1768E-02  0.5956E-10  0.5778E-01  0.2047E+00  0.2378E-01  0.3929E-01  0.4562E+00  0.2132E-03  0.1762E+05  0.1762E+05  0.1762E+05  0.6475E-04  0.8271E-02  0.7666E-10  0.2574E+01  0.6026E-08  0.8137E-02 -0.1151E-02 -0.1101E-02 -0.7591E-02 -0.1449E-03  0.5111E-02  0.2009E-02
    45  0.2640E+02 -0.1626E-14  0.1831E-03  0.1767E-02  0.5911E-10  0.5532E-01  0.2049E+00  0.2425E-01  0.4522E-01  0.4578E+00 -0.1107E-01  0.1758E+05  0.1758E+05  0.1758E+05  0.5913E-04  0.8250E-02  0.7675E-10  0.2485E+01  0.6415E-08  0.8125E-02 -0.1200E-02 -0.1095E-02 -0.7915E-02 -0.5883E-03  0.5169E-02  0.2101E-02
    46  0.2700E+02 -0.7047E-15  0.1816E-03  0.1763E-02  0.5804E-10  0.5616E-01  0.2050E+00  0.2387E-01  0.4530E-01  0.4612E+00 -0.1904E-01  0.1753E+05  0.1753E+05  0.1753E+05  0.4538E-04  0.8210E-02  0.7692E-10  0.2463E+01  0.6760E-08  0.8089E-02 -0.1188E-02 -0.1108E-02 -0.7597E-02 -0.8466E-03  0.5381E-02  0.2126E-02
    47  0.2760E+02 -0.1084E-15  0.1812E-03  0.1755E-02  0.5762E-10  0.5351E-01  0.2051E+00  0.2421E-01  0.4185E-01  0.4659E+00 -0.2110E-01  0.1749E+05  0.1749E+05  0.1749E+05  0.5529E-04  0.8160E-02  0.7712E-10  0.2519E+01  0.7292E-08  0.8033E-02 -0.1165E-02 -0.1105E-02 -0.7589E-02 -0.2887E-03  0.5158E-02  0.2102E-02
    48  0.2820E+02  0.7589E-15  0.1809E-03  0.1752E-02  0.5732E-10  0.5167E-01  0.2052E+00  0.2390E-01  0.4765E-01  0.4695E+00 -0.1603E-01  0.1744E+05  0.1744E+05  0.1744E+05  0.5335E-04  0.8129E-02  0.7734E-10  0.2547E+01  0.7519E-08  0.7997E-02 -0.1203E-02 -0.1099E-02 -0.7694E-02 -0.2824E-03  0.5153E-02  0.2182E-02
    49  0.2880E+02 -0.1247E-14  0.1798E-03  0.1753E-02  0.5680E-10  0.4981E-01  0.2052E+00  0.2401E-01  0.3762E-01  0.4723E+00 -0.7257E-02  0.1740E+05  0.1740E+05  0.1740E+05  0.3879E-04  0.8106E-02  0.7760E-10  0.2524E+01  0.8026E-08  0.7976E-02 -0.1209E-02 -0.1109E-02 -0.7151E-02 -0.3716E-03  0.5019E-02  0.2223E-02
    50  0.2940E+02  0.9216E-15  0.1791E-03  0.1752E-02  0.5622E-10  0.4831E-01  0.2052E+00  0.2392E-01  0.4429E-01  0.4699E+00  0.3167E-02  0.1735E+05  0.1735E+05  0.1735E+05  0.4175E-04  0.8125E-02  0.7738E-10  0.2543E+01  0.8412E-08  0.7994E-02 -0.1178E-02 -0.1109E-02 -0.7781E-02 -0.3685E-03  0.5416E-02  0.2156E-02
    51  0.3000E+02 -0.2711E-15  0.1783E-03  0.1756E-02  0.5586E-10  0.4596E-01  0.2052E+00  0.2419E-01  0.4254E-01  0.4666E+00  0.9131E-02  0.1730E+05  0.1730E+05  0.1730E+05  0.4288E-04  0.8171E-02  0.7726E-10  0.2639E+01  0.9628E-08  0.8033E-02 -0.1186E-02 -0.1101E-02 -0.7821E-02 -0.4032E-03  0.5150E-02  0.2131E-02
