 #NTuple/Z0                                                                      
 output from Ecalc9f version   2.09
  settings: 
    particle type:            2
    pzmin/pzmax:    0.0000000000000000      /   100.00000000000000     
    transverse cuts:    0.0000000000000000        0.0000000000000000     
    longitudinal cut:    0.0000000000000000     
    RF frequency (MHz):    352.00000000000000     
    sigma cut:    4.0000000000000000     
    subtract out amplitude correlation
    wrnew9 =  F

regn #   Z           Bz          eperp       elong       e6D         Ldim        Pzavg       beta        alpha       betaL       alphaL      n0          n1          n2          Lcan(eVs)   sigmaE      sigmaT      corrE       corrT       sigmaE_c    xavg        yavg        Dx          Dy          Dr          Dr2
     1  0.0000E+00  0.0000E+00  0.5129E-02  0.9991E-02  0.2625E-06 -0.2335E-01  0.2082E+00  0.3786E+00  0.6569E-02  0.8610E+00  0.2623E+00  0.5360E+05  0.5360E+05  0.5360E+05 -0.2221E-03  0.1474E-01  0.2472E-09  0.5334E-01 -0.5487E-09  0.1473E-01 -0.9685E-02 -0.1042E-01 -0.6337E-02 -0.1776E-02 -0.8255E-02  0.5068E-01
     2  0.2300E+01  0.0000E+00  0.5071E-02  0.1027E-01  0.2654E-06 -0.2563E-01  0.2055E+00  0.4117E+00  0.9645E-01  0.5988E+00  0.1352E+00  0.5330E+05  0.5330E+05  0.5330E+05 -0.1499E-02  0.1734E-01  0.2153E-09  0.7016E-01  0.3446E-08  0.1732E-01 -0.1166E-01 -0.7431E-02 -0.4709E-01 -0.1380E-02  0.3798E-01  0.3782E-01
     3  0.4600E+01  0.0000E+00  0.5015E-02  0.1080E-01  0.2903E-06 -0.2034E-01  0.2043E+00  0.4065E+00  0.2121E+00  0.7069E+00 -0.2931E+00  0.5320E+05  0.5320E+05  0.5320E+05 -0.1308E-02  0.1691E-01  0.2507E-09  0.1394E+00  0.6295E-08  0.1681E-01 -0.6709E-02 -0.1134E-01 -0.6103E-01  0.1849E-01  0.6985E-01  0.3946E-01
     4  0.6900E+01  0.0000E+00  0.4828E-02  0.1072E-01  0.2716E-06 -0.3447E-01  0.2043E+00  0.4085E+00  0.2386E+00  0.1108E+01 -0.3481E+00  0.5279E+05  0.5279E+05  0.5279E+05 -0.8531E-03  0.1410E-01  0.3066E-09  0.2867E+00  0.6577E-08  0.1359E-01 -0.9706E-02 -0.8741E-02 -0.7934E-01  0.1567E-01  0.9745E-01  0.5657E-01
     5  0.9200E+01  0.0000E+00  0.4646E-02  0.1044E-01  0.2471E-06 -0.3243E-01  0.2046E+00  0.3904E+00  0.2556E+00  0.1195E+01 -0.2739E-01  0.5188E+05  0.5188E+05  0.5188E+05 -0.1372E-02  0.1322E-01  0.3075E-09  0.4056E+00  0.4901E-08  0.1221E-01 -0.9935E-02 -0.8899E-02 -0.1866E-01 -0.8870E-02  0.1268E+00  0.6751E-01
     6  0.1150E+02  0.0000E+00  0.4538E-02  0.1055E-01  0.2291E-06 -0.3695E-01  0.2061E+00  0.3963E+00  0.2320E+00  0.9437E+00  0.1775E+00  0.5101E+05  0.5101E+05  0.5101E+05 -0.1348E-02  0.1511E-01  0.2691E-09  0.4340E+00  0.2126E-08  0.1410E-01 -0.1003E-01 -0.1088E-01 -0.6680E-01  0.1472E-01  0.1128E+00  0.6369E-01
     7  0.1380E+02  0.0000E+00  0.4414E-02  0.1011E-01  0.2046E-06 -0.3864E-01  0.2088E+00  0.4313E+00  0.2917E+00  0.7574E+00  0.4118E-01  0.5026E+05  0.5026E+05  0.5026E+05 -0.1135E-02  0.1608E-01  0.2331E-09  0.3934E+00  0.1079E-08  0.1532E-01 -0.1051E-01 -0.8071E-02 -0.4415E-01  0.2519E-02  0.8122E-01  0.4621E-01
     8  0.1610E+02  0.0000E+00  0.4325E-02  0.9905E-02  0.1914E-06 -0.4481E-01  0.2112E+00  0.4348E+00  0.3642E+00  0.8153E+00 -0.1483E+00  0.4989E+05  0.4989E+05  0.4989E+05 -0.1623E-02  0.1550E-01  0.2372E-09  0.3404E+00  0.6005E-09  0.1489E-01 -0.1090E-01 -0.1086E-01 -0.4931E-01 -0.4431E-02  0.9074E-01  0.6532E-01
     9  0.1840E+02  0.0000E+00  0.4286E-02  0.9694E-02  0.1832E-06 -0.4204E-01  0.2118E+00  0.4150E+00  0.3538E+00  0.9581E+00 -0.1280E+00  0.4952E+05  0.4952E+05  0.4952E+05 -0.1138E-02  0.1418E-01  0.2539E-09  0.3148E+00  0.6623E-09  0.1358E-01 -0.1153E-01 -0.8012E-02 -0.6842E-01  0.3027E-01  0.1133E+00  0.6757E-01
    10  0.2070E+02  0.0000E+00  0.4215E-02  0.9336E-02  0.1731E-06 -0.4899E-01  0.2105E+00  0.3934E+00  0.3046E+00  0.9525E+00  0.8122E-01  0.4920E+05  0.4920E+05  0.4920E+05 -0.1701E-02  0.1391E-01  0.2496E-09  0.3228E+00  0.6961E-09  0.1324E-01 -0.1005E-01 -0.1087E-01 -0.2367E-01 -0.1690E-01  0.1078E+00  0.7488E-01
    11  0.2300E+02  0.0000E+00  0.4198E-02  0.9031E-02  0.1640E-06 -0.4591E-01  0.2080E+00  0.3810E+00  0.2381E+00  0.7649E+00  0.2056E+00  0.4880E+05  0.4880E+05  0.4880E+05 -0.1122E-02  0.1526E-01  0.2217E-09  0.3107E+00  0.4873E-09  0.1466E-01 -0.1180E-01 -0.8182E-02 -0.5945E-01  0.1420E-01  0.8929E-01  0.5832E-01
    12  0.2530E+02  0.0000E+00  0.4138E-02  0.9019E-02  0.1574E-06 -0.4544E-01  0.2058E+00  0.3928E+00  0.2263E+00  0.6307E+00  0.1480E-01  0.4854E+05  0.4854E+05  0.4854E+05 -0.1932E-02  0.1618E-01  0.2028E-09  0.2902E+00  0.7018E-09  0.1569E-01 -0.7966E-02 -0.9851E-02 -0.4237E-01 -0.1323E-01  0.5788E-01  0.3952E-01
    13  0.2760E+02  0.0000E+00  0.4050E-02  0.9027E-02  0.1512E-06 -0.4910E-01  0.2044E+00  0.3860E+00  0.2710E+00  0.7692E+00 -0.1969E+00  0.4841E+05  0.4841E+05  0.4841E+05 -0.1144E-02  0.1488E-01  0.2256E-09  0.2719E+00  0.1194E-08  0.1441E-01 -0.1012E-01 -0.9723E-02 -0.7135E-01  0.4307E-01  0.5633E-01  0.5375E-01
    14  0.2990E+02  0.0000E+00  0.3922E-02  0.8978E-02  0.1441E-06 -0.5079E-01  0.2039E+00  0.3601E+00  0.2426E+00  0.9754E+00 -0.1060E+00  0.4825E+05  0.4825E+05  0.4825E+05 -0.1698E-02  0.1320E-01  0.2541E-09  0.2993E+00  0.1697E-08  0.1257E-01 -0.8909E-02 -0.8891E-02 -0.4042E-01 -0.2727E-01  0.8518E-01  0.5672E-01
    15  0.3220E+02  0.0000E+00  0.3787E-02  0.9036E-02  0.1347E-06 -0.4827E-01  0.2042E+00  0.3519E+00  0.1946E+00  0.9424E+00  0.1057E+00  0.4796E+05  0.4796E+05  0.4796E+05 -0.1233E-02  0.1346E-01  0.2504E-09  0.3052E+00  0.1807E-08  0.1285E-01 -0.9583E-02 -0.9617E-02 -0.5914E-01  0.2101E-01  0.6740E-01  0.6081E-01
    16  0.3450E+02  0.0000E+00  0.3644E-02  0.9154E-02  0.1238E-06 -0.4992E-01  0.2059E+00  0.3610E+00  0.1656E+00  0.7889E+00  0.1019E+00  0.4762E+05  0.4762E+05  0.4762E+05 -0.1430E-02  0.1468E-01  0.2293E-09  0.2879E+00  0.1729E-08  0.1421E-01 -0.1083E-01 -0.9640E-02 -0.4893E-01 -0.2084E-02  0.5033E-01  0.5765E-01
    17  0.3680E+02  0.0000E+00  0.3519E-02  0.9082E-02  0.1148E-06 -0.5410E-01  0.2081E+00  0.3799E+00  0.1876E+00  0.7642E+00 -0.6406E-01  0.4735E+05  0.4735E+05  0.4735E+05 -0.1439E-02  0.1484E-01  0.2233E-09  0.2767E+00  0.1956E-08  0.1445E-01 -0.9465E-02 -0.9312E-02 -0.6550E-01  0.1386E-01  0.4828E-01  0.4855E-01
    18  0.3910E+02  0.0000E+00  0.3407E-02  0.9128E-02  0.1088E-06 -0.5025E-01  0.2095E+00  0.3862E+00  0.1977E+00  0.8818E+00 -0.1294E+00  0.4712E+05  0.4712E+05  0.4712E+05 -0.1058E-02  0.1404E-01  0.2399E-09  0.2848E+00  0.2499E-08  0.1363E-01 -0.1202E-01 -0.9564E-02 -0.5263E-01 -0.1241E-01  0.6117E-01  0.7206E-01
    19  0.4140E+02  0.0000E+00  0.3286E-02  0.9099E-02  0.1020E-06 -0.5515E-01  0.2092E+00  0.3881E+00  0.2084E+00  0.9290E+00 -0.1065E-02  0.4685E+05  0.4685E+05  0.4685E+05 -0.1567E-02  0.1369E-01  0.2460E-09  0.3350E+00  0.2607E-08  0.1313E-01 -0.9947E-02 -0.9246E-02 -0.5598E-01  0.2113E-01  0.6182E-01  0.6046E-01
    20  0.4370E+02  0.0000E+00  0.3195E-02  0.9068E-02  0.9612E-07 -0.5029E-01  0.2074E+00  0.3816E+00  0.2007E+00  0.8237E+00  0.1235E+00  0.4655E+05  0.4655E+05  0.4655E+05 -0.8958E-03  0.1461E-01  0.2323E-09  0.3920E+00  0.2236E-08  0.1394E-01 -0.1102E-01 -0.9801E-02 -0.4945E-01 -0.6088E-02  0.7437E-01  0.6223E-01
    21  0.4600E+02  0.0000E+00  0.3125E-02  0.8957E-02  0.9038E-07 -0.5228E-01  0.2053E+00  0.3823E+00  0.1855E+00  0.6937E+00  0.6133E-01  0.4628E+05  0.4628E+05  0.4628E+05 -0.1514E-02  0.1556E-01  0.2129E-09  0.4068E+00  0.1585E-08  0.1491E-01 -0.9858E-02 -0.8852E-02 -0.5484E-01  0.2672E-02  0.6581E-01  0.4488E-01
    22  0.4830E+02  0.0000E+00  0.3075E-02  0.8945E-02  0.8717E-07 -0.4510E-01  0.2037E+00  0.3873E+00  0.1946E+00  0.7222E+00 -0.8071E-01  0.4615E+05  0.4615E+05  0.4615E+05 -0.9501E-03  0.1516E-01  0.2178E-09  0.3971E+00  0.9740E-09  0.1454E-01 -0.8781E-02 -0.9976E-02 -0.5430E-01  0.4963E-02  0.6508E-01  0.4663E-01
    23  0.5060E+02  0.0000E+00  0.3013E-02  0.8914E-02  0.8318E-07 -0.4972E-01  0.2030E+00  0.3871E+00  0.2028E+00  0.8398E+00 -0.8487E-01  0.4600E+05  0.4600E+05  0.4600E+05 -0.1150E-02  0.1400E-01  0.2348E-09  0.3747E+00  0.5766E-09  0.1343E-01 -0.1038E-01 -0.8996E-02 -0.5960E-01  0.1751E-01  0.6955E-01  0.5720E-01
    24  0.5290E+02  0.0000E+00  0.2961E-02  0.8897E-02  0.7983E-07 -0.4340E-01  0.2033E+00  0.3862E+00  0.2042E+00  0.8738E+00  0.1842E-01  0.4586E+05  0.4586E+05  0.4586E+05 -0.1046E-02  0.1359E-01  0.2390E-09  0.3411E+00  0.5069E-09  0.1312E-01 -0.8502E-02 -0.9799E-02 -0.5577E-01 -0.1144E-01  0.7386E-01  0.5470E-01
    25  0.5520E+02  0.0000E+00  0.2901E-02  0.8945E-02  0.7607E-07 -0.4594E-01  0.2045E+00  0.3877E+00  0.2076E+00  0.8159E+00  0.5362E-01  0.4566E+05  0.4566E+05  0.4566E+05 -0.8051E-03  0.1401E-01  0.2306E-09  0.2931E+00  0.6190E-09  0.1369E-01 -0.1084E-01 -0.9030E-02 -0.5483E-01  0.1498E-01  0.5836E-01  0.5932E-01
    26  0.5750E+02  0.0000E+00  0.2836E-02  0.8942E-02  0.7218E-07 -0.4392E-01  0.2063E+00  0.3908E+00  0.2178E+00  0.7853E+00 -0.1726E-01  0.4546E+05  0.4546E+05  0.4546E+05 -0.1179E-02  0.1424E-01  0.2251E-09  0.2511E+00  0.1291E-08  0.1402E-01 -0.1006E-01 -0.9783E-02 -0.5627E-01  0.2511E-02  0.5190E-01  0.5718E-01
    27  0.5980E+02  0.0000E+00  0.2790E-02  0.8945E-02  0.6998E-07 -0.4940E-01  0.2076E+00  0.3930E+00  0.2198E+00  0.8398E+00 -0.7550E-01  0.4528E+05  0.4528E+05  0.4528E+05 -0.7740E-03  0.1387E-01  0.2323E-09  0.2464E+00  0.2108E-08  0.1366E-01 -0.1051E-01 -0.9648E-02 -0.6253E-01  0.6330E-02  0.5707E-01  0.6282E-01
    28  0.6210E+02  0.0000E+00  0.2731E-02  0.8961E-02  0.6765E-07 -0.4509E-01  0.2078E+00  0.3919E+00  0.2056E+00  0.8761E+00 -0.1849E-01  0.4505E+05  0.4505E+05  0.4505E+05 -0.1026E-02  0.1363E-01  0.2377E-09  0.2856E+00  0.2622E-08  0.1336E-01 -0.1103E-01 -0.8758E-02 -0.5446E-01  0.3263E-02  0.6295E-01  0.6380E-01
    29  0.6440E+02  0.0000E+00  0.2681E-02  0.8940E-02  0.6546E-07 -0.4797E-01  0.2067E+00  0.3916E+00  0.1945E+00  0.8243E+00  0.6285E-01  0.4481E+05  0.4481E+05  0.4481E+05 -0.9577E-03  0.1412E-01  0.2311E-09  0.3527E+00  0.2514E-08  0.1373E-01 -0.9987E-02 -0.1040E-01 -0.5798E-01  0.1828E-02  0.6680E-01  0.6227E-01
    30  0.6670E+02  0.0000E+00  0.2628E-02  0.8923E-02  0.6288E-07 -0.4526E-01  0.2051E+00  0.3915E+00  0.1871E+00  0.7432E+00  0.4465E-01  0.4457E+05  0.4457E+05  0.4457E+05 -0.7784E-03  0.1477E-01  0.2202E-09  0.3816E+00  0.2116E-08  0.1435E-01 -0.1037E-01 -0.8512E-02 -0.4919E-01  0.4933E-02  0.6102E-01  0.4933E-01
    31  0.6900E+02  0.0000E+00  0.2595E-02  0.8799E-02  0.6033E-07 -0.4379E-01  0.2036E+00  0.3888E+00  0.2013E+00  0.7417E+00 -0.2908E-01  0.4440E+05  0.4440E+05  0.4440E+05 -0.1101E-02  0.1463E-01  0.2191E-09  0.3949E+00  0.1397E-08  0.1419E-01 -0.9333E-02 -0.9887E-02 -0.6138E-01 -0.1766E-02  0.6621E-01  0.5123E-01
