 #NTuple/Z0                                                                      
 output from Ecalc9f version   2.09
  settings: 
    particle type:            2
    pzmin/pzmax:    0.0000000000000000      /   100.00000000000000     
    transverse cuts:    0.0000000000000000        0.0000000000000000     
    longitudinal cut:    0.0000000000000000     
    RF frequency (MHz):    1056.0000000000000     
    sigma cut:    4.0000000000000000     
    subtract out amplitude correlation
    wrnew9 =  F

regn #   Z           Bz          eperp       elong       e6D         Ldim        Pzavg       beta        alpha       betaL       alphaL      n0          n1          n2          Lcan(eVs)   sigmaE      sigmaT      corrE       corrT       sigmaE_c    xavg        yavg        Dx          Dy          Dr          Dr2
     1  0.0000E+00 -0.7589E-15  0.5015E-03  0.2044E-02  0.5299E-09  0.2209E+00  0.2028E+00  0.5656E-01  0.6537E-01  0.4063E+00 -0.3422E-01  0.2771E+05  0.2771E+05  0.2771E+05  0.7756E-03  0.9580E-02  0.7833E-10  0.1361E+01 -0.1907E-08  0.9214E-02 -0.8487E-03 -0.9809E-03 -0.1194E-01 -0.9310E-04  0.5762E-02  0.1049E-02
     2  0.6000E+00  0.6505E-15  0.5112E-03  0.2109E-02  0.5555E-09  0.2183E+00  0.2028E+00  0.3221E-01  0.1649E+00  0.4051E+00 -0.3610E-01  0.2773E+05  0.2773E+05  0.2773E+05  0.8104E-03  0.9622E-02  0.7942E-10  0.1100E+01  0.1780E-08  0.9373E-02 -0.1266E-02 -0.9552E-03 -0.1195E-01 -0.5969E-03  0.1302E-01  0.1576E-02
     3  0.1200E+01 -0.1409E-14  0.5205E-03  0.2134E-02  0.5965E-09  0.2167E+00  0.2041E+00  0.3970E-01 -0.8902E-01  0.4160E+00 -0.4277E-01  0.2767E+05  0.2767E+05  0.2767E+05  0.7481E-03  0.9569E-02  0.8156E-10  0.9954E+00  0.6250E-08  0.9348E-02 -0.1369E-02 -0.1042E-02 -0.7384E-02  0.1841E-03  0.1521E-02  0.1752E-02
     4  0.1800E+01 -0.3253E-15  0.5173E-03  0.2146E-02  0.6027E-09  0.2194E+00  0.2050E+00  0.4317E-01  0.3443E-01  0.4224E+00 -0.2741E-01  0.2762E+05  0.2762E+05  0.2762E+05  0.7839E-03  0.9673E-02  0.8284E-10  0.1268E+01  0.8321E-08  0.9328E-02 -0.1071E-02 -0.1022E-02 -0.9595E-02 -0.5098E-03  0.1350E-01  0.1421E-02
     5  0.2400E+01 -0.1193E-14  0.5130E-03  0.2192E-02  0.6099E-09  0.2234E+00  0.2055E+00  0.4099E-01  0.9083E-01  0.4222E+00 -0.2903E-01  0.2756E+05  0.2756E+05  0.2756E+05  0.8190E-03  0.9839E-02  0.8469E-10  0.1369E+01  0.1088E-07  0.9446E-02 -0.1300E-02 -0.9462E-03 -0.1341E-01 -0.2341E-03  0.1523E-01  0.1610E-02
     6  0.3000E+01 -0.1084E-15  0.5103E-03  0.2208E-02  0.6267E-09  0.2250E+00  0.2058E+00  0.3896E-01  0.4453E-01  0.4218E+00 -0.2560E-01  0.2749E+05  0.2749E+05  0.2749E+05  0.7690E-03  0.1005E-01  0.8559E-10  0.1622E+01  0.1214E-07  0.9495E-02 -0.1345E-02 -0.1023E-02 -0.9367E-02 -0.6871E-03  0.1177E-01  0.1663E-02
     7  0.3600E+01  0.0000E+00  0.5069E-03  0.2203E-02  0.6333E-09  0.2279E+00  0.2060E+00  0.4001E-01  0.3220E-01  0.4242E+00 -0.7710E-02  0.2740E+05  0.2740E+05  0.2740E+05  0.8119E-03  0.1028E-01  0.8554E-10  0.2020E+01  0.1207E-07  0.9459E-02 -0.1205E-02 -0.1050E-02 -0.8439E-02 -0.1144E-03  0.1416E-01  0.1466E-02
     8  0.4200E+01 -0.6505E-15  0.5052E-03  0.2208E-02  0.6370E-09  0.2275E+00  0.2058E+00  0.3966E-01  0.4447E-01  0.4178E+00  0.2991E-02  0.2733E+05  0.2733E+05  0.2733E+05  0.8048E-03  0.1060E-01  0.8502E-10  0.2338E+01  0.1206E-07  0.9539E-02 -0.1329E-02 -0.9437E-03 -0.1092E-01 -0.1019E-03  0.1594E-01  0.1458E-02
     9  0.4800E+01 -0.6505E-15  0.5006E-03  0.2214E-02  0.6375E-09  0.2332E+00  0.2055E+00  0.3909E-01  0.3266E-01  0.4068E+00  0.1641E-01  0.2726E+05  0.2726E+05  0.2726E+05  0.7881E-03  0.1096E-01  0.8354E-10  0.2623E+01  0.1097E-07  0.9669E-02 -0.1263E-02 -0.1012E-02 -0.9395E-02 -0.1116E-02  0.1569E-01  0.1352E-02
    10  0.5400E+01 -0.1735E-14  0.4951E-03  0.2220E-02  0.6277E-09  0.2349E+00  0.2050E+00  0.3907E-01  0.4044E-01  0.3978E+00  0.3062E-01  0.2718E+05  0.2718E+05  0.2718E+05  0.8128E-03  0.1124E-01  0.8200E-10  0.2872E+01  0.9200E-08  0.9780E-02 -0.1205E-02 -0.1041E-02 -0.9157E-02  0.1172E-03  0.1522E-01  0.1243E-02
    11  0.6000E+01  0.8674E-15  0.4906E-03  0.2222E-02  0.6143E-09  0.2388E+00  0.2044E+00  0.3807E-01  0.2700E-01  0.3872E+00  0.3046E-01  0.2712E+05  0.2712E+05  0.2712E+05  0.8160E-03  0.1147E-01  0.8041E-10  0.3028E+01  0.7331E-08  0.9897E-02 -0.1257E-02 -0.9507E-03 -0.1096E-01 -0.3412E-03  0.1543E-01  0.1175E-02
    12  0.6600E+01 -0.5421E-15  0.4862E-03  0.2229E-02  0.6064E-09  0.2401E+00  0.2039E+00  0.3866E-01  0.8399E-02  0.3765E+00  0.2443E-01  0.2708E+05  0.2708E+05  0.2708E+05  0.7942E-03  0.1161E-01  0.7900E-10  0.3071E+01  0.5413E-08  0.1003E-01 -0.1173E-02 -0.1009E-02 -0.8417E-02 -0.8644E-03  0.1458E-01  0.1102E-02
    13  0.7200E+01  0.7589E-15  0.4836E-03  0.2222E-02  0.5925E-09  0.2439E+00  0.2035E+00  0.3925E-01  0.3676E-01  0.3734E+00  0.9551E-02  0.2702E+05  0.2702E+05  0.2702E+05  0.8269E-03  0.1160E-01  0.7821E-10  0.3081E+01  0.2925E-08  0.1004E-01 -0.1182E-02 -0.1024E-02 -0.1035E-01  0.5019E-05  0.1477E-01  0.1124E-02
    14  0.7800E+01  0.1626E-14  0.4774E-03  0.2226E-02  0.5706E-09  0.2452E+00  0.2031E+00  0.3813E-01  0.3358E-01  0.3730E+00 -0.2839E-02  0.2696E+05  0.2696E+05  0.2696E+05  0.8070E-03  0.1147E-01  0.7815E-10  0.2983E+01  0.8181E-09  0.1004E-01 -0.1152E-02 -0.9511E-03 -0.9425E-02 -0.3364E-03  0.1341E-01  0.1044E-02
    15  0.8400E+01 -0.1626E-14  0.4770E-03  0.2202E-02  0.5588E-09  0.2494E+00  0.2030E+00  0.3884E-01  0.1176E-01  0.3767E+00 -0.9819E-02  0.2690E+05  0.2690E+05  0.2690E+05  0.8235E-03  0.1125E-01  0.7815E-10  0.2843E+01 -0.7594E-09  0.9931E-02 -0.1155E-02 -0.1001E-02 -0.1072E-01 -0.9240E-03  0.1385E-01  0.1122E-02
    16  0.9000E+01 -0.1301E-14  0.4743E-03  0.2189E-02  0.5436E-09  0.2501E+00  0.2030E+00  0.3977E-01  0.3461E-01  0.3822E+00 -0.1637E-01  0.2686E+05  0.2686E+05  0.2686E+05  0.8227E-03  0.1099E-01  0.7855E-10  0.2643E+01 -0.1967E-08  0.9834E-02 -0.1130E-02 -0.1014E-02 -0.9384E-02 -0.3843E-03  0.1206E-01  0.1145E-02
    17  0.9600E+01  0.1626E-14  0.4716E-03  0.2185E-02  0.5295E-09  0.2545E+00  0.2032E+00  0.3845E-01  0.4558E-01  0.3860E+00 -0.1733E-01  0.2684E+05  0.2684E+05  0.2684E+05  0.8429E-03  0.1077E-01  0.7888E-10  0.2386E+01 -0.2483E-08  0.9780E-02 -0.1205E-02 -0.9520E-03 -0.9065E-02  0.4464E-04  0.1178E-01  0.1209E-02
    18  0.1020E+02 -0.1084E-15  0.4676E-03  0.2173E-02  0.5045E-09  0.2543E+00  0.2035E+00  0.3926E-01  0.4022E-02  0.3914E+00 -0.2623E-01  0.2678E+05  0.2678E+05  0.2678E+05  0.8026E-03  0.1044E-01  0.7912E-10  0.2093E+01 -0.2473E-08  0.9701E-02 -0.1205E-02 -0.1023E-02 -0.1115E-01 -0.3934E-03  0.1130E-01  0.1340E-02
    19  0.1080E+02 -0.1735E-14  0.4650E-03  0.2167E-02  0.4926E-09  0.2581E+00  0.2040E+00  0.4118E-01  0.2466E-01  0.3991E+00 -0.2886E-01  0.2675E+05  0.2675E+05  0.2675E+05  0.8447E-03  0.1024E-01  0.7955E-10  0.1919E+01 -0.1367E-08  0.9610E-02 -0.1118E-02 -0.1025E-02 -0.1075E-01 -0.1714E-03  0.1096E-01  0.1291E-02
    20  0.1140E+02 -0.7589E-15  0.4605E-03  0.2168E-02  0.4784E-09  0.2626E+00  0.2044E+00  0.3978E-01  0.5885E-01  0.4058E+00 -0.2596E-01  0.2672E+05  0.2672E+05  0.2672E+05  0.8533E-03  0.1006E-01  0.8007E-10  0.1747E+01  0.1849E-10  0.9546E-02 -0.1293E-02 -0.9364E-03 -0.9926E-02  0.2098E-04  0.1090E-01  0.1467E-02
    21  0.1200E+02 -0.1084E-14  0.4590E-03  0.2171E-02  0.4746E-09  0.2651E+00  0.2049E+00  0.3965E-01  0.1385E-01  0.4089E+00 -0.1538E-01  0.2669E+05  0.2669E+05  0.2669E+05  0.8166E-03  0.9980E-02  0.8035E-10  0.1644E+01  0.1642E-08  0.9531E-02 -0.1297E-02 -0.1041E-02 -0.9561E-02 -0.1014E-02  0.9365E-02  0.1598E-02
    22  0.1260E+02  0.1193E-14  0.4559E-03  0.2180E-02  0.4677E-09  0.2678E+00  0.2054E+00  0.4087E-01  0.3403E-01  0.4103E+00 -0.6764E-02  0.2664E+05  0.2664E+05  0.2664E+05  0.8573E-03  0.9968E-02  0.8070E-10  0.1603E+01  0.3352E-08  0.9547E-02 -0.1173E-02 -0.1033E-02 -0.1133E-01  0.1552E-03  0.9778E-02  0.1430E-02
    23  0.1320E+02 -0.1626E-14  0.4526E-03  0.2195E-02  0.4651E-09  0.2705E+00  0.2056E+00  0.4025E-01  0.3405E-01  0.4084E+00 -0.1476E-02  0.2660E+05  0.2660E+05  0.2660E+05  0.8628E-03  0.1005E-01  0.8097E-10  0.1644E+01  0.4968E-08  0.9612E-02 -0.1322E-02 -0.9260E-03 -0.1138E-01 -0.4277E-03  0.1158E-01  0.1514E-02
    24  0.1380E+02  0.1301E-14  0.4480E-03  0.2206E-02  0.4635E-09  0.2718E+00  0.2058E+00  0.4081E-01  0.3934E-01  0.4047E+00 -0.2482E-02  0.2654E+05  0.2654E+05  0.2654E+05  0.8206E-03  0.1016E-01  0.8109E-10  0.1741E+01  0.6613E-08  0.9686E-02 -0.1318E-02 -0.1046E-02 -0.9542E-02 -0.7564E-03  0.1014E-01  0.1593E-02
    25  0.1440E+02  0.0000E+00  0.4459E-03  0.2206E-02  0.4642E-09  0.2739E+00  0.2058E+00  0.3984E-01  0.3804E-01  0.4025E+00 -0.2821E-02  0.2648E+05  0.2648E+05  0.2648E+05  0.8624E-03  0.1028E-01  0.8111E-10  0.1931E+01  0.7468E-08  0.9713E-02 -0.1239E-02 -0.1031E-02 -0.9822E-02 -0.6509E-04  0.1179E-01  0.1449E-02
    26  0.1500E+02 -0.1084E-15  0.4483E-03  0.2212E-02  0.4767E-09  0.2736E+00  0.2057E+00  0.4012E-01  0.4041E-01  0.4022E+00 -0.9522E-02  0.2646E+05  0.2646E+05  0.2646E+05  0.8492E-03  0.1044E-01  0.8150E-10  0.2148E+01  0.8380E-08  0.9726E-02 -0.1322E-02 -0.9409E-03 -0.1094E-01 -0.3889E-03  0.1221E-01  0.1430E-02
    27  0.1560E+02  0.2168E-15  0.4454E-03  0.2208E-02  0.4770E-09  0.2761E+00  0.2055E+00  0.3948E-01  0.3392E-01  0.4010E+00 -0.3295E-02  0.2640E+05  0.2640E+05  0.2640E+05  0.8356E-03  0.1057E-01  0.8129E-10  0.2364E+01  0.8143E-08  0.9722E-02 -0.1251E-02 -0.1039E-02 -0.9539E-02 -0.5282E-03  0.1275E-01  0.1407E-02
    28  0.1620E+02  0.1193E-14  0.4453E-03  0.2203E-02  0.4800E-09  0.2741E+00  0.2051E+00  0.3955E-01  0.3073E-01  0.4011E+00  0.4086E-02  0.2635E+05  0.2635E+05  0.2635E+05  0.8639E-03  0.1068E-01  0.8119E-10  0.2527E+01  0.7657E-08  0.9700E-02 -0.1249E-02 -0.1018E-02 -0.1018E-01  0.3798E-03  0.1327E-01  0.1358E-02
    29  0.1680E+02  0.1626E-14  0.4427E-03  0.2198E-02  0.4759E-09  0.2738E+00  0.2048E+00  0.3935E-01  0.3244E-01  0.3959E+00  0.1436E-01  0.2629E+05  0.2629E+05  0.2629E+05  0.8352E-03  0.1083E-01  0.8046E-10  0.2702E+01  0.7030E-08  0.9742E-02 -0.1264E-02 -0.9531E-03 -0.9998E-02 -0.7012E-03  0.1376E-01  0.1285E-02
    30  0.1740E+02  0.5421E-15  0.4393E-03  0.2199E-02  0.4708E-09  0.2778E+00  0.2045E+00  0.3907E-01  0.2429E-01  0.3899E+00  0.1923E-01  0.2624E+05  0.2624E+05  0.2624E+05  0.8374E-03  0.1096E-01  0.7970E-10  0.2796E+01  0.5942E-08  0.9808E-02 -0.1215E-02 -0.1030E-02 -0.9039E-02 -0.1173E-02  0.1343E-01  0.1269E-02
    31  0.1800E+02 -0.4337E-15  0.4371E-03  0.2179E-02  0.4609E-09  0.2806E+00  0.2043E+00  0.3969E-01  0.2574E-01  0.3849E+00  0.1725E-01  0.2618E+05  0.2618E+05  0.2618E+05  0.8563E-03  0.1102E-01  0.7859E-10  0.2883E+01  0.4337E-08  0.9819E-02 -0.1218E-02 -0.9962E-03 -0.1107E-01  0.4548E-03  0.1401E-01  0.1234E-02
    32  0.1860E+02  0.1084E-15  0.4318E-03  0.2171E-02  0.4472E-09  0.2795E+00  0.2041E+00  0.3959E-01  0.3846E-01  0.3822E+00  0.1033E-01  0.2612E+05  0.2612E+05  0.2612E+05  0.8339E-03  0.1098E-01  0.7799E-10  0.2879E+01  0.2877E-08  0.9830E-02 -0.1194E-02 -0.9860E-03 -0.8740E-02 -0.5097E-03  0.1314E-01  0.1196E-02
    33  0.1920E+02  0.1626E-14  0.4318E-03  0.2148E-02  0.4401E-09  0.2817E+00  0.2041E+00  0.3920E-01  0.3649E-01  0.3814E+00  0.4345E-02  0.2608E+05  0.2608E+05  0.2608E+05  0.8474E-03  0.1090E-01  0.7739E-10  0.2814E+01  0.1453E-08  0.9787E-02 -0.1254E-02 -0.1016E-02 -0.9968E-02 -0.8800E-03  0.1274E-01  0.1299E-02
    34  0.1980E+02  0.6505E-15  0.4295E-03  0.2133E-02  0.4280E-09  0.2788E+00  0.2042E+00  0.3953E-01  0.3648E-01  0.3840E+00 -0.3415E-02  0.2602E+05  0.2602E+05  0.2602E+05  0.8206E-03  0.1075E-01  0.7732E-10  0.2698E+01  0.5158E-09  0.9723E-02 -0.1181E-02 -0.9824E-03 -0.1050E-01  0.4465E-03  0.1166E-01  0.1210E-02
    35  0.2040E+02 -0.3253E-15  0.4275E-03  0.2117E-02  0.4206E-09  0.2814E+00  0.2044E+00  0.3902E-01  0.3276E-01  0.3882E+00 -0.6928E-02  0.2600E+05  0.2600E+05  0.2600E+05  0.8463E-03  0.1061E-01  0.7739E-10  0.2582E+01 -0.1626E-10  0.9641E-02 -0.1194E-02 -0.1006E-02 -0.9028E-02 -0.9303E-03  0.1146E-01  0.1276E-02
    36  0.2100E+02 -0.1084E-15  0.4252E-03  0.2111E-02  0.4098E-09  0.2821E+00  0.2047E+00  0.3963E-01  0.1955E-01  0.3903E+00 -0.6899E-02  0.2596E+05  0.2596E+05  0.2596E+05  0.8309E-03  0.1046E-01  0.7740E-10  0.2437E+01 -0.1274E-09  0.9612E-02 -0.1332E-02 -0.1007E-02 -0.9976E-02  0.4612E-03  0.1071E-01  0.1479E-02
    37  0.2160E+02 -0.5421E-15  0.4221E-03  0.2100E-02  0.3975E-09  0.2845E+00  0.2051E+00  0.4018E-01  0.3910E-01  0.3943E+00 -0.8075E-02  0.2591E+05  0.2591E+05  0.2591E+05  0.8233E-03  0.1029E-01  0.7750E-10  0.2286E+01  0.3778E-10  0.9550E-02 -0.1204E-02 -0.1002E-02 -0.1022E-01 -0.9855E-03  0.1074E-01  0.1355E-02
    38  0.2220E+02 -0.6505E-15  0.4192E-03  0.2104E-02  0.3898E-09  0.2873E+00  0.2054E+00  0.3975E-01  0.3730E-01  0.3963E+00 -0.4057E-02  0.2588E+05  0.2588E+05  0.2588E+05  0.8501E-03  0.1019E-01  0.7769E-10  0.2153E+01  0.7859E-09  0.9545E-02 -0.1242E-02 -0.9772E-03 -0.9919E-02 -0.6231E-03  0.1013E-01  0.1400E-02
    39  0.2280E+02  0.7589E-15  0.4174E-03  0.2105E-02  0.3840E-09  0.2870E+00  0.2058E+00  0.4014E-01  0.3384E-01  0.3982E+00 -0.1870E-02  0.2585E+05  0.2585E+05  0.2585E+05  0.8234E-03  0.1012E-01  0.7786E-10  0.2056E+01  0.1957E-08  0.9536E-02 -0.1384E-02 -0.1027E-02 -0.1083E-01  0.1504E-03  0.9572E-02  0.1665E-02
    40  0.2340E+02  0.0000E+00  0.4137E-03  0.2101E-02  0.3772E-09  0.2860E+00  0.2060E+00  0.4004E-01  0.3829E-01  0.3983E+00  0.2115E-02  0.2580E+05  0.2580E+05  0.2580E+05  0.8171E-03  0.1011E-01  0.7778E-10  0.2046E+01  0.2712E-08  0.9535E-02 -0.1232E-02 -0.1021E-02 -0.9383E-02 -0.3451E-03  0.9616E-02  0.1452E-02
    41  0.2400E+02 -0.1193E-14  0.4121E-03  0.2106E-02  0.3729E-09  0.2878E+00  0.2062E+00  0.4030E-01  0.3354E-01  0.3969E+00  0.3382E-02  0.2575E+05  0.2575E+05  0.2575E+05  0.8377E-03  0.1009E-01  0.7784E-10  0.1971E+01  0.3833E-08  0.9568E-02 -0.1312E-02 -0.9681E-03 -0.1079E-01 -0.2221E-03  0.9931E-02  0.1514E-02
    42  0.2460E+02  0.0000E+00  0.4103E-03  0.2116E-02  0.3728E-09  0.2861E+00  0.2063E+00  0.4000E-01  0.3296E-01  0.3940E+00  0.4302E-03  0.2570E+05  0.2570E+05  0.2570E+05  0.7987E-03  0.1017E-01  0.7792E-10  0.2025E+01  0.5271E-08  0.9628E-02 -0.1375E-02 -0.1035E-02 -0.1017E-01 -0.4462E-03  0.1003E-01  0.1651E-02
    43  0.2520E+02  0.9758E-15  0.4074E-03  0.2113E-02  0.3701E-09  0.2889E+00  0.2062E+00  0.4025E-01  0.3528E-01  0.3928E+00 -0.2799E-02  0.2565E+05  0.2565E+05  0.2565E+05  0.8217E-03  0.1023E-01  0.7788E-10  0.2145E+01  0.6053E-08  0.9635E-02 -0.1250E-02 -0.1003E-02 -0.9969E-02 -0.6579E-03  0.1022E-01  0.1431E-02
    44  0.2580E+02  0.1626E-14  0.4061E-03  0.2128E-02  0.3711E-09  0.2868E+00  0.2061E+00  0.4001E-01  0.3008E-01  0.3929E+00 -0.7297E-02  0.2562E+05  0.2562E+05  0.2562E+05  0.8078E-03  0.1031E-01  0.7832E-10  0.2265E+01  0.6652E-08  0.9665E-02 -0.1321E-02 -0.9770E-03 -0.1127E-01  0.1897E-03  0.1120E-01  0.1481E-02
    45  0.2640E+02  0.1735E-14  0.4036E-03  0.2126E-02  0.3706E-09  0.2893E+00  0.2059E+00  0.4019E-01  0.3275E-01  0.3948E+00 -0.7087E-02  0.2558E+05  0.2558E+05  0.2558E+05  0.8050E-03  0.1035E-01  0.7857E-10  0.2397E+01  0.6884E-08  0.9631E-02 -0.1325E-02 -0.1052E-02 -0.9309E-02 -0.8661E-03  0.1116E-01  0.1554E-02
    46  0.2700E+02  0.4337E-15  0.4015E-03  0.2117E-02  0.3683E-09  0.2904E+00  0.2057E+00  0.4002E-01  0.3655E-01  0.3967E+00  0.1458E-02  0.2554E+05  0.2554E+05  0.2554E+05  0.8152E-03  0.1039E-01  0.7857E-10  0.2545E+01  0.6523E-08  0.9578E-02 -0.1265E-02 -0.9756E-03 -0.9639E-02  0.3997E-03  0.1181E-01  0.1392E-02
    47  0.2760E+02  0.4337E-15  0.4006E-03  0.2102E-02  0.3639E-09  0.2862E+00  0.2054E+00  0.4006E-01  0.3325E-01  0.3971E+00  0.8806E-02  0.2549E+05  0.2549E+05  0.2549E+05  0.7886E-03  0.1040E-01  0.7831E-10  0.2644E+01  0.6089E-08  0.9531E-02 -0.1283E-02 -0.1003E-02 -0.1050E-01 -0.7876E-03  0.1251E-01  0.1441E-02
    48  0.2820E+02 -0.1518E-14  0.3997E-03  0.2098E-02  0.3628E-09  0.2886E+00  0.2052E+00  0.3996E-01  0.3855E-01  0.3927E+00  0.1891E-01  0.2545E+05  0.2545E+05  0.2545E+05  0.8015E-03  0.1046E-01  0.7778E-10  0.2683E+01  0.5606E-08  0.9569E-02 -0.1278E-02 -0.1020E-02 -0.1024E-01 -0.6196E-03  0.1225E-01  0.1432E-02
    49  0.2880E+02 -0.1735E-14  0.3988E-03  0.2086E-02  0.3600E-09  0.2867E+00  0.2050E+00  0.3966E-01  0.2935E-01  0.3878E+00  0.2327E-01  0.2543E+05  0.2543E+05  0.2543E+05  0.7895E-03  0.1053E-01  0.7697E-10  0.2750E+01  0.4715E-08  0.9598E-02 -0.1240E-02 -0.9861E-03 -0.9680E-02  0.8525E-04  0.1181E-01  0.1331E-02
    50  0.2940E+02  0.8674E-15  0.3972E-03  0.2074E-02  0.3536E-09  0.2904E+00  0.2050E+00  0.3996E-01  0.3311E-01  0.3838E+00  0.1986E-01  0.2538E+05  0.2538E+05  0.2538E+05  0.8062E-03  0.1053E-01  0.7626E-10  0.2729E+01  0.3780E-08  0.9619E-02 -0.1285E-02 -0.1017E-02 -0.1010E-01 -0.1142E-02  0.1185E-01  0.1416E-02
    51  0.3000E+02 -0.1518E-14  0.3950E-03  0.2065E-02  0.3462E-09  0.2893E+00  0.2050E+00  0.4004E-01  0.3113E-01  0.3804E+00  0.1293E-01  0.2533E+05  0.2533E+05  0.2533E+05  0.7847E-03  0.1051E-01  0.7563E-10  0.2702E+01  0.2988E-08  0.9641E-02 -0.1269E-02 -0.9814E-03 -0.1057E-01  0.3378E-03  0.1151E-01  0.1363E-02
    52  0.3060E+02  0.7589E-15  0.3927E-03  0.2050E-02  0.3376E-09  0.2869E+00  0.2052E+00  0.4012E-01  0.3920E-01  0.3797E+00  0.1288E-02  0.2528E+05  0.2528E+05  0.2528E+05  0.7810E-03  0.1043E-01  0.7518E-10  0.2614E+01  0.2143E-08  0.9618E-02 -0.1226E-02 -0.1026E-02 -0.1020E-01 -0.4531E-03  0.1110E-01  0.1371E-02
    53  0.3120E+02  0.6505E-15  0.3915E-03  0.2038E-02  0.3327E-09  0.2908E+00  0.2054E+00  0.3974E-01  0.3969E-01  0.3828E+00 -0.8250E-02  0.2525E+05  0.2525E+05  0.2525E+05  0.8031E-03  0.1032E-01  0.7518E-10  0.2500E+01  0.1466E-08  0.9558E-02 -0.1314E-02 -0.9945E-03 -0.9787E-02 -0.6680E-03  0.1069E-01  0.1478E-02
    54  0.3180E+02  0.1084E-15  0.3892E-03  0.2030E-02  0.3252E-09  0.2862E+00  0.2057E+00  0.4001E-01  0.3348E-01  0.3875E+00 -0.1347E-01  0.2521E+05  0.2521E+05  0.2521E+05  0.7576E-03  0.1016E-01  0.7542E-10  0.2366E+01  0.1459E-08  0.9492E-02 -0.1307E-02 -0.9891E-03 -0.9682E-02  0.3062E-03  0.9832E-02  0.1498E-02
    55  0.3240E+02  0.1084E-15  0.3896E-03  0.2018E-02  0.3229E-09  0.2874E+00  0.2060E+00  0.4015E-01  0.3820E-01  0.3929E+00 -0.1163E-01  0.2518E+05  0.2518E+05  0.2518E+05  0.7790E-03  0.1007E-01  0.7565E-10  0.2332E+01  0.1822E-08  0.9407E-02 -0.1267E-02 -0.1037E-02 -0.1081E-01 -0.9671E-03  0.1038E-01  0.1528E-02
    56  0.3300E+02  0.5421E-15  0.3889E-03  0.2014E-02  0.3207E-09  0.2878E+00  0.2063E+00  0.3996E-01  0.4047E-01  0.3959E+00 -0.3281E-02  0.2515E+05  0.2515E+05  0.2515E+05  0.7859E-03  0.1000E-01  0.7581E-10  0.2252E+01  0.2054E-08  0.9370E-02 -0.1338E-02 -0.9755E-03 -0.1024E-01  0.3152E-03  0.9760E-02  0.1581E-02
    57  0.3360E+02  0.1084E-14  0.3878E-03  0.2014E-02  0.3180E-09  0.2868E+00  0.2065E+00  0.3993E-01  0.3886E-01  0.3972E+00  0.5764E-02  0.2511E+05  0.2511E+05  0.2511E+05  0.7585E-03  0.9959E-02  0.7591E-10  0.2194E+01  0.2653E-08  0.9364E-02 -0.1348E-02 -0.1026E-02 -0.9889E-02 -0.1028E-02  0.9442E-02  0.1661E-02
    58  0.3420E+02 -0.2168E-15  0.3844E-03  0.2014E-02  0.3127E-09  0.2903E+00  0.2067E+00  0.3977E-01  0.3045E-01  0.3958E+00  0.1201E-01  0.2507E+05  0.2507E+05  0.2507E+05  0.7820E-03  0.9970E-02  0.7584E-10  0.2203E+01  0.3701E-08  0.9386E-02 -0.1310E-02 -0.1011E-02 -0.9951E-02  0.1283E-03  0.9285E-02  0.1587E-02
    59  0.3480E+02 -0.5421E-15  0.3843E-03  0.2013E-02  0.3111E-09  0.2865E+00  0.2068E+00  0.4055E-01  0.2971E-01  0.3916E+00  0.1569E-01  0.2504E+05  0.2504E+05  0.2504E+05  0.7591E-03  0.1002E-01  0.7542E-10  0.2193E+01  0.3974E-08  0.9439E-02 -0.1380E-02 -0.9936E-03 -0.1110E-01  0.1899E-03  0.1001E-01  0.1663E-02
    60  0.3540E+02 -0.8674E-15  0.3835E-03  0.2015E-02  0.3120E-09  0.2867E+00  0.2068E+00  0.4004E-01  0.4447E-01  0.3870E+00  0.1237E-01  0.2501E+05  0.2501E+05  0.2501E+05  0.7583E-03  0.1011E-01  0.7512E-10  0.2247E+01  0.4780E-08  0.9501E-02 -0.1327E-02 -0.1046E-02 -0.9687E-02 -0.1048E-02  0.9866E-02  0.1617E-02
    61  0.3600E+02  0.4337E-15  0.3802E-03  0.2007E-02  0.3060E-09  0.2880E+00  0.2068E+00  0.3983E-01  0.3487E-01  0.3848E+00  0.6384E-02  0.2496E+05  0.2496E+05  0.2496E+05  0.7718E-03  0.1013E-01  0.7482E-10  0.2337E+01  0.5191E-08  0.9507E-02 -0.1344E-02 -0.9684E-03 -0.1039E-01 -0.2514E-03  0.1015E-01  0.1549E-02
    62  0.3660E+02  0.6505E-15  0.3802E-03  0.2003E-02  0.3063E-09  0.2850E+00  0.2067E+00  0.4004E-01  0.3160E-01  0.3835E+00 -0.1099E-02  0.2493E+05  0.2493E+05  0.2493E+05  0.7329E-03  0.1018E-01  0.7470E-10  0.2419E+01  0.5499E-08  0.9510E-02 -0.1366E-02 -0.1013E-02 -0.1048E-01 -0.7121E-03  0.1057E-01  0.1616E-02
    63  0.3720E+02 -0.3253E-15  0.3786E-03  0.1999E-02  0.3066E-09  0.2878E+00  0.2065E+00  0.3985E-01  0.3616E-01  0.3852E+00 -0.1619E-02  0.2491E+05  0.2491E+05  0.2491E+05  0.7603E-03  0.1021E-01  0.7480E-10  0.2550E+01  0.5339E-08  0.9473E-02 -0.1297E-02 -0.1042E-02 -0.9477E-02 -0.1224E-03  0.1052E-01  0.1540E-02
    64  0.3780E+02  0.3253E-15  0.3767E-03  0.1997E-02  0.3018E-09  0.2831E+00  0.2063E+00  0.3991E-01  0.3148E-01  0.3871E+00  0.1404E-03  0.2487E+05  0.2487E+05  0.2487E+05  0.7437E-03  0.1019E-01  0.7493E-10  0.2591E+01  0.5084E-08  0.9439E-02 -0.1339E-02 -0.9798E-03 -0.1067E-01  0.1398E-03  0.1113E-01  0.1541E-02
    65  0.3840E+02  0.6505E-15  0.3748E-03  0.1997E-02  0.2995E-09  0.2861E+00  0.2062E+00  0.4004E-01  0.3071E-01  0.3868E+00  0.5348E-02  0.2483E+05  0.2483E+05  0.2483E+05  0.7377E-03  0.1020E-01  0.7486E-10  0.2637E+01  0.4495E-08  0.9438E-02 -0.1325E-02 -0.1007E-02 -0.1004E-01 -0.1458E-02  0.1166E-01  0.1548E-02
    66  0.3900E+02  0.4337E-15  0.3746E-03  0.1987E-02  0.2989E-09  0.2848E+00  0.2060E+00  0.3997E-01  0.3205E-01  0.3855E+00  0.1151E-01  0.2480E+05  0.2480E+05  0.2480E+05  0.7395E-03  0.1022E-01  0.7454E-10  0.2663E+01  0.4053E-08  0.9426E-02 -0.1289E-02 -0.1008E-02 -0.9770E-02  0.3084E-03  0.1114E-01  0.1491E-02
    67  0.3960E+02 -0.9758E-15  0.3734E-03  0.1979E-02  0.2950E-09  0.2858E+00  0.2059E+00  0.3978E-01  0.3610E-01  0.3832E+00  0.1315E-01  0.2476E+05  0.2476E+05  0.2476E+05  0.7437E-03  0.1024E-01  0.7414E-10  0.2705E+01  0.3602E-08  0.9431E-02 -0.1334E-02 -0.1010E-02 -0.1032E-01 -0.7599E-03  0.1134E-01  0.1550E-02
    68  0.4020E+02  0.5421E-15  0.3716E-03  0.1972E-02  0.2905E-09  0.2858E+00  0.2059E+00  0.3985E-01  0.3016E-01  0.3802E+00  0.1050E-01  0.2473E+05  0.2473E+05  0.2473E+05  0.7293E-03  0.1023E-01  0.7367E-10  0.2687E+01  0.3046E-08  0.9449E-02 -0.1293E-02 -0.9892E-03 -0.1012E-01  0.2134E-03  0.1109E-01  0.1471E-02
    69  0.4080E+02  0.0000E+00  0.3709E-03  0.1959E-02  0.2859E-09  0.2850E+00  0.2059E+00  0.4027E-01  0.3452E-01  0.3789E+00  0.8907E-02  0.2470E+05  0.2470E+05  0.2470E+05  0.7341E-03  0.1017E-01  0.7325E-10  0.2611E+01  0.2269E-08  0.9436E-02 -0.1287E-02 -0.1026E-02 -0.1074E-01 -0.3626E-03  0.1091E-01  0.1519E-02
    70  0.4140E+02 -0.2168E-15  0.3709E-03  0.1952E-02  0.2853E-09  0.2856E+00  0.2060E+00  0.3979E-01  0.4461E-01  0.3792E+00  0.8306E-03  0.2468E+05  0.2468E+05  0.2468E+05  0.7414E-03  0.1015E-01  0.7311E-10  0.2576E+01  0.2071E-08  0.9419E-02 -0.1328E-02 -0.1003E-02 -0.9783E-02 -0.5899E-03  0.1020E-01  0.1548E-02
    71  0.4200E+02 -0.7589E-15  0.3700E-03  0.1950E-02  0.2828E-09  0.2887E+00  0.2061E+00  0.3939E-01  0.2756E-01  0.3805E+00 -0.5256E-02  0.2467E+05  0.2467E+05  0.2467E+05  0.7359E-03  0.1009E-01  0.7315E-10  0.2506E+01  0.1942E-08  0.9401E-02 -0.1332E-02 -0.9765E-03 -0.9643E-02 -0.7231E-03  0.1009E-01  0.1543E-02
    72  0.4260E+02  0.1301E-14  0.3702E-03  0.1947E-02  0.2814E-09  0.2876E+00  0.2064E+00  0.4027E-01  0.2640E-01  0.3838E+00 -0.1151E-01  0.2464E+05  0.2464E+05  0.2464E+05  0.7293E-03  0.1002E-01  0.7337E-10  0.2428E+01  0.2156E-08  0.9363E-02 -0.1310E-02 -0.1044E-02 -0.1061E-01  0.8336E-04  0.9818E-02  0.1608E-02
    73  0.4320E+02  0.1518E-14  0.3677E-03  0.1943E-02  0.2767E-09  0.2891E+00  0.2066E+00  0.4012E-01  0.4461E-01  0.3884E+00 -0.1211E-01  0.2461E+05  0.2461E+05  0.2461E+05  0.7504E-03  0.9946E-02  0.7369E-10  0.2417E+01  0.2245E-08  0.9302E-02 -0.1338E-02 -0.1000E-02 -0.1037E-01 -0.4061E-03  0.1019E-01  0.1628E-02
    74  0.4380E+02 -0.6505E-15  0.3644E-03  0.1939E-02  0.2697E-09  0.2890E+00  0.2067E+00  0.3993E-01  0.3857E-01  0.3906E+00 -0.6392E-02  0.2456E+05  0.2456E+05  0.2456E+05  0.7231E-03  0.9841E-02  0.7381E-10  0.2306E+01  0.2585E-08  0.9273E-02 -0.1364E-02 -0.9798E-03 -0.9980E-02 -0.7456E-04  0.9478E-02  0.1670E-02
    75  0.4440E+02 -0.1193E-14  0.3653E-03  0.1934E-02  0.2701E-09  0.2882E+00  0.2069E+00  0.3996E-01  0.3282E-01  0.3923E+00 -0.1820E-02  0.2454E+05  0.2454E+05  0.2454E+05  0.7277E-03  0.9807E-02  0.7386E-10  0.2248E+01  0.3036E-08  0.9247E-02 -0.1342E-02 -0.1048E-02 -0.1035E-01 -0.1196E-02  0.9572E-02  0.1730E-02
    76  0.4500E+02  0.4337E-15  0.3640E-03  0.1931E-02  0.2685E-09  0.2888E+00  0.2070E+00  0.4006E-01  0.3581E-01  0.3929E+00  0.7414E-02  0.2451E+05  0.2451E+05  0.2451E+05  0.7364E-03  0.9823E-02  0.7386E-10  0.2306E+01  0.3466E-08  0.9235E-02 -0.1357E-02 -0.9825E-03 -0.1053E-01  0.4793E-03  0.9634E-02  0.1675E-02
