 #NTuple/Z0                                                                      
 output from Ecalc9f version   2.09
  settings: 
    particle type:            2
    pzmin/pzmax:    0.0000000000000000      /   100.00000000000000     
    transverse cuts:    0.0000000000000000        0.0000000000000000     
    longitudinal cut:    0.0000000000000000     
    RF frequency (MHz):    704.00000000000000     
    sigma cut:    0.0000000000000000     
    subtract out amplitude correlation
    wrnew9 =  F

regn #   Z           Bz          eperp       elong       e6D         Ldim        Pzavg       beta        alpha       betaL       alphaL      n0          n1          n2          Lcan(eVs)   sigmaE      sigmaT      corrE       corrT       sigmaE_c    xavg        yavg        Dx          Dy          Dr          Dr2
     1  0.0000E+00  0.5427E-03  0.1556E-02  0.3880E-02  0.9595E-08 -0.5586E-01  0.2267E+00  0.3175E+00 -0.2797E-01  0.4455E+00  0.3514E-02  0.1074E+06  0.1074E+06  0.1074E+06 -0.7302E-03  0.1353E-01  0.1045E-09  0.6779E+00  0.7014E-09  0.1309E-01 -0.1910E-01 -0.1374E-01 -0.3753E-01  0.7557E-02  0.4137E-01  0.1932E+00
     2  0.7000E+00  0.5178E-03  0.1555E-02  0.3843E-02  0.9459E-08 -0.5921E-01  0.2270E+00  0.2774E+00 -0.2183E+00  0.4557E+00 -0.2954E-01  0.1072E+06  0.1072E+06  0.1072E+06 -0.7508E-03  0.1336E-01  0.1052E-09  0.6955E+00  0.1146E-08  0.1290E-01 -0.1952E-01 -0.1322E-01 -0.4426E-01 -0.7407E-03  0.4415E-01  0.1992E+00
     3  0.1400E+01  0.5331E-03  0.1550E-02  0.3805E-02  0.9395E-08 -0.7075E-01  0.2272E+00  0.2235E+00 -0.1522E+00  0.4682E+00 -0.4295E-01  0.1070E+06  0.1070E+06  0.1070E+06 -0.5754E-03  0.1314E-01  0.1061E-09  0.7025E+00  0.1443E-08  0.1267E-01 -0.1890E-01 -0.1351E-01 -0.3328E-01  0.3869E-03  0.2932E-01  0.1992E+00
     4  0.2100E+01  0.5315E-03  0.1557E-02  0.3797E-02  0.9446E-08 -0.7804E-01  0.2273E+00  0.2197E+00  0.4091E-01  0.4849E+00 -0.4375E-01  0.1069E+06  0.1069E+06  0.1069E+06 -0.1215E-02  0.1294E-01  0.1081E-09  0.7035E+00  0.2013E-08  0.1245E-01 -0.1952E-01 -0.1359E-01 -0.3959E-01  0.8152E-03  0.4582E-01  0.2167E+00
     5  0.2800E+01  0.5193E-03  0.1559E-02  0.3762E-02  0.9510E-08 -0.8196E-01  0.2276E+00  0.2512E+00  0.9682E-01  0.4946E+00 -0.1426E-01  0.1068E+06  0.1068E+06  0.1068E+06 -0.7254E-03  0.1284E-01  0.1086E-09  0.7543E+00  0.2167E-08  0.1227E-01 -0.1923E-01 -0.1306E-01 -0.3519E-01  0.5648E-02  0.5333E-01  0.2113E+00
     6  0.3500E+01  0.5414E-03  0.1559E-02  0.3740E-02  0.9498E-08 -0.8280E-01  0.2277E+00  0.2672E+00  0.2437E-01  0.4989E+00  0.6289E-02  0.1067E+06  0.1067E+06  0.1067E+06 -0.1062E-02  0.1287E-01  0.1089E-09  0.8281E+00  0.2398E-08  0.1218E-01 -0.1928E-01 -0.1379E-01 -0.3868E-01 -0.3568E-02  0.5292E-01  0.2190E+00
     7  0.4200E+01  0.5163E-03  0.1550E-02  0.3729E-02  0.9459E-08 -0.9077E-01  0.2277E+00  0.2584E+00 -0.3825E-01  0.4951E+00  0.3515E-01  0.1066E+06  0.1066E+06  0.1066E+06 -0.1082E-02  0.1299E-01  0.1082E-09  0.8966E+00  0.2197E-08  0.1222E-01 -0.1959E-01 -0.1324E-01 -0.3273E-01  0.4884E-02  0.4040E-01  0.2128E+00
     8  0.4900E+01  0.5367E-03  0.1551E-02  0.3721E-02  0.9420E-08 -0.9032E-01  0.2278E+00  0.2477E+00 -0.3352E-01  0.4816E+00  0.5873E-01  0.1065E+06  0.1065E+06  0.1065E+06 -0.9028E-03  0.1324E-01  0.1064E-09  0.9316E+00  0.1755E-08  0.1239E-01 -0.1899E-01 -0.1335E-01 -0.3915E-01  0.4597E-02  0.4525E-01  0.1982E+00
     9  0.5600E+01  0.5270E-03  0.1536E-02  0.3708E-02  0.9271E-08 -0.9996E-01  0.2278E+00  0.2451E+00  0.3219E-02  0.4719E+00  0.5758E-01  0.1064E+06  0.1064E+06  0.1064E+06 -0.1257E-02  0.1341E-01  0.1050E-09  0.1001E+01  0.1502E-08  0.1250E-01 -0.1977E-01 -0.1371E-01 -0.3654E-01 -0.6229E-02  0.5020E-01  0.2075E+00
    10  0.6300E+01  0.5234E-03  0.1530E-02  0.3702E-02  0.9156E-08 -0.9946E-01  0.2279E+00  0.2522E+00  0.1890E-01  0.4567E+00  0.5811E-01  0.1062E+06  0.1062E+06  0.1062E+06 -0.1040E-02  0.1361E-01  0.1030E-09  0.1014E+01  0.1025E-08  0.1270E-01 -0.1898E-01 -0.1305E-01 -0.3382E-01  0.1150E-01  0.4122E-01  0.1848E+00
    11  0.7000E+01  0.5386E-03  0.1527E-02  0.3691E-02  0.9054E-08 -0.9765E-01  0.2281E+00  0.2567E+00  0.8874E-02  0.4474E+00  0.1558E-01  0.1061E+06  0.1061E+06  0.1061E+06 -0.1140E-02  0.1369E-01  0.1017E-09  0.9996E+00  0.7420E-09  0.1280E-01 -0.1969E-01 -0.1366E-01 -0.3921E-01 -0.3331E-02  0.5092E-01  0.1983E+00
    12  0.7700E+01  0.5171E-03  0.1518E-02  0.3659E-02  0.8910E-08 -0.1028E+00  0.2284E+00  0.2569E+00 -0.1131E-01  0.4517E+00 -0.7964E-02  0.1060E+06  0.1060E+06  0.1060E+06 -0.1136E-02  0.1358E-01  0.1016E-09  0.1008E+01  0.3067E-09  0.1269E-01 -0.1945E-01 -0.1336E-01 -0.3492E-01  0.2120E-02  0.4493E-01  0.1953E+00
    13  0.8400E+01  0.5376E-03  0.1515E-02  0.3645E-02  0.8815E-08 -0.9879E-01  0.2287E+00  0.2547E+00 -0.1596E-01  0.4600E+00 -0.3385E-01  0.1060E+06  0.1060E+06  0.1060E+06 -0.1093E-02  0.1345E-01  0.1023E-09  0.9935E+00 -0.2398E-09  0.1257E-01 -0.1928E-01 -0.1324E-01 -0.3364E-01  0.5169E-02  0.4181E-01  0.1962E+00
    14  0.9100E+01  0.5247E-03  0.1512E-02  0.3632E-02  0.8680E-08 -0.1018E+00  0.2290E+00  0.2515E+00 -0.1092E-01  0.4660E+00 -0.1686E-01  0.1059E+06  0.1059E+06  0.1059E+06 -0.1118E-02  0.1325E-01  0.1028E-09  0.9098E+00 -0.9448E-09  0.1247E-01 -0.2003E-01 -0.1374E-01 -0.4124E-01 -0.1522E-02  0.5061E-01  0.2186E+00
    15  0.9800E+01  0.5261E-03  0.1501E-02  0.3583E-02  0.8447E-08 -0.9979E-01  0.2294E+00  0.2535E+00  0.4351E-02  0.4769E+00 -0.3007E-01  0.1058E+06  0.1058E+06  0.1058E+06 -0.1110E-02  0.1299E-01  0.1031E-09  0.8953E+00 -0.1001E-08  0.1226E-01 -0.1920E-01 -0.1305E-01 -0.3224E-01  0.4389E-02  0.4123E-01  0.2077E+00
    16  0.1050E+02  0.5361E-03  0.1492E-02  0.3547E-02  0.8229E-08 -0.9658E-01  0.2298E+00  0.2555E+00  0.1078E-01  0.4899E+00 -0.2560E-01  0.1057E+06  0.1057E+06  0.1057E+06 -0.1050E-02  0.1274E-01  0.1039E-09  0.8629E+00 -0.1047E-08  0.1205E-01 -0.2007E-01 -0.1365E-01 -0.3596E-01  0.9356E-03  0.4390E-01  0.2368E+00
    17  0.1120E+02  0.5187E-03  0.1490E-02  0.3521E-02  0.8077E-08 -0.9383E-01  0.2302E+00  0.2607E+00  0.6765E-02  0.4947E+00  0.1341E-02  0.1056E+06  0.1056E+06  0.1056E+06 -0.1070E-02  0.1254E-01  0.1038E-09  0.7936E+00 -0.7628E-09  0.1196E-01 -0.1967E-01 -0.1332E-01 -0.4105E-01  0.4694E-02  0.4749E-01  0.2346E+00
    18  0.1190E+02  0.5371E-03  0.1479E-02  0.3491E-02  0.7898E-08 -0.9391E-01  0.2306E+00  0.2595E+00 -0.7139E-02  0.4937E+00  0.3757E-01  0.1055E+06  0.1055E+06  0.1055E+06 -0.9626E-03  0.1247E-01  0.1032E-09  0.7649E+00 -0.9281E-09  0.1194E-01 -0.1983E-01 -0.1330E-01 -0.3049E-01  0.1473E-02  0.4078E-01  0.2402E+00
    19  0.1260E+02  0.5242E-03  0.1476E-02  0.3468E-02  0.7691E-08 -0.9211E-01  0.2310E+00  0.2575E+00 -0.1011E-01  0.4826E+00  0.6295E-01  0.1055E+06  0.1055E+06  0.1055E+06 -0.1024E-02  0.1250E-01  0.1016E-09  0.6810E+00 -0.7626E-09  0.1207E-01 -0.2014E-01 -0.1367E-01 -0.4347E-01  0.2510E-02  0.4443E-01  0.2493E+00
    20  0.1330E+02  0.5274E-03  0.1473E-02  0.3442E-02  0.7567E-08 -0.8536E-01  0.2314E+00  0.2590E+00 -0.2388E-02  0.4644E+00  0.7802E-01  0.1055E+06  0.1055E+06  0.1055E+06 -0.9314E-03  0.1260E-01  0.9908E-10  0.5044E+00 -0.3605E-09  0.1228E-01 -0.1975E-01 -0.1304E-01 -0.3601E-01 -0.7228E-03  0.4058E-01  0.2326E+00
    21  0.1400E+02  0.5345E-03  0.1464E-02  0.3424E-02  0.7391E-08 -0.7596E-01  0.2318E+00  0.2590E+00 -0.3751E-02  0.4529E+00  0.4913E-01  0.1054E+06  0.1054E+06  0.1054E+06 -0.7900E-03  0.1273E-01  0.9748E-10  0.5999E+00  0.2755E-09  0.1240E-01 -0.2027E-01 -0.1367E-01 -0.4018E-01  0.3744E-02  0.4176E-01  0.2435E+00
    22  0.1470E+02  0.5203E-03  0.1460E-02  0.3365E-02  0.7264E-08 -0.6738E-01  0.2321E+00  0.2583E+00  0.1162E-01  0.4417E+00  0.4995E-01  0.1054E+06  0.1054E+06  0.1054E+06 -0.8518E-03  0.1282E-01  0.9533E-10  0.6405E+00  0.2612E-09  0.1246E-01 -0.1998E-01 -0.1313E-01 -0.3718E-01  0.3134E-02  0.3953E-01  0.2302E+00
    23  0.1540E+02  0.5359E-03  0.1457E-02  0.3345E-02  0.7212E-08 -0.6642E-01  0.2325E+00  0.2626E+00  0.2244E-01  0.4374E+00  0.1366E-01  0.1053E+06  0.1053E+06  0.1053E+06 -0.5933E-03  0.1285E-01  0.9452E-10  0.6530E+00  0.5610E-09  0.1248E-01 -0.2016E-01 -0.1346E-01 -0.3566E-01 -0.1100E-02  0.4036E-01  0.2360E+00
    24  0.1610E+02  0.5249E-03  0.1459E-02  0.3326E-02  0.7182E-08 -0.6673E-01  0.2327E+00  0.2696E+00  0.7537E-02  0.4439E+00 -0.2620E-01  0.1052E+06  0.1052E+06  0.1052E+06 -0.8830E-03  0.1276E-01  0.9500E-10  0.6529E+00  0.1147E-08  0.1236E-01 -0.2031E-01 -0.1359E-01 -0.4272E-01  0.6349E-02  0.4464E-01  0.2439E+00
    25  0.1680E+02  0.5274E-03  0.1453E-02  0.3321E-02  0.7182E-08 -0.5404E-01  0.2329E+00  0.2674E+00 -0.2944E-01  0.4533E+00 -0.3378E-01  0.1052E+06  0.1052E+06  0.1052E+06 -0.5133E-03  0.1266E-01  0.9593E-10  0.6767E+00  0.1333E-08  0.1224E-01 -0.2006E-01 -0.1291E-01 -0.3367E-01  0.2698E-02  0.3926E-01  0.2360E+00
    26  0.1750E+02  0.5339E-03  0.1454E-02  0.3324E-02  0.7177E-08 -0.4575E-01  0.2330E+00  0.2569E+00 -0.2153E-01  0.4667E+00 -0.3689E-01  0.1051E+06  0.1051E+06  0.1051E+06 -0.4738E-03  0.1249E-01  0.9743E-10  0.6675E+00  0.1544E-08  0.1207E-01 -0.2045E-01 -0.1382E-01 -0.4033E-01 -0.5651E-03  0.4205E-01  0.2598E+00
    27  0.1820E+02  0.5214E-03  0.1448E-02  0.3249E-02  0.7085E-08 -0.3694E-01  0.2331E+00  0.2567E+00  0.1488E-01  0.4800E+00 -0.1548E-01  0.1050E+06  0.1050E+06  0.1050E+06 -0.5966E-03  0.1233E-01  0.9767E-10  0.7900E+00  0.1609E-08  0.1176E-01 -0.2008E-01 -0.1308E-01 -0.3266E-01  0.4453E-02  0.3949E-01  0.2517E+00
    28  0.1890E+02  0.5345E-03  0.1450E-02  0.3223E-02  0.7041E-08 -0.2718E-01  0.2331E+00  0.2642E+00  0.2756E-01  0.4846E+00  0.8640E-02  0.1049E+06  0.1049E+06  0.1049E+06 -0.1880E-03  0.1230E-01  0.9772E-10  0.8301E+00  0.1588E-08  0.1166E-01 -0.2037E-01 -0.1336E-01 -0.4142E-01  0.5014E-02  0.4923E-01  0.2620E+00
    29  0.1960E+02  0.5262E-03  0.1439E-02  0.3210E-02  0.6980E-08 -0.2314E-01  0.2331E+00  0.2670E+00  0.5066E-02  0.4823E+00  0.3191E-01  0.1048E+06  0.1048E+06  0.1048E+06 -0.3736E-03  0.1236E-01  0.9729E-10  0.8761E+00  0.1566E-08  0.1167E-01 -0.2036E-01 -0.1368E-01 -0.3266E-01 -0.9135E-03  0.4530E-01  0.2624E+00
    30  0.2030E+02  0.5265E-03  0.1442E-02  0.3195E-02  0.6966E-08 -0.1557E-01  0.2331E+00  0.2661E+00 -0.1273E-01  0.4722E+00  0.4900E-01  0.1047E+06  0.1047E+06  0.1047E+06 -0.2270E-03  0.1250E-01  0.9597E-10  0.8950E+00  0.1393E-08  0.1177E-01 -0.1995E-01 -0.1291E-01 -0.3605E-01  0.6543E-02  0.4386E-01  0.2409E+00
    31  0.2100E+02  0.5340E-03  0.1441E-02  0.3176E-02  0.6878E-08 -0.5168E-02  0.2331E+00  0.2604E+00 -0.1082E-01  0.4587E+00  0.5901E-01  0.1046E+06  0.1046E+06  0.1046E+06 -0.3783E-04  0.1265E-01  0.9429E-10  0.8995E+00  0.1289E-08  0.1192E-01 -0.2073E-01 -0.1376E-01 -0.4162E-01  0.3173E-02  0.4885E-01  0.2584E+00
    32  0.2170E+02  0.5222E-03  0.1430E-02  0.3150E-02  0.6772E-08 -0.2879E-03  0.2332E+00  0.2586E+00  0.1294E-02  0.4482E+00  0.4323E-01  0.1045E+06  0.1045E+06  0.1045E+06 -0.1119E-03  0.1275E-01  0.9274E-10  0.9184E+00  0.1022E-08  0.1200E-01 -0.1988E-01 -0.1312E-01 -0.2973E-01  0.1834E-03  0.4194E-01  0.2331E+00
    33  0.2240E+02  0.5329E-03  0.1430E-02  0.3133E-02  0.6712E-08  0.8432E-02  0.2334E+00  0.2621E+00  0.2151E-01  0.4436E+00  0.3066E-01  0.1045E+06  0.1045E+06  0.1045E+06  0.8838E-05  0.1283E-01  0.9189E-10  0.9682E+00  0.6905E-09  0.1203E-01 -0.2049E-01 -0.1339E-01 -0.4022E-01  0.8038E-02  0.4665E-01  0.2434E+00
    34  0.2310E+02  0.5279E-03  0.1421E-02  0.3090E-02  0.6563E-08  0.1716E-01  0.2336E+00  0.2680E+00  0.1586E-01  0.4432E+00  0.1669E-01  0.1044E+06  0.1044E+06  0.1044E+06  0.1650E-03  0.1276E-01  0.9112E-10  0.9727E+00  0.2719E-09  0.1195E-01 -0.2051E-01 -0.1351E-01 -0.3876E-01 -0.7872E-03  0.4913E-01  0.2483E+00
    35  0.2380E+02  0.5250E-03  0.1417E-02  0.3083E-02  0.6505E-08  0.2424E-01  0.2339E+00  0.2676E+00 -0.1029E-01  0.4452E+00 -0.8169E-02  0.1043E+06  0.1043E+06  0.1043E+06  0.1230E-03  0.1269E-01  0.9114E-10  0.9570E+00 -0.5672E-10  0.1192E-01 -0.1999E-01 -0.1315E-01 -0.3025E-01  0.7070E-02  0.3896E-01  0.2382E+00
    36  0.2450E+02  0.5345E-03  0.1419E-02  0.3058E-02  0.6421E-08  0.3300E-01  0.2342E+00  0.2611E+00 -0.1085E-01  0.4496E+00 -0.2035E-01  0.1043E+06  0.1043E+06  0.1043E+06  0.2865E-03  0.1255E-01  0.9115E-10  0.9277E+00 -0.2737E-09  0.1183E-01 -0.2095E-01 -0.1360E-01 -0.4263E-01  0.2454E-02  0.4777E-01  0.2659E+00
    37  0.2520E+02  0.5227E-03  0.1418E-02  0.3053E-02  0.6410E-08  0.3735E-01  0.2345E+00  0.2611E+00  0.1484E-01  0.4609E+00 -0.3989E-01  0.1043E+06  0.1043E+06  0.1043E+06  0.3578E-03  0.1237E-01  0.9212E-10  0.8810E+00 -0.5746E-10  0.1169E-01 -0.2011E-01 -0.1323E-01 -0.3621E-01  0.1918E-02  0.4497E-01  0.2551E+00
    38  0.2590E+02  0.5314E-03  0.1411E-02  0.3038E-02  0.6296E-08  0.4607E-01  0.2349E+00  0.2655E+00  0.1882E-01  0.4706E+00 -0.2752E-01  0.1041E+06  0.1041E+06  0.1041E+06  0.2832E-03  0.1218E-01  0.9277E-10  0.8552E+00 -0.3756E-09  0.1155E-01 -0.2070E-01 -0.1339E-01 -0.3157E-01  0.9049E-02  0.4006E-01  0.2760E+00
    39  0.2660E+02  0.5299E-03  0.1411E-02  0.3011E-02  0.6210E-08  0.5027E-01  0.2352E+00  0.2699E+00  0.6855E-02  0.4769E+00  0.2476E-02  0.1041E+06  0.1041E+06  0.1041E+06  0.5493E-03  0.1203E-01  0.9288E-10  0.8311E+00 -0.3747E-09  0.1143E-01 -0.2076E-01 -0.1345E-01 -0.4341E-01 -0.1836E-02  0.5048E-01  0.2862E+00
    40  0.2730E+02  0.5234E-03  0.1402E-02  0.2990E-02  0.6102E-08  0.5807E-01  0.2356E+00  0.2681E+00 -0.6549E-02  0.4768E+00  0.1527E-01  0.1040E+06  0.1040E+06  0.1040E+06  0.4260E-03  0.1197E-01  0.9246E-10  0.8120E+00 -0.1633E-09  0.1140E-01 -0.2040E-01 -0.1329E-01 -0.3330E-01  0.8415E-02  0.3848E-01  0.2800E+00
    41  0.2800E+02  0.5350E-03  0.1400E-02  0.3003E-02  0.6061E-08  0.6388E-01  0.2359E+00  0.2624E+00 -0.9424E-02  0.4752E+00  0.2658E-01  0.1039E+06  0.1039E+06  0.1039E+06  0.5948E-03  0.1195E-01  0.9241E-10  0.7533E+00  0.2874E-10  0.1146E-01 -0.2107E-01 -0.1346E-01 -0.3599E-01  0.2088E-02  0.4235E-01  0.2967E+00
    42  0.2870E+02  0.5234E-03  0.1406E-02  0.3008E-02  0.5986E-08  0.6611E-01  0.2362E+00  0.2613E+00  0.1285E-01  0.4542E+00  0.5659E-01  0.1038E+06  0.1038E+06  0.1038E+06  0.6170E-03  0.1202E-01  0.9034E-10  0.4750E+00 -0.1000E-10  0.1175E-01 -0.2052E-01 -0.1338E-01 -0.4255E-01  0.4022E-02  0.4341E-01  0.2826E+00
    43  0.2940E+02  0.5296E-03  0.1394E-02  0.2952E-02  0.5828E-08  0.7391E-01  0.2365E+00  0.2683E+00  0.2517E-01  0.4465E+00  0.5982E-01  0.1037E+06  0.1037E+06  0.1037E+06  0.5536E-03  0.1210E-01  0.8867E-10  0.6139E+00 -0.2795E-09  0.1176E-01 -0.2094E-01 -0.1333E-01 -0.3456E-01  0.2766E-02  0.3930E-01  0.2866E+00
    44  0.3010E+02  0.5319E-03  0.1391E-02  0.2923E-02  0.5754E-08  0.7525E-01  0.2368E+00  0.2732E+00  0.2328E-02  0.4475E+00  0.4142E-01  0.1036E+06  0.1036E+06  0.1036E+06  0.7851E-03  0.1208E-01  0.8826E-10  0.6859E+00  0.3009E-09  0.1168E-01 -0.2092E-01 -0.1352E-01 -0.4097E-01  0.6308E-02  0.4176E-01  0.2903E+00
    45  0.3080E+02  0.5219E-03  0.1387E-02  0.2878E-02  0.5658E-08  0.8102E-01  0.2370E+00  0.2675E+00 -0.1168E-01  0.4382E+00  0.2990E-01  0.1035E+06  0.1035E+06  0.1035E+06  0.6097E-03  0.1211E-01  0.8662E-10  0.6866E+00  0.4491E-09  0.1172E-01 -0.2069E-01 -0.1328E-01 -0.3666E-01  0.5179E-02  0.3851E-01  0.2815E+00
    46  0.3150E+02  0.5353E-03  0.1383E-02  0.2863E-02  0.5582E-08  0.7939E-01  0.2372E+00  0.2634E+00  0.2749E-02  0.4400E+00  0.1375E-01  0.1034E+06  0.1034E+06  0.1034E+06  0.8134E-03  0.1207E-01  0.8655E-10  0.6963E+00  0.6065E-09  0.1167E-01 -0.2121E-01 -0.1348E-01 -0.4115E-01 -0.1822E-02  0.4441E-01  0.2967E+00
    47  0.3220E+02  0.5245E-03  0.1379E-02  0.2825E-02  0.5532E-08  0.8454E-01  0.2373E+00  0.2670E+00  0.1267E-01  0.4446E+00 -0.1756E-01  0.1033E+06  0.1033E+06  0.1033E+06  0.6951E-03  0.1199E-01  0.8650E-10  0.7436E+00  0.1175E-08  0.1153E-01 -0.2066E-01 -0.1343E-01 -0.3491E-01  0.8402E-02  0.3866E-01  0.2892E+00
    48  0.3290E+02  0.5276E-03  0.1380E-02  0.2834E-02  0.5541E-08  0.8792E-01  0.2374E+00  0.2700E+00  0.8813E-02  0.4498E+00 -0.6443E-02  0.1032E+06  0.1032E+06  0.1032E+06  0.7434E-03  0.1194E-01  0.8706E-10  0.7265E+00  0.9247E-09  0.1149E-01 -0.2107E-01 -0.1324E-01 -0.3840E-01  0.3515E-02  0.4294E-01  0.2977E+00
    49  0.3360E+02  0.5338E-03  0.1374E-02  0.2803E-02  0.5463E-08  0.8870E-01  0.2374E+00  0.2676E+00  0.3701E-02  0.4529E+00 -0.2025E-02  0.1031E+06  0.1031E+06  0.1031E+06  0.9140E-03  0.1189E-01  0.8692E-10  0.7758E+00  0.1159E-08  0.1138E-01 -0.2106E-01 -0.1359E-01 -0.3731E-01  0.3114E-02  0.3999E-01  0.3046E+00
    50  0.3430E+02  0.5208E-03  0.1373E-02  0.2787E-02  0.5455E-08  0.8916E-01  0.2375E+00  0.2677E+00  0.4376E-02  0.4574E+00 -0.1729E-01  0.1030E+06  0.1030E+06  0.1030E+06  0.6419E-03  0.1183E-01  0.8723E-10  0.7917E+00  0.1563E-08  0.1130E-01 -0.2067E-01 -0.1326E-01 -0.3574E-01  0.5953E-03  0.4322E-01  0.2957E+00
    51  0.3500E+02  0.5350E-03  0.1369E-02  0.2762E-02  0.5386E-08  0.8895E-01  0.2374E+00  0.2676E+00  0.5247E-02  0.4632E+00  0.1205E-01  0.1030E+06  0.1030E+06  0.1030E+06  0.8544E-03  0.1178E-01  0.8727E-10  0.8554E+00  0.1212E-08  0.1117E-01 -0.2135E-01 -0.1347E-01 -0.3847E-01  0.9963E-02  0.4282E-01  0.3143E+00
    52  0.3570E+02  0.5260E-03  0.1364E-02  0.2762E-02  0.5373E-08  0.8971E-01  0.2374E+00  0.2666E+00  0.6836E-02  0.4612E+00  0.1566E-01  0.1029E+06  0.1029E+06  0.1029E+06  0.8293E-03  0.1182E-01  0.8715E-10  0.8562E+00  0.1363E-08  0.1120E-01 -0.2065E-01 -0.1341E-01 -0.3303E-01  0.1660E-02  0.4307E-01  0.2974E+00
    53  0.3640E+02  0.5254E-03  0.1360E-02  0.2721E-02  0.5292E-08  0.8591E-01  0.2374E+00  0.2685E+00  0.6765E-02  0.4576E+00  0.3419E-01  0.1028E+06  0.1028E+06  0.1028E+06  0.6309E-03  0.1186E-01  0.8608E-10  0.9340E+00  0.1125E-08  0.1117E-01 -0.2106E-01 -0.1343E-01 -0.3770E-01  0.7217E-03  0.4711E-01  0.3040E+00
    54  0.3710E+02  0.5355E-03  0.1357E-02  0.2715E-02  0.5231E-08  0.8750E-01  0.2374E+00  0.2667E+00  0.2389E-02  0.4531E+00  0.4062E-01  0.1027E+06  0.1027E+06  0.1027E+06  0.8377E-03  0.1193E-01  0.8552E-10  0.9514E+00  0.9509E-09  0.1121E-01 -0.2112E-01 -0.1345E-01 -0.4029E-01  0.9229E-02  0.4538E-01  0.3022E+00
    55  0.3780E+02  0.5203E-03  0.1362E-02  0.2775E-02  0.5275E-08  0.8232E-01  0.2375E+00  0.2642E+00  0.1705E-02  0.4317E+00  0.2664E-01  0.1027E+06  0.1027E+06  0.1027E+06  0.7078E-03  0.1201E-01  0.8435E-10  0.5727E+00  0.6772E-09  0.1161E-01 -0.2061E-01 -0.1333E-01 -0.3061E-01  0.1412E-02  0.4149E-01  0.2867E+00
    56  0.3850E+02  0.5338E-03  0.1356E-02  0.2693E-02  0.5181E-08  0.7999E-01  0.2377E+00  0.2665E+00  0.1204E-01  0.4393E+00  0.1859E-01  0.1025E+06  0.1025E+06  0.1025E+06  0.6161E-03  0.1204E-01  0.8375E-10  0.9239E+00  0.5490E-09  0.1134E-01 -0.2139E-01 -0.1356E-01 -0.4057E-01  0.1865E-02  0.4828E-01  0.3044E+00
    57  0.3920E+02  0.5281E-03  0.1353E-02  0.2691E-02  0.5118E-08  0.7761E-01  0.2378E+00  0.2696E+00  0.6040E-02  0.4348E+00  0.2355E-01  0.1024E+06  0.1024E+06  0.1024E+06  0.7527E-03  0.1199E-01  0.8322E-10  0.8463E+00  0.6509E-10  0.1140E-01 -0.2084E-01 -0.1329E-01 -0.3463E-01  0.6081E-02  0.4117E-01  0.2921E+00
    58  0.3990E+02  0.5232E-03  0.1346E-02  0.2621E-02  0.4986E-08  0.7787E-01  0.2381E+00  0.2701E+00 -0.4746E-02  0.4439E+00 -0.1536E-01  0.1023E+06  0.1023E+06  0.1023E+06  0.6180E-03  0.1183E-01  0.8292E-10  0.9287E+00  0.1046E-09  0.1114E-01 -0.2104E-01 -0.1351E-01 -0.3291E-01  0.4238E-02  0.4121E-01  0.3080E+00
    59  0.4060E+02  0.5366E-03  0.1347E-02  0.2617E-02  0.4948E-08  0.7289E-01  0.2384E+00  0.2667E+00 -0.2554E-03  0.4517E+00 -0.1044E-01  0.1023E+06  0.1023E+06  0.1023E+06  0.5974E-03  0.1168E-01  0.8351E-10  0.8809E+00 -0.4057E-10  0.1104E-01 -0.2135E-01 -0.1347E-01 -0.4297E-01 -0.2120E-03  0.5023E-01  0.3226E+00
    60  0.4130E+02  0.5207E-03  0.1339E-02  0.2597E-02  0.4871E-08  0.6966E-01  0.2387E+00  0.2669E+00  0.8720E-02  0.4563E+00  0.8286E-02  0.1022E+06  0.1022E+06  0.1022E+06  0.6564E-03  0.1156E-01  0.8357E-10  0.8753E+00 -0.4363E-09  0.1096E-01 -0.2086E-01 -0.1333E-01 -0.2980E-01  0.7955E-02  0.3751E-01  0.3164E+00
    61  0.4200E+02  0.5319E-03  0.1338E-02  0.2585E-02  0.4796E-08  0.6760E-01  0.2390E+00  0.2700E+00  0.8050E-02  0.4586E+00  0.1113E-01  0.1021E+06  0.1021E+06  0.1021E+06  0.4806E-03  0.1147E-01  0.8352E-10  0.8324E+00 -0.4447E-09  0.1091E-01 -0.2144E-01 -0.1358E-01 -0.3886E-01  0.2674E-02  0.4516E-01  0.3389E+00
    62  0.4270E+02  0.5305E-03  0.1336E-02  0.2559E-02  0.4729E-08  0.6208E-01  0.2393E+00  0.2700E+00 -0.2547E-03  0.4610E+00  0.4942E-03  0.1021E+06  0.1021E+06  0.1021E+06  0.5717E-03  0.1134E-01  0.8323E-10  0.7759E+00  0.9104E-10  0.1084E-01 -0.2126E-01 -0.1335E-01 -0.3755E-01 -0.6704E-03  0.4520E-01  0.3405E+00
    63  0.4340E+02  0.5214E-03  0.1332E-02  0.2544E-02  0.4664E-08  0.5814E-01  0.2396E+00  0.2683E+00  0.9122E-03  0.4622E+00  0.2950E-01  0.1020E+06  0.1020E+06  0.1020E+06  0.4630E-03  0.1130E-01  0.8301E-10  0.7761E+00 -0.1421E-09  0.1080E-01 -0.2115E-01 -0.1347E-01 -0.3397E-01  0.7707E-02  0.3766E-01  0.3423E+00
    64  0.4410E+02  0.5368E-03  0.1331E-02  0.2528E-02  0.4617E-08  0.5184E-01  0.2399E+00  0.2694E+00  0.1021E-01  0.4574E+00  0.4248E-01  0.1019E+06  0.1019E+06  0.1019E+06  0.3844E-03  0.1130E-01  0.8227E-10  0.7474E+00  0.6976E-11  0.1084E-01 -0.2161E-01 -0.1350E-01 -0.3659E-01  0.3065E-03  0.4318E-01  0.3538E+00
    65  0.4480E+02  0.5222E-03  0.1331E-02  0.2503E-02  0.4575E-08  0.4479E-01  0.2401E+00  0.2726E+00  0.3705E-02  0.4518E+00  0.3104E-01  0.1018E+06  0.1018E+06  0.1018E+06  0.3963E-03  0.1133E-01  0.8131E-10  0.7628E+00  0.3856E-09  0.1086E-01 -0.2122E-01 -0.1337E-01 -0.3874E-01  0.4116E-02  0.4384E-01  0.3419E+00
    66  0.4550E+02  0.5293E-03  0.1326E-02  0.2503E-02  0.4531E-08  0.4251E-01  0.2403E+00  0.2704E+00 -0.6287E-02  0.4460E+00  0.3566E-01  0.1018E+06  0.1018E+06  0.1018E+06  0.2734E-03  0.1139E-01  0.8075E-10  0.7428E+00  0.5302E-09  0.1094E-01 -0.2151E-01 -0.1350E-01 -0.3607E-01  0.2075E-02  0.3961E-01  0.3474E+00
    67  0.4620E+02  0.5328E-03  0.1321E-02  0.2481E-02  0.4470E-08  0.3608E-01  0.2405E+00  0.2681E+00  0.5713E-02  0.4435E+00  0.2581E-01  0.1017E+06  0.1017E+06  0.1017E+06  0.3198E-03  0.1140E-01  0.8018E-10  0.7744E+00  0.8447E-09  0.1092E-01 -0.2145E-01 -0.1340E-01 -0.3603E-01  0.2069E-02  0.4059E-01  0.3440E+00
    68  0.4690E+02  0.5205E-03  0.1322E-02  0.2474E-02  0.4460E-08  0.3010E-01  0.2407E+00  0.2725E+00  0.1124E-01  0.4425E+00  0.2382E-01  0.1017E+06  0.1017E+06  0.1017E+06  0.1845E-03  0.1140E-01  0.7991E-10  0.7655E+00  0.6840E-09  0.1092E-01 -0.2136E-01 -0.1345E-01 -0.3587E-01  0.4846E-02  0.4200E-01  0.3433E+00
    69  0.4760E+02  0.5358E-03  0.1318E-02  0.2438E-02  0.4388E-08  0.2341E-01  0.2408E+00  0.2735E+00 -0.6068E-02  0.4417E+00  0.1124E-01  0.1016E+06  0.1016E+06  0.1016E+06  0.1270E-03  0.1136E-01  0.7925E-10  0.7897E+00  0.7947E-09  0.1085E-01 -0.2168E-01 -0.1348E-01 -0.3757E-01  0.3079E-02  0.4338E-01  0.3536E+00
    70  0.4830E+02  0.5246E-03  0.1318E-02  0.2421E-02  0.4374E-08  0.1758E-01  0.2408E+00  0.2708E+00 -0.5378E-02  0.4424E+00  0.2293E-02  0.1015E+06  0.1015E+06  0.1015E+06  0.1650E-03  0.1135E-01  0.7907E-10  0.8209E+00  0.1035E-08  0.1081E-01 -0.2130E-01 -0.1334E-01 -0.3564E-01  0.3470E-02  0.4129E-01  0.3434E+00
    71  0.4900E+02  0.5266E-03  0.1319E-02  0.2409E-02  0.4353E-08  0.1056E-01  0.2409E+00  0.2697E+00  0.5868E-02  0.4426E+00 -0.5845E-03  0.1015E+06  0.1015E+06  0.1015E+06 -0.2665E-04  0.1130E-01  0.7890E-10  0.7920E+00  0.1069E-08  0.1078E-01 -0.2160E-01 -0.1359E-01 -0.3407E-01  0.2145E-02  0.4288E-01  0.3572E+00
    72  0.4970E+02  0.5344E-03  0.1317E-02  0.2370E-02  0.4321E-08  0.7821E-02  0.2409E+00  0.2715E+00  0.3009E-02  0.4504E+00 -0.2491E-02  0.1014E+06  0.1014E+06  0.1014E+06 -0.1117E-04  0.1126E-01  0.7896E-10  0.8926E+00  0.1108E-08  0.1060E-01 -0.2151E-01 -0.1333E-01 -0.3632E-01  0.7861E-02  0.4301E-01  0.3547E+00
    73  0.5040E+02  0.5207E-03  0.1327E-02  0.2416E-02  0.4373E-08  0.4105E-02  0.2409E+00  0.2701E+00  0.2148E-02  0.4421E+00  0.2519E-01  0.1013E+06  0.1013E+06  0.1013E+06  0.5037E-04  0.1124E-01  0.7890E-10  0.5836E+00  0.5287E-09  0.1080E-01 -0.2138E-01 -0.1342E-01 -0.3695E-01 -0.7949E-03  0.4605E-01  0.3539E+00
    74  0.5110E+02  0.5337E-03  0.1311E-02  0.2355E-02  0.4263E-08 -0.4226E-02  0.2408E+00  0.2709E+00  0.2854E-02  0.4486E+00  0.1298E-01  0.1012E+06  0.1012E+06  0.1012E+06 -0.1925E-03  0.1125E-01  0.7852E-10  0.8985E+00  0.9430E-09  0.1058E-01 -0.2169E-01 -0.1363E-01 -0.3177E-01  0.2373E-02  0.4161E-01  0.3635E+00
    75  0.5180E+02  0.5274E-03  0.1307E-02  0.2341E-02  0.4222E-08 -0.7009E-02  0.2408E+00  0.2726E+00 -0.2357E-02  0.4491E+00  0.1479E-01  0.1011E+06  0.1011E+06  0.1011E+06 -0.9235E-04  0.1126E-01  0.7832E-10  0.9346E+00  0.8891E-09  0.1055E-01 -0.2129E-01 -0.1316E-01 -0.3532E-01  0.8902E-02  0.4472E-01  0.3464E+00
    76  0.5250E+02  0.5243E-03  0.1308E-02  0.2348E-02  0.4233E-08 -0.9858E-02  0.2408E+00  0.2703E+00 -0.1122E-02  0.4466E+00  0.2195E-01  0.1011E+06  0.1011E+06  0.1011E+06 -0.1011E-03  0.1128E-01  0.7818E-10  0.9053E+00  0.6669E-09  0.1060E-01 -0.2163E-01 -0.1361E-01 -0.3534E-01 -0.2579E-02  0.4666E-01  0.3598E+00
    77  0.5320E+02  0.5349E-03  0.1302E-02  0.2324E-02  0.4135E-08 -0.1531E-01  0.2409E+00  0.2709E+00  0.2979E-02  0.4410E+00  0.2609E-01  0.1010E+06  0.1010E+06  0.1010E+06 -0.2918E-03  0.1128E-01  0.7726E-10  0.9011E+00  0.5221E-09  0.1061E-01 -0.2150E-01 -0.1345E-01 -0.3511E-01  0.4044E-02  0.4292E-01  0.3542E+00
    78  0.5390E+02  0.5222E-03  0.1300E-02  0.2288E-02  0.4091E-08 -0.1540E-01  0.2410E+00  0.2732E+00  0.3618E-03  0.4407E+00  0.1549E-01  0.1009E+06  0.1009E+06  0.1009E+06 -0.1573E-03  0.1127E-01  0.7660E-10  0.9543E+00  0.3622E-09  0.1053E-01 -0.2142E-01 -0.1321E-01 -0.3276E-01  0.8672E-02  0.4091E-01  0.3499E+00
    79  0.5460E+02  0.5308E-03  0.1299E-02  0.2279E-02  0.4063E-08 -0.1867E-01  0.2411E+00  0.2718E+00 -0.2087E-02  0.4413E+00  0.1040E-01  0.1008E+06  0.1008E+06  0.1008E+06 -0.1932E-03  0.1124E-01  0.7648E-10  0.9447E+00  0.3234E-09  0.1051E-01 -0.2173E-01 -0.1371E-01 -0.3766E-01 -0.3355E-02  0.4978E-01  0.3674E+00
    80  0.5530E+02  0.5301E-03  0.1296E-02  0.2267E-02  0.4021E-08 -0.2441E-01  0.2412E+00  0.2723E+00  0.4367E-02  0.4431E+00  0.1359E-01  0.1008E+06  0.1008E+06  0.1008E+06 -0.3775E-03  0.1118E-01  0.7639E-10  0.9396E+00  0.9064E-10  0.1046E-01 -0.2140E-01 -0.1330E-01 -0.3262E-01  0.6657E-02  0.4119E-01  0.3572E+00
    81  0.5600E+02  0.5230E-03  0.1295E-02  0.2261E-02  0.3981E-08 -0.2384E-01  0.2414E+00  0.2732E+00  0.1437E-02  0.4403E+00 -0.5608E-02  0.1007E+06  0.1007E+06  0.1007E+06 -0.1713E-03  0.1112E-01  0.7600E-10  0.8759E+00  0.8215E-10  0.1048E-01 -0.2167E-01 -0.1339E-01 -0.3199E-01  0.6076E-02  0.4267E-01  0.3693E+00
    82  0.5670E+02  0.5339E-03  0.1293E-02  0.2222E-02  0.3913E-08 -0.2524E-01  0.2416E+00  0.2733E+00 -0.4220E-03  0.4502E+00  0.4422E-02  0.1007E+06  0.1007E+06  0.1007E+06 -0.3223E-03  0.1097E-01  0.7615E-10  0.9205E+00 -0.6631E-10  0.1029E-01 -0.2169E-01 -0.1365E-01 -0.4133E-01 -0.1686E-02  0.5027E-01  0.3844E+00
    83  0.5740E+02  0.5247E-03  0.1290E-02  0.2208E-02  0.3877E-08 -0.2692E-01  0.2419E+00  0.2733E+00  0.3214E-02  0.4515E+00  0.5402E-03  0.1007E+06  0.1007E+06  0.1007E+06 -0.3440E-03  0.1090E-01  0.7595E-10  0.8931E+00 -0.5297E-10  0.1024E-01 -0.2158E-01 -0.1318E-01 -0.2707E-01  0.6791E-02  0.3656E-01  0.3795E+00
    84  0.5810E+02  0.5279E-03  0.1293E-02  0.2188E-02  0.3833E-08 -0.2726E-01  0.2421E+00  0.2743E+00  0.2280E-03  0.4556E+00  0.2702E-02  0.1006E+06  0.1006E+06  0.1006E+06 -0.2079E-03  0.1080E-01  0.7590E-10  0.8753E+00 -0.1212E-10  0.1016E-01 -0.2182E-01 -0.1357E-01 -0.3715E-01  0.3323E-02  0.4619E-01  0.4006E+00
    85  0.5880E+02  0.5317E-03  0.1290E-02  0.2171E-02  0.3793E-08 -0.3159E-01  0.2424E+00  0.2746E+00 -0.2919E-02  0.4580E+00  0.1008E-01  0.1006E+06  0.1006E+06  0.1006E+06 -0.4474E-03  0.1071E-01  0.7576E-10  0.8581E+00  0.1309E-09  0.1010E-01 -0.2172E-01 -0.1345E-01 -0.3714E-01  0.4464E-03  0.4796E-01  0.4028E+00
    86  0.5950E+02  0.5233E-03  0.1287E-02  0.2167E-02  0.3761E-08 -0.3169E-01  0.2426E+00  0.2736E+00  0.1624E-02  0.4570E+00  0.1844E-01  0.1005E+06  0.1005E+06  0.1005E+06 -0.2924E-03  0.1070E-01  0.7556E-10  0.8414E+00  0.1822E-09  0.1011E-01 -0.2176E-01 -0.1330E-01 -0.2930E-01  0.7279E-02  0.3861E-01  0.4023E+00
    87  0.6020E+02  0.5317E-03  0.1286E-02  0.2157E-02  0.3719E-08 -0.3081E-01  0.2429E+00  0.2755E+00  0.6691E-02  0.4541E+00  0.2512E-01  0.1005E+06  0.1005E+06  0.1005E+06 -0.3289E-03  0.1071E-01  0.7509E-10  0.8330E+00  0.2934E-09  0.1013E-01 -0.2190E-01 -0.1360E-01 -0.3765E-01  0.1769E-02  0.4433E-01  0.4117E+00
    88  0.6090E+02  0.5275E-03  0.1287E-02  0.2148E-02  0.3711E-08 -0.2921E-01  0.2431E+00  0.2779E+00  0.2196E-02  0.4494E+00  0.3331E-01  0.1004E+06  0.1004E+06  0.1004E+06 -0.3567E-03  0.1071E-01  0.7452E-10  0.7938E+00  0.3483E-09  0.1017E-01 -0.2181E-01 -0.1331E-01 -0.3362E-01  0.1412E-02  0.4298E-01  0.4051E+00
    89  0.6160E+02  0.5259E-03  0.1283E-02  0.2137E-02  0.3660E-08 -0.2751E-01  0.2433E+00  0.2769E+00 -0.9230E-02  0.4457E+00  0.2491E-01  0.1004E+06  0.1004E+06  0.1004E+06 -0.2615E-03  0.1074E-01  0.7400E-10  0.8168E+00  0.5746E-09  0.1019E-01 -0.2193E-01 -0.1345E-01 -0.3499E-01  0.8338E-02  0.4178E-01  0.4086E+00
    90  0.6230E+02  0.5319E-03  0.1281E-02  0.2128E-02  0.3638E-08 -0.2687E-01  0.2434E+00  0.2746E+00 -0.2337E-02  0.4427E+00  0.1921E-01  0.1003E+06  0.1003E+06  0.1003E+06 -0.3636E-03  0.1075E-01  0.7358E-10  0.8105E+00  0.6754E-09  0.1020E-01 -0.2191E-01 -0.1346E-01 -0.3461E-01  0.4152E-03  0.4339E-01  0.4081E+00
    91  0.6300E+02  0.5250E-03  0.1280E-02  0.2115E-02  0.3622E-08 -0.2819E-01  0.2435E+00  0.2762E+00  0.8174E-02  0.4436E+00  0.8146E-02  0.1002E+06  0.1002E+06  0.1002E+06 -0.2841E-03  0.1074E-01  0.7343E-10  0.8360E+00  0.8135E-09  0.1016E-01 -0.2192E-01 -0.1331E-01 -0.3383E-01  0.3374E-02  0.4258E-01  0.4067E+00
    92  0.6370E+02  0.5290E-03  0.1283E-02  0.2116E-02  0.3633E-08 -0.2759E-01  0.2436E+00  0.2786E+00  0.3916E-02  0.4433E+00  0.1351E-02  0.1001E+06  0.1001E+06  0.1001E+06 -0.2946E-03  0.1073E-01  0.7346E-10  0.8031E+00  0.9625E-09  0.1017E-01 -0.2195E-01 -0.1353E-01 -0.3700E-01  0.7493E-02  0.4355E-01  0.4119E+00
    93  0.6440E+02  0.5297E-03  0.1273E-02  0.2095E-02  0.3565E-08 -0.2399E-01  0.2437E+00  0.2782E+00 -0.4794E-02  0.4459E+00  0.1331E-01  0.1000E+06  0.1000E+06  0.1000E+06 -0.3196E-03  0.1070E-01  0.7330E-10  0.8626E+00  0.1036E-08  0.1009E-01 -0.2193E-01 -0.1331E-01 -0.3335E-01  0.4023E-03  0.4382E-01  0.4108E+00
    94  0.6510E+02  0.5253E-03  0.1272E-02  0.2089E-02  0.3553E-08 -0.2231E-01  0.2437E+00  0.2760E+00 -0.3407E-02  0.4445E+00  0.8108E-02  0.9997E+05  0.9997E+05  0.9997E+05 -0.1848E-03  0.1071E-01  0.7310E-10  0.8606E+00  0.1090E-08  0.1009E-01 -0.2197E-01 -0.1345E-01 -0.3326E-01  0.3538E-02  0.4163E-01  0.4131E+00
    95  0.6580E+02  0.5304E-03  0.1273E-02  0.2062E-02  0.3538E-08 -0.1973E-01  0.2437E+00  0.2757E+00  0.6093E-02  0.4463E+00  0.1146E-01  0.9994E+05  0.9994E+05  0.9994E+05 -0.2822E-03  0.1071E-01  0.7277E-10  0.9210E+00  0.1080E-08  0.1001E-01 -0.2193E-01 -0.1347E-01 -0.3564E-01  0.6464E-02  0.4555E-01  0.4126E+00
    96  0.6650E+02  0.5276E-03  0.1276E-02  0.2055E-02  0.3548E-08 -0.1592E-01  0.2436E+00  0.2789E+00  0.6342E-02  0.4460E+00  0.1238E-01  0.9987E+05  0.9987E+05  0.9987E+05 -0.2001E-03  0.1070E-01  0.7263E-10  0.9228E+00  0.1051E-08  0.9993E-02 -0.2194E-01 -0.1328E-01 -0.3495E-01  0.3378E-02  0.4536E-01  0.4100E+00
    97  0.6720E+02  0.5266E-03  0.1272E-02  0.2050E-02  0.3532E-08 -0.1782E-01  0.2436E+00  0.2792E+00 -0.1940E-02  0.4458E+00  0.2631E-01  0.9979E+05  0.9979E+05  0.9979E+05 -0.1666E-03  0.1073E-01  0.7249E-10  0.9516E+00  0.9355E-09  0.9984E-02 -0.2197E-01 -0.1354E-01 -0.3052E-01  0.1156E-02  0.4327E-01  0.4127E+00
    98  0.6790E+02  0.5304E-03  0.1273E-02  0.2033E-02  0.3508E-08 -0.1491E-01  0.2436E+00  0.2778E+00 -0.7170E-02  0.4415E+00  0.2360E-01  0.9976E+05  0.9976E+05  0.9976E+05 -0.2994E-03  0.1077E-01  0.7182E-10  0.9737E+00  0.8336E-09  0.9990E-02 -0.2184E-01 -0.1333E-01 -0.3514E-01  0.7237E-02  0.4465E-01  0.4025E+00
    99  0.6860E+02  0.5263E-03  0.1273E-02  0.2027E-02  0.3495E-08 -0.9447E-02  0.2436E+00  0.2759E+00 -0.2235E-02  0.4374E+00  0.1371E-01  0.9970E+05  0.9970E+05  0.9970E+05 -0.8157E-04  0.1078E-01  0.7138E-10  0.9576E+00  0.7521E-09  0.1002E-01 -0.2202E-01 -0.1332E-01 -0.3599E-01  0.2657E-02  0.4778E-01  0.4069E+00
   100  0.6930E+02  0.5280E-03  0.1268E-02  0.2021E-02  0.3463E-08 -0.9060E-02  0.2436E+00  0.2755E+00  0.6331E-02  0.4386E+00  0.1980E-01  0.9966E+05  0.9966E+05  0.9966E+05 -0.1151E-03  0.1076E-01  0.7132E-10  0.9672E+00  0.5035E-09  0.9993E-02 -0.2191E-01 -0.1359E-01 -0.3076E-01  0.2216E-02  0.4373E-01  0.4096E+00
   101  0.7000E+02  0.5298E-03  0.1266E-02  0.1998E-02  0.3416E-08 -0.8212E-02  0.2437E+00  0.2795E+00  0.8733E-02  0.4368E+00  0.1009E-01  0.9957E+05  0.9957E+05  0.9957E+05 -0.2541E-03  0.1075E-01  0.7073E-10  0.9898E+00  0.2625E-09  0.9957E-02 -0.2185E-01 -0.1325E-01 -0.3280E-01  0.7513E-02  0.4127E-01  0.4033E+00
   102  0.7070E+02  0.5257E-03  0.1263E-02  0.1988E-02  0.3379E-08 -0.4979E-02  0.2438E+00  0.2813E+00 -0.1379E-02  0.4374E+00  0.2013E-01  0.9950E+05  0.9950E+05  0.9950E+05  0.3111E-04  0.1070E-01  0.7058E-10  0.9720E+00 -0.3242E-10  0.9929E-02 -0.2213E-01 -0.1341E-01 -0.3745E-01  0.4466E-02  0.4753E-01  0.4181E+00
   103  0.7140E+02  0.5294E-03  0.1260E-02  0.1976E-02  0.3340E-08 -0.4342E-02  0.2439E+00  0.2777E+00 -0.1038E-01  0.4381E+00  0.3302E-02  0.9943E+05  0.9943E+05  0.9943E+05 -0.1411E-03  0.1064E-01  0.7041E-10  0.9501E+00 -0.3267E-10  0.9893E-02 -0.2185E-01 -0.1353E-01 -0.3097E-01  0.1431E-02  0.4379E-01  0.4174E+00
   104  0.7210E+02  0.5286E-03  0.1258E-02  0.1972E-02  0.3304E-08 -0.1641E-02  0.2441E+00  0.2757E+00  0.4051E-02  0.4388E+00  0.1050E-01  0.9932E+05  0.9932E+05  0.9932E+05 -0.1366E-03  0.1057E-01  0.7036E-10  0.9174E+00 -0.2627E-09  0.9880E-02 -0.2204E-01 -0.1322E-01 -0.3097E-01  0.6586E-02  0.4056E-01  0.4227E+00
   105  0.7280E+02  0.5257E-03  0.1259E-02  0.1952E-02  0.3267E-08  0.2760E-02  0.2442E+00  0.2802E+00  0.1496E-01  0.4398E+00 -0.4152E-02  0.9927E+05  0.9927E+05  0.9927E+05  0.1009E-03  0.1049E-01  0.7006E-10  0.8866E+00 -0.2446E-09  0.9823E-02 -0.2215E-01 -0.1354E-01 -0.3824E-01  0.4630E-02  0.4711E-01  0.4393E+00
   106  0.7350E+02  0.5307E-03  0.1258E-02  0.1933E-02  0.3228E-08  0.3228E-02  0.2444E+00  0.2833E+00 -0.2244E-02  0.4459E+00 -0.6857E-04  0.9920E+05  0.9920E+05  0.9920E+05 -0.1502E-03  0.1036E-01  0.7013E-10  0.8659E+00 -0.1111E-09  0.9712E-02 -0.2192E-01 -0.1342E-01 -0.3072E-01  0.4380E-03  0.4449E-01  0.4418E+00
   107  0.7420E+02  0.5266E-03  0.1256E-02  0.1921E-02  0.3194E-08  0.8512E-02  0.2447E+00  0.2788E+00 -0.1047E-01  0.4480E+00  0.6229E-03  0.9910E+05  0.9910E+05  0.9910E+05  0.4351E-04  0.1030E-01  0.7005E-10  0.8709E+00 -0.1867E-09  0.9664E-02 -0.2224E-01 -0.1328E-01 -0.3163E-01  0.8891E-02  0.4003E-01  0.4543E+00
   108  0.7490E+02  0.5270E-03  0.1258E-02  0.1915E-02  0.3178E-08  0.1303E-01  0.2448E+00  0.2776E+00  0.1006E-01  0.4493E+00  0.3661E-02  0.9904E+05  0.9904E+05  0.9904E+05  0.1285E-03  0.1024E-01  0.7001E-10  0.8264E+00 -0.1990E-10  0.9643E-02 -0.2209E-01 -0.1355E-01 -0.3814E-01  0.3450E-02  0.4407E-01  0.4610E+00
   109  0.7560E+02  0.5309E-03  0.1256E-02  0.1903E-02  0.3158E-08  0.1542E-01  0.2450E+00  0.2832E+00  0.1165E-01  0.4528E+00  0.1877E-01  0.9895E+05  0.9895E+05  0.9895E+05 -0.5612E-04  0.1017E-01  0.7001E-10  0.8389E+00 -0.8870E-11  0.9581E-02 -0.2210E-01 -0.1333E-01 -0.2923E-01  0.2400E-02  0.4342E-01  0.4635E+00
   110  0.7630E+02  0.5247E-03  0.1257E-02  0.1893E-02  0.3126E-08  0.1910E-01  0.2452E+00  0.2826E+00 -0.1018E-01  0.4492E+00  0.2048E-01  0.9888E+05  0.9888E+05  0.9888E+05  0.1890E-03  0.1016E-01  0.6953E-10  0.8135E+00  0.1467E-09  0.9600E-02 -0.2231E-01 -0.1338E-01 -0.3558E-01  0.8473E-02  0.4403E-01  0.4731E+00
   111  0.7700E+02  0.5297E-03  0.1256E-02  0.1880E-02  0.3100E-08  0.2231E-01  0.2454E+00  0.2775E+00 -0.3079E-02  0.4475E+00  0.2225E-01  0.9885E+05  0.9885E+05  0.9885E+05  0.1278E-03  0.1015E-01  0.6916E-10  0.8160E+00  0.4138E-09  0.9588E-02 -0.2211E-01 -0.1350E-01 -0.3785E-01  0.3866E-02  0.4450E-01  0.4698E+00
   112  0.7770E+02  0.5290E-03  0.1253E-02  0.1871E-02  0.3086E-08  0.2503E-01  0.2455E+00  0.2798E+00  0.1410E-01  0.4446E+00  0.2189E-01  0.9878E+05  0.9878E+05  0.9878E+05  0.9865E-04  0.1016E-01  0.6875E-10  0.8140E+00  0.5528E-09  0.9600E-02 -0.2229E-01 -0.1333E-01 -0.2698E-01  0.3481E-02  0.3941E-01  0.4717E+00
   113  0.7840E+02  0.5245E-03  0.1253E-02  0.1862E-02  0.3047E-08  0.3111E-01  0.2456E+00  0.2837E+00  0.6653E-02  0.4414E+00  0.1414E-01  0.9868E+05  0.9868E+05  0.9868E+05  0.2803E-03  0.1016E-01  0.6833E-10  0.8127E+00  0.6086E-09  0.9612E-02 -0.2225E-01 -0.1343E-01 -0.3943E-01  0.5852E-02  0.4628E-01  0.4731E+00
   114  0.7910E+02  0.5320E-03  0.1251E-02  0.1856E-02  0.3052E-08  0.3337E-01  0.2457E+00  0.2822E+00 -0.4856E-02  0.4416E+00  0.1164E-01  0.9864E+05  0.9864E+05  0.9864E+05  0.1563E-03  0.1017E-01  0.6825E-10  0.8281E+00  0.8376E-09  0.9596E-02 -0.2224E-01 -0.1344E-01 -0.3201E-01  0.5625E-02  0.4041E-01  0.4721E+00
   115  0.7980E+02  0.5256E-03  0.1252E-02  0.1853E-02  0.3051E-08  0.3606E-01  0.2457E+00  0.2804E+00 -0.1441E-02  0.4402E+00  0.1379E-01  0.9859E+05  0.9859E+05  0.9859E+05  0.2855E-03  0.1020E-01  0.6808E-10  0.8405E+00  0.8254E-09  0.9604E-02 -0.2227E-01 -0.1331E-01 -0.3137E-01  0.3991E-02  0.4168E-01  0.4681E+00
   116  0.8050E+02  0.5271E-03  0.1251E-02  0.1835E-02  0.3030E-08  0.3902E-01  0.2458E+00  0.2801E+00  0.2854E-02  0.4405E+00  0.6977E-02  0.9854E+05  0.9854E+05  0.9854E+05  0.2968E-03  0.1019E-01  0.6781E-10  0.8719E+00  0.9971E-09  0.9555E-02 -0.2225E-01 -0.1351E-01 -0.3979E-01  0.3373E-02  0.4961E-01  0.4726E+00
   117  0.8120E+02  0.5316E-03  0.1247E-02  0.1826E-02  0.3020E-08  0.4258E-01  0.2458E+00  0.2795E+00  0.5963E-02  0.4430E+00  0.2034E-02  0.9850E+05  0.9850E+05  0.9850E+05  0.2325E-03  0.1018E-01  0.6783E-10  0.9021E+00  0.1027E-08  0.9503E-02 -0.2231E-01 -0.1335E-01 -0.2663E-01  0.8301E-02  0.3759E-01  0.4717E+00
   118  0.8190E+02  0.5233E-03  0.1247E-02  0.1821E-02  0.3010E-08  0.4574E-01  0.2458E+00  0.2833E+00  0.1073E-01  0.4466E+00 -0.4364E-03  0.9848E+05  0.9848E+05  0.9848E+05  0.4097E-03  0.1017E-01  0.6801E-10  0.9248E+00  0.9863E-09  0.9454E-02 -0.2222E-01 -0.1335E-01 -0.3710E-01  0.3629E-02  0.4740E-01  0.4701E+00
   119  0.8260E+02  0.5310E-03  0.1244E-02  0.1803E-02  0.2993E-08  0.4405E-01  0.2457E+00  0.2826E+00 -0.6023E-02  0.4469E+00  0.1505E-01  0.9842E+05  0.9842E+05  0.9842E+05  0.2924E-03  0.1017E-01  0.6770E-10  0.9601E+00  0.9958E-09  0.9402E-02 -0.2230E-01 -0.1356E-01 -0.3379E-01  0.3006E-02  0.4629E-01  0.4765E+00
   120  0.8330E+02  0.5282E-03  0.1245E-02  0.1802E-02  0.2991E-08  0.4509E-01  0.2457E+00  0.2798E+00 -0.5835E-02  0.4462E+00  0.1723E-01  0.9837E+05  0.9837E+05  0.9837E+05  0.2804E-03  0.1019E-01  0.6759E-10  0.9653E+00  0.8369E-09  0.9408E-02 -0.2225E-01 -0.1324E-01 -0.3054E-01  0.8293E-02  0.4261E-01  0.4670E+00
   121  0.8400E+02  0.5243E-03  0.1243E-02  0.1793E-02  0.2974E-08  0.4748E-01  0.2457E+00  0.2778E+00  0.7639E-02  0.4439E+00  0.1663E-01  0.9831E+05  0.9831E+05  0.9831E+05  0.4441E-03  0.1021E-01  0.6724E-10  0.9750E+00  0.7193E-09  0.9410E-02 -0.2227E-01 -0.1345E-01 -0.3376E-01  0.4201E-02  0.4623E-01  0.4698E+00
   122  0.8470E+02  0.5330E-03  0.1242E-02  0.1784E-02  0.2959E-08  0.4469E-01  0.2457E+00  0.2828E+00  0.1008E-01  0.4395E+00  0.2709E-01  0.9825E+05  0.9825E+05  0.9825E+05  0.2266E-03  0.1024E-01  0.6672E-10  0.9696E+00  0.6632E-09  0.9434E-02 -0.2224E-01 -0.1351E-01 -0.3431E-01  0.2712E-02  0.4696E-01  0.4672E+00
   123  0.8540E+02  0.5241E-03  0.1238E-02  0.1784E-02  0.2921E-08  0.4755E-01  0.2458E+00  0.2834E+00 -0.4946E-03  0.4350E+00  0.1677E-01  0.9818E+05  0.9818E+05  0.9818E+05  0.3656E-03  0.1024E-01  0.6636E-10  0.9557E+00  0.5196E-09  0.9483E-02 -0.2229E-01 -0.1324E-01 -0.3254E-01  0.8383E-02  0.4391E-01  0.4637E+00
   124  0.8610E+02  0.5283E-03  0.1237E-02  0.1751E-02  0.2882E-08  0.4645E-01  0.2458E+00  0.2802E+00 -0.5395E-02  0.4354E+00  0.1969E-01  0.9808E+05  0.9808E+05  0.9808E+05  0.4322E-03  0.1020E-01  0.6574E-10  0.9926E+00  0.2732E-09  0.9392E-02 -0.2226E-01 -0.1354E-01 -0.3299E-01  0.3735E-02  0.4517E-01  0.4722E+00
   125  0.8680E+02  0.5312E-03  0.1239E-02  0.1741E-02  0.2861E-08  0.4556E-01  0.2459E+00  0.2804E+00  0.1341E-02  0.4346E+00  0.1512E-01  0.9801E+05  0.9801E+05  0.9801E+05  0.1801E-03  0.1015E-01  0.6547E-10  0.9544E+00  0.1120E-09  0.9373E-02 -0.2225E-01 -0.1342E-01 -0.3473E-01  0.4287E-02  0.4706E-01  0.4752E+00
   126  0.8750E+02  0.5226E-03  0.1236E-02  0.1730E-02  0.2826E-08  0.4498E-01  0.2460E+00  0.2803E+00  0.3056E-02  0.4336E+00  0.9337E-02  0.9793E+05  0.9793E+05  0.9793E+05  0.4131E-03  0.1010E-01  0.6517E-10  0.9459E+00 -0.3090E-11  0.9357E-02 -0.2241E-01 -0.1328E-01 -0.3235E-01  0.5901E-02  0.4560E-01  0.4814E+00
   127  0.8820E+02  0.5323E-03  0.1235E-02  0.1723E-02  0.2794E-08  0.4452E-01  0.2461E+00  0.2812E+00  0.3591E-02  0.4353E+00  0.1436E-02  0.9788E+05  0.9788E+05  0.9788E+05  0.3358E-03  0.1003E-01  0.6515E-10  0.9333E+00 -0.1094E-09  0.9322E-02 -0.2220E-01 -0.1358E-01 -0.3322E-01  0.7010E-02  0.4289E-01  0.4879E+00
   128  0.8890E+02  0.5267E-03  0.1233E-02  0.1710E-02  0.2769E-08  0.4378E-01  0.2462E+00  0.2817E+00  0.3602E-02  0.4368E+00  0.1386E-02  0.9780E+05  0.9780E+05  0.9780E+05  0.1968E-03  0.9971E-02  0.6498E-10  0.9185E+00 -0.2395E-09  0.9273E-02 -0.2240E-01 -0.1332E-01 -0.3165E-01  0.2862E-02  0.4461E-01  0.4959E+00
   129  0.8960E+02  0.5251E-03  0.1231E-02  0.1707E-02  0.2738E-08  0.4449E-01  0.2464E+00  0.2812E+00 -0.2992E-02  0.4396E+00 -0.7578E-02  0.9770E+05  0.9770E+05  0.9770E+05  0.4646E-03  0.9900E-02  0.6511E-10  0.9018E+00 -0.1480E-09  0.9238E-02 -0.2241E-01 -0.1341E-01 -0.3610E-01  0.5337E-02  0.4647E-01  0.5054E+00
   130  0.9030E+02  0.5331E-03  0.1227E-02  0.1696E-02  0.2705E-08  0.4419E-01  0.2465E+00  0.2810E+00  0.4284E-02  0.4432E+00 -0.3494E-02  0.9762E+05  0.9762E+05  0.9762E+05  0.2212E-03  0.9816E-02  0.6515E-10  0.8850E+00 -0.1518E-09  0.9177E-02 -0.2227E-01 -0.1355E-01 -0.3128E-01  0.8252E-02  0.4014E-01  0.5124E+00
   131  0.9100E+02  0.5230E-03  0.1224E-02  0.1688E-02  0.2674E-08  0.4357E-01  0.2466E+00  0.2812E+00  0.4975E-02  0.4446E+00 -0.4549E-03  0.9758E+05  0.9758E+05  0.9758E+05  0.2934E-03  0.9767E-02  0.6506E-10  0.8722E+00 -0.8608E-10  0.9144E-02 -0.2253E-01 -0.1327E-01 -0.3144E-01  0.2132E-02  0.4357E-01  0.5216E+00
