 #NTuple/Z0                                                                      
 output from Ecalc9f version   2.09
  settings: 
    particle type:            2
    pzmin/pzmax:    0.0000000000000000      /   100.00000000000000     
    transverse cuts:    0.0000000000000000        0.0000000000000000     
    longitudinal cut:    0.0000000000000000     
    RF frequency (MHz):    704.00000000000000     
    sigma cut:    4.0000000000000000     
    subtract out amplitude correlation
    wrnew9 =  F

regn #   Z           Bz          eperp       elong       e6D         Ldim        Pzavg       beta        alpha       betaL       alphaL      n0          n1          n2          Lcan(eVs)   sigmaE      sigmaT      corrE       corrT       sigmaE_c    xavg        yavg        Dx          Dy          Dr          Dr2
     1  0.0000E+00  0.1247E-14  0.2698E-03  0.1633E-02  0.1322E-09  0.1590E+00  0.2036E+00  0.2424E-01  0.6262E-01  0.5304E+00  0.7891E-01  0.2087E+05  0.2087E+05  0.2087E+05  0.2858E-03  0.8102E-02  0.8029E-10  0.3338E+01  0.9168E-08  0.7246E-02 -0.1033E-02 -0.1177E-02 -0.6380E-02 -0.5475E-03  0.5894E-02  0.2025E-02
     2  0.6000E+00  0.9758E-15  0.2701E-03  0.1706E-02  0.1375E-09  0.1577E+00  0.2037E+00  0.1695E-01  0.1571E-01  0.4882E+00  0.1173E+00  0.2091E+05  0.2091E+05  0.2091E+05  0.3249E-03  0.8632E-02  0.7893E-10  0.3556E+01  0.1076E-07  0.7751E-02 -0.1190E-02 -0.1168E-02 -0.5660E-02  0.2096E-03  0.8752E-02  0.2046E-02
     3  0.1200E+01  0.2711E-15  0.2697E-03  0.1722E-02  0.1358E-09  0.1559E+00  0.2046E+00  0.2197E-01  0.3435E-02  0.4596E+00  0.8787E-01  0.2080E+05  0.2080E+05  0.2080E+05  0.2548E-03  0.8703E-02  0.7683E-10  0.3136E+01  0.1113E-07  0.8025E-02 -0.1302E-02 -0.1188E-02 -0.4772E-02 -0.4808E-03  0.6805E-02  0.2245E-02
     4  0.1800E+01  0.1572E-14  0.2644E-03  0.1707E-02  0.1290E-09  0.1545E+00  0.2048E+00  0.2034E-01  0.8056E-01  0.4465E+00  0.6058E-01  0.2071E+05  0.2071E+05  0.2071E+05  0.2376E-03  0.8802E-02  0.7512E-10  0.3330E+01  0.9891E-08  0.8097E-02 -0.1128E-02 -0.1177E-02 -0.6237E-02 -0.1853E-03  0.9523E-02  0.1906E-02
     5  0.2400E+01  0.4337E-15  0.2665E-03  0.1702E-02  0.1294E-09  0.1482E+00  0.2049E+00  0.2006E-01  0.7807E-01  0.4392E+00  0.1505E-01  0.2062E+05  0.2062E+05  0.2062E+05  0.2771E-03  0.8778E-02  0.7446E-10  0.3100E+01  0.1016E-07  0.8143E-02 -0.1136E-02 -0.1176E-02 -0.7269E-02  0.4858E-03  0.7615E-02  0.1913E-02
     6  0.3000E+01 -0.1084E-15  0.2676E-03  0.1695E-02  0.1318E-09  0.1437E+00  0.2050E+00  0.1974E-01  0.1731E-01  0.4424E+00 -0.2572E-01  0.2057E+05  0.2057E+05  0.2057E+05  0.2660E-03  0.8824E-02  0.7457E-10  0.3250E+01  0.1007E-07  0.8102E-02 -0.1253E-02 -0.1189E-02 -0.6535E-02 -0.6669E-03  0.7671E-02  0.2113E-02
     7  0.3600E+01 -0.2168E-15  0.2655E-03  0.1685E-02  0.1314E-09  0.1455E+00  0.2051E+00  0.2019E-01  0.4328E-01  0.4526E+00 -0.5141E-01  0.2051E+05  0.2051E+05  0.2051E+05  0.2399E-03  0.8811E-02  0.7501E-10  0.3456E+01  0.8990E-08  0.7996E-02 -0.1204E-02 -0.1155E-02 -0.4577E-02 -0.5007E-03  0.7910E-02  0.1982E-02
     8  0.4200E+01 -0.1084E-15  0.2630E-03  0.1688E-02  0.1292E-09  0.1427E+00  0.2049E+00  0.1992E-01  0.2935E-01  0.4658E+00 -0.6745E-01  0.2046E+05  0.2046E+05  0.2046E+05  0.2336E-03  0.8723E-02  0.7616E-10  0.3569E+01  0.9052E-08  0.7889E-02 -0.1165E-02 -0.1181E-02 -0.5700E-02  0.9386E-04  0.8170E-02  0.1997E-02
     9  0.4800E+01 -0.8674E-15  0.2625E-03  0.1702E-02  0.1295E-09  0.1404E+00  0.2046E+00  0.2027E-01  0.2485E-01  0.4801E+00 -0.6470E-01  0.2040E+05  0.2040E+05  0.2040E+05  0.2464E-03  0.8645E-02  0.7763E-10  0.3530E+01  0.8541E-08  0.7794E-02 -0.1198E-02 -0.1202E-02 -0.6789E-02 -0.2250E-03  0.9004E-02  0.2129E-02
    10  0.5400E+01 -0.1138E-14  0.2597E-03  0.1700E-02  0.1274E-09  0.1387E+00  0.2042E+00  0.2022E-01  0.3304E-01  0.4916E+00 -0.4541E-01  0.2034E+05  0.2034E+05  0.2034E+05  0.2344E-03  0.8555E-02  0.7848E-10  0.3616E+01  0.7541E-08  0.7680E-02 -0.1179E-02 -0.1152E-02 -0.5587E-02  0.7498E-05  0.8882E-02  0.2043E-02
    11  0.6000E+01  0.0000E+00  0.2584E-03  0.1702E-02  0.1257E-09  0.1400E+00  0.2037E+00  0.2019E-01  0.2366E-01  0.4956E+00 -0.1611E-01  0.2028E+05  0.2028E+05  0.2028E+05  0.2206E-03  0.8488E-02  0.7886E-10  0.3582E+01  0.6238E-08  0.7635E-02 -0.1155E-02 -0.1170E-02 -0.5859E-02 -0.2348E-03  0.9105E-02  0.2057E-02
    12  0.6600E+01 -0.1301E-14  0.2567E-03  0.1709E-02  0.1234E-09  0.1362E+00  0.2033E+00  0.2016E-01  0.1770E-01  0.4907E+00  0.1574E-01  0.2022E+05  0.2022E+05  0.2022E+05  0.2259E-03  0.8505E-02  0.7866E-10  0.3567E+01  0.4960E-08  0.7675E-02 -0.1154E-02 -0.1203E-02 -0.6602E-02 -0.4344E-03  0.8988E-02  0.2097E-02
    13  0.7200E+01 -0.3795E-15  0.2538E-03  0.1704E-02  0.1195E-09  0.1359E+00  0.2028E+00  0.2037E-01  0.1774E-01  0.4828E+00  0.3253E-01  0.2015E+05  0.2015E+05  0.2015E+05  0.2299E-03  0.8506E-02  0.7794E-10  0.3549E+01  0.3216E-08  0.7716E-02 -0.1134E-02 -0.1153E-02 -0.6702E-02  0.4360E-04  0.9627E-02  0.1973E-02
    14  0.7800E+01 -0.6505E-15  0.2515E-03  0.1708E-02  0.1168E-09  0.1346E+00  0.2024E+00  0.2052E-01  0.1697E-01  0.4682E+00  0.4126E-01  0.2007E+05  0.2007E+05  0.2007E+05  0.2085E-03  0.8536E-02  0.7693E-10  0.3381E+01  0.2169E-08  0.7836E-02 -0.1111E-02 -0.1158E-02 -0.5169E-02 -0.3126E-03  0.8884E-02  0.1919E-02
    15  0.8400E+01  0.4879E-15  0.2485E-03  0.1697E-02  0.1115E-09  0.1339E+00  0.2020E+00  0.2041E-01  0.2740E-01  0.4586E+00  0.3375E-01  0.1997E+05  0.1997E+05  0.1997E+05  0.2143E-03  0.8486E-02  0.7597E-10  0.3247E+01  0.1256E-08  0.7878E-02 -0.1138E-02 -0.1196E-02 -0.6394E-02 -0.7650E-03  0.9309E-02  0.2047E-02
    16  0.9000E+01  0.9216E-15  0.2511E-03  0.1705E-02  0.1145E-09  0.1339E+00  0.2018E+00  0.2030E-01  0.2971E-01  0.4488E+00  0.9105E-02  0.1996E+05  0.1996E+05  0.1996E+05  0.2020E-03  0.8600E-02  0.7539E-10  0.3179E+01  0.9717E-09  0.7974E-02 -0.1118E-02 -0.1161E-02 -0.6633E-02  0.7830E-03  0.8490E-02  0.1898E-02
    17  0.9600E+01  0.1409E-14  0.2481E-03  0.1703E-02  0.1103E-09  0.1286E+00  0.2017E+00  0.2022E-01  0.1988E-01  0.4485E+00 -0.2261E-01  0.1987E+05  0.1987E+05  0.1987E+05  0.1915E-03  0.8477E-02  0.7534E-10  0.2921E+01  0.3425E-09  0.7971E-02 -0.1069E-02 -0.1177E-02 -0.6193E-02 -0.2788E-03  0.8447E-02  0.1897E-02
    18  0.1020E+02 -0.1626E-14  0.2479E-03  0.1709E-02  0.1101E-09  0.1307E+00  0.2018E+00  0.2062E-01  0.1996E-01  0.4545E+00 -0.5450E-01  0.1982E+05  0.1982E+05  0.1982E+05  0.2237E-03  0.8432E-02  0.7595E-10  0.2828E+01  0.6758E-09  0.7944E-02 -0.1123E-02 -0.1184E-02 -0.6982E-02 -0.4415E-03  0.9221E-02  0.2026E-02
    19  0.1080E+02  0.1084E-15  0.2438E-03  0.1701E-02  0.1050E-09  0.1278E+00  0.2019E+00  0.2070E-01  0.4683E-01  0.4725E+00 -0.7947E-01  0.1971E+05  0.1971E+05  0.1971E+05  0.1909E-03  0.8180E-02  0.7720E-10  0.2580E+01  0.7536E-09  0.7790E-02 -0.1156E-02 -0.1148E-02 -0.6465E-02  0.8003E-04  0.8639E-02  0.2138E-02
    20  0.1140E+02  0.1355E-14  0.2436E-03  0.1699E-02  0.1049E-09  0.1268E+00  0.2023E+00  0.2035E-01  0.4250E-01  0.4933E+00 -0.8314E-01  0.1965E+05  0.1965E+05  0.1965E+05  0.1718E-03  0.8018E-02  0.7877E-10  0.2521E+01  0.1644E-08  0.7632E-02 -0.1096E-02 -0.1173E-02 -0.6656E-02 -0.5442E-03  0.8500E-02  0.2164E-02
    21  0.1200E+02 -0.5421E-15  0.2420E-03  0.1699E-02  0.1035E-09  0.1212E+00  0.2027E+00  0.2070E-01  0.2063E-01  0.5131E+00 -0.6787E-01  0.1958E+05  0.1958E+05  0.1958E+05  0.1952E-03  0.7855E-02  0.8024E-10  0.2452E+01  0.3140E-08  0.7483E-02 -0.1095E-02 -0.1196E-02 -0.6410E-02  0.1370E-03  0.8398E-02  0.2305E-02
    22  0.1260E+02 -0.4879E-15  0.2409E-03  0.1705E-02  0.1029E-09  0.1204E+00  0.2032E+00  0.2103E-01  0.6075E-01  0.5269E+00 -0.3717E-01  0.1953E+05  0.1953E+05  0.1953E+05  0.2051E-03  0.7763E-02  0.8134E-10  0.2428E+01  0.3491E-08  0.7399E-02 -0.1206E-02 -0.1166E-02 -0.6545E-02 -0.4057E-04  0.8111E-02  0.2527E-02
    23  0.1320E+02 -0.1138E-14  0.2390E-03  0.1706E-02  0.1010E-09  0.1171E+00  0.2036E+00  0.2027E-01  0.2685E-01  0.5312E+00  0.3825E-02  0.1947E+05  0.1947E+05  0.1947E+05  0.1462E-03  0.7725E-02  0.8163E-10  0.2403E+01  0.4850E-08  0.7378E-02 -0.1165E-02 -0.1158E-02 -0.7010E-02 -0.2332E-03  0.8735E-02  0.2460E-02
    24  0.1380E+02  0.1084E-15  0.2386E-03  0.1701E-02  0.1005E-09  0.1180E+00  0.2042E+00  0.2142E-01  0.5166E-01  0.5250E+00  0.4218E-01  0.1940E+05  0.1940E+05  0.1940E+05  0.1827E-03  0.7775E-02  0.8098E-10  0.2387E+01  0.6634E-08  0.7431E-02 -0.1110E-02 -0.1200E-02 -0.6706E-02 -0.4469E-03  0.7746E-02  0.2410E-02
    25  0.1440E+02 -0.1247E-14  0.2359E-03  0.1697E-02  0.9743E-10  0.1142E+00  0.2045E+00  0.2026E-01  0.4670E-01  0.5103E+00  0.6775E-01  0.1932E+05  0.1932E+05  0.1932E+05  0.2039E-03  0.7864E-02  0.7969E-10  0.2336E+01  0.7130E-08  0.7549E-02 -0.1237E-02 -0.1172E-02 -0.6830E-02 -0.1078E-03  0.8106E-02  0.2564E-02
    26  0.1500E+02  0.1301E-14  0.2350E-03  0.1698E-02  0.9736E-10  0.1132E+00  0.2050E+00  0.2062E-01  0.3440E-01  0.4919E+00  0.7713E-01  0.1928E+05  0.1928E+05  0.1928E+05  0.1427E-03  0.8046E-02  0.7835E-10  0.2459E+01  0.9361E-08  0.7709E-02 -0.1250E-02 -0.1157E-02 -0.5566E-02 -0.5224E-03  0.6648E-02  0.2450E-02
    27  0.1560E+02 -0.1681E-14  0.2325E-03  0.1689E-02  0.9484E-10  0.1131E+00  0.2054E+00  0.2061E-01  0.4692E-01  0.4734E+00  0.7350E-01  0.1920E+05  0.1920E+05  0.1920E+05  0.1509E-03  0.8201E-02  0.7666E-10  0.2573E+01  0.1012E-07  0.7846E-02 -0.1163E-02 -0.1200E-02 -0.6689E-02 -0.7340E-04  0.7531E-02  0.2283E-02
    28  0.1620E+02  0.4337E-15  0.2341E-03  0.1701E-02  0.9731E-10  0.1117E+00  0.2056E+00  0.2037E-01  0.4474E-01  0.4594E+00  0.5055E-01  0.1918E+05  0.1918E+05  0.1918E+05  0.1892E-03  0.8409E-02  0.7590E-10  0.2791E+01  0.1128E-07  0.7989E-02 -0.1226E-02 -0.1188E-02 -0.7244E-02  0.1426E-03  0.7331E-02  0.2270E-02
    29  0.1680E+02 -0.8132E-15  0.2313E-03  0.1691E-02  0.9505E-10  0.1064E+00  0.2058E+00  0.2022E-01  0.5480E-01  0.4514E+00  0.1913E-01  0.1909E+05  0.1909E+05  0.1909E+05  0.1475E-03  0.8462E-02  0.7505E-10  0.2911E+01  0.1197E-07  0.8030E-02 -0.1259E-02 -0.1165E-02 -0.6279E-02 -0.8266E-03  0.7151E-02  0.2263E-02
    30  0.1740E+02  0.3253E-15  0.2331E-03  0.1692E-02  0.9819E-10  0.1065E+00  0.2058E+00  0.1992E-01  0.4383E-01  0.4540E+00 -0.7254E-02  0.1907E+05  0.1907E+05  0.1907E+05  0.1441E-03  0.8547E-02  0.7535E-10  0.3154E+01  0.1215E-07  0.8010E-02 -0.1205E-02 -0.1172E-02 -0.5834E-02 -0.6672E-04  0.6908E-02  0.2134E-02
    31  0.1800E+02 -0.1355E-14  0.2307E-03  0.1683E-02  0.9572E-10  0.1024E+00  0.2057E+00  0.2019E-01  0.4759E-01  0.4600E+00 -0.3113E-01  0.1898E+05  0.1898E+05  0.1898E+05  0.1476E-03  0.8497E-02  0.7553E-10  0.3289E+01  0.1151E-07  0.7935E-02 -0.1224E-02 -0.1202E-02 -0.6317E-02 -0.1776E-05  0.7216E-02  0.2245E-02
    32  0.1860E+02 -0.7589E-15  0.2312E-03  0.1682E-02  0.9702E-10  0.9836E-01  0.2055E+00  0.1984E-01  0.3715E-01  0.4678E+00 -0.3947E-01  0.1894E+05  0.1894E+05  0.1894E+05  0.1459E-03  0.8506E-02  0.7614E-10  0.3449E+01  0.1099E-07  0.7866E-02 -0.1230E-02 -0.1179E-02 -0.6360E-02 -0.3105E-03  0.7233E-02  0.2208E-02
    33  0.1920E+02 -0.1626E-15  0.2293E-03  0.1682E-02  0.9590E-10  0.9591E-01  0.2053E+00  0.2001E-01  0.2988E-01  0.4773E+00 -0.3670E-01  0.1889E+05  0.1889E+05  0.1889E+05  0.1268E-03  0.8464E-02  0.7684E-10  0.3591E+01  0.1017E-07  0.7777E-02 -0.1198E-02 -0.1156E-02 -0.6437E-02 -0.2888E-03  0.7886E-02  0.2131E-02
    34  0.1980E+02  0.0000E+00  0.2276E-03  0.1682E-02  0.9484E-10  0.9495E-01  0.2049E+00  0.2018E-01  0.3495E-01  0.4828E+00 -0.2453E-01  0.1884E+05  0.1884E+05  0.1884E+05  0.1303E-03  0.8443E-02  0.7722E-10  0.3718E+01  0.8940E-08  0.7722E-02 -0.1199E-02 -0.1196E-02 -0.5882E-02 -0.4650E-03  0.7713E-02  0.2209E-02
    35  0.2040E+02  0.1301E-14  0.2267E-03  0.1683E-02  0.9410E-10  0.9331E-01  0.2046E+00  0.2006E-01  0.3438E-01  0.4845E+00 -0.6739E-02  0.1880E+05  0.1880E+05  0.1880E+05  0.1343E-03  0.8451E-02  0.7734E-10  0.3796E+01  0.7305E-08  0.7699E-02 -0.1207E-02 -0.1184E-02 -0.6563E-02 -0.7896E-04  0.8066E-02  0.2194E-02
    36  0.2100E+02  0.5421E-15  0.2255E-03  0.1688E-02  0.9360E-10  0.9087E-01  0.2042E+00  0.1992E-01  0.2684E-01  0.4821E+00  0.1371E-01  0.1876E+05  0.1876E+05  0.1876E+05  0.1152E-03  0.8479E-02  0.7728E-10  0.3826E+01  0.6156E-08  0.7719E-02 -0.1172E-02 -0.1161E-02 -0.5452E-02 -0.4571E-04  0.7589E-02  0.2067E-02
    37  0.2160E+02  0.1681E-14  0.2259E-03  0.1689E-02  0.9367E-10  0.9254E-01  0.2039E+00  0.2030E-01  0.2664E-01  0.4747E+00  0.2354E-01  0.1873E+05  0.1873E+05  0.1873E+05  0.1251E-03  0.8543E-02  0.7671E-10  0.3821E+01  0.4854E-08  0.7774E-02 -0.1169E-02 -0.1183E-02 -0.6258E-02 -0.5277E-03  0.8442E-02  0.2070E-02
    38  0.2220E+02  0.1030E-14  0.2238E-03  0.1696E-02  0.9126E-10  0.9183E-01  0.2035E+00  0.2013E-01  0.3285E-01  0.4650E+00  0.2598E-01  0.1869E+05  0.1869E+05  0.1869E+05  0.1221E-03  0.8560E-02  0.7609E-10  0.3733E+01  0.3425E-08  0.7862E-02 -0.1167E-02 -0.1172E-02 -0.6537E-02 -0.1610E-04  0.7888E-02  0.2032E-02
    39  0.2280E+02 -0.1084E-14  0.2212E-03  0.1689E-02  0.8764E-10  0.8762E-01  0.2033E+00  0.2032E-01  0.3008E-01  0.4582E+00  0.1361E-01  0.1863E+05  0.1863E+05  0.1863E+05  0.1131E-03  0.8471E-02  0.7542E-10  0.3468E+01  0.1679E-08  0.7896E-02 -0.1153E-02 -0.1176E-02 -0.6293E-02 -0.4873E-03  0.7752E-02  0.2052E-02
    40  0.2340E+02  0.5421E-16  0.2192E-03  0.1686E-02  0.8501E-10  0.8315E-01  0.2031E+00  0.2053E-01  0.4541E-01  0.4557E+00 -0.7312E-02  0.1857E+05  0.1857E+05  0.1857E+05  0.1059E-03  0.8408E-02  0.7515E-10  0.3296E+01  0.6418E-09  0.7905E-02 -0.1154E-02 -0.1182E-02 -0.6900E-02  0.6857E-04  0.7542E-02  0.2088E-02
    41  0.2400E+02  0.6505E-15  0.2207E-03  0.1694E-02  0.8723E-10  0.8479E-01  0.2032E+00  0.1982E-01  0.2927E-01  0.4574E+00 -0.2743E-01  0.1856E+05  0.1856E+05  0.1856E+05  0.1142E-03  0.8453E-02  0.7548E-10  0.3311E+01  0.8090E-09  0.7913E-02 -0.1152E-02 -0.1174E-02 -0.5555E-02 -0.3840E-03  0.7001E-02  0.2048E-02
    42  0.2460E+02  0.3795E-15  0.2217E-03  0.1699E-02  0.8769E-10  0.8690E-01  0.2033E+00  0.2032E-01  0.3656E-01  0.4648E+00 -0.4405E-01  0.1852E+05  0.1852E+05  0.1852E+05  0.1113E-03  0.8361E-02  0.7617E-10  0.3091E+01  0.7738E-09  0.7870E-02 -0.1178E-02 -0.1162E-02 -0.6585E-02 -0.7435E-04  0.7487E-02  0.2122E-02
    43  0.2520E+02  0.3253E-15  0.2171E-03  0.1686E-02  0.8215E-10  0.8027E-01  0.2035E+00  0.2058E-01  0.4399E-01  0.4788E+00 -0.5156E-01  0.1842E+05  0.1842E+05  0.1842E+05  0.8317E-04  0.8105E-02  0.7696E-10  0.2782E+01  0.7899E-09  0.7732E-02 -0.1145E-02 -0.1187E-02 -0.7238E-02  0.5021E-04  0.7362E-02  0.2241E-02
    44  0.2580E+02 -0.1193E-14  0.2178E-03  0.1695E-02  0.8337E-10  0.8250E-01  0.2038E+00  0.2033E-01  0.3945E-01  0.4910E+00 -0.5074E-01  0.1840E+05  0.1840E+05  0.1840E+05  0.1253E-03  0.8035E-02  0.7809E-10  0.2703E+01  0.2860E-08  0.7665E-02 -0.1151E-02 -0.1186E-02 -0.6487E-02 -0.8550E-03  0.7501E-02  0.2295E-02
    45  0.2640E+02 -0.1247E-14  0.2161E-03  0.1692E-02  0.8158E-10  0.7884E-01  0.2042E+00  0.2066E-01  0.4139E-01  0.5030E+00 -0.3382E-01  0.1834E+05  0.1834E+05  0.1834E+05  0.1033E-03  0.7911E-02  0.7887E-10  0.2623E+01  0.3316E-08  0.7570E-02 -0.1227E-02 -0.1148E-02 -0.7049E-02  0.3489E-03  0.7022E-02  0.2451E-02
    46  0.2700E+02  0.1247E-14  0.2157E-03  0.1692E-02  0.8198E-10  0.7907E-01  0.2046E+00  0.2033E-01  0.5086E-01  0.5087E+00 -0.1432E-01  0.1830E+05  0.1830E+05  0.1830E+05  0.7556E-04  0.7912E-02  0.7926E-10  0.2723E+01  0.5141E-08  0.7535E-02 -0.1188E-02 -0.1202E-02 -0.6018E-02 -0.3590E-03  0.6833E-02  0.2483E-02
    47  0.2760E+02 -0.1030E-14  0.2125E-03  0.1681E-02  0.7834E-10  0.7687E-01  0.2050E+00  0.2041E-01  0.4005E-01  0.5107E+00  0.1284E-01  0.1822E+05  0.1822E+05  0.1822E+05  0.1204E-03  0.7810E-02  0.7914E-10  0.2519E+01  0.6614E-08  0.7508E-02 -0.1195E-02 -0.1190E-02 -0.6390E-02 -0.6253E-03  0.6521E-02  0.2542E-02
    48  0.2820E+02  0.1355E-14  0.2128E-03  0.1691E-02  0.7894E-10  0.7559E-01  0.2055E+00  0.2064E-01  0.5073E-01  0.5035E+00  0.3193E-01  0.1820E+05  0.1820E+05  0.1820E+05  0.8864E-04  0.7930E-02  0.7876E-10  0.2662E+01  0.7911E-08  0.7598E-02 -0.1262E-02 -0.1140E-02 -0.7479E-02 -0.3150E-03  0.7083E-02  0.2521E-02
    49  0.2880E+02  0.1464E-14  0.2116E-03  0.1698E-02  0.7875E-10  0.7500E-01  0.2059E+00  0.2022E-01  0.4958E-01  0.4926E+00  0.4421E-01  0.1816E+05  0.1816E+05  0.1816E+05  0.6781E-04  0.8040E-02  0.7805E-10  0.2678E+01  0.9066E-08  0.7711E-02 -0.1211E-02 -0.1199E-02 -0.5890E-02 -0.5977E-03  0.6421E-02  0.2467E-02
    50  0.2940E+02  0.4337E-15  0.2108E-03  0.1696E-02  0.7776E-10  0.7487E-01  0.2062E+00  0.2040E-01  0.5261E-01  0.4808E+00  0.4784E-01  0.1811E+05  0.1811E+05  0.1811E+05  0.1130E-03  0.8131E-02  0.7710E-10  0.2671E+01  0.1014E-07  0.7812E-02 -0.1237E-02 -0.1197E-02 -0.6996E-02  0.3113E-03  0.5856E-02  0.2462E-02
    51  0.3000E+02 -0.1409E-14  0.2083E-03  0.1691E-02  0.7561E-10  0.6963E-01  0.2064E+00  0.2005E-01  0.4125E-01  0.4707E+00  0.4018E-01  0.1804E+05  0.1804E+05  0.1804E+05  0.7989E-04  0.8209E-02  0.7613E-10  0.2756E+01  0.1045E-07  0.7887E-02 -0.1276E-02 -0.1162E-02 -0.7051E-02 -0.5410E-03  0.6524E-02  0.2437E-02
    52  0.3060E+02  0.1193E-14  0.2085E-03  0.1690E-02  0.7641E-10  0.7247E-01  0.2066E+00  0.2040E-01  0.5298E-01  0.4644E+00  0.2404E-01  0.1800E+05  0.1800E+05  0.1800E+05  0.7889E-04  0.8303E-02  0.7562E-10  0.2928E+01  0.1111E-07  0.7938E-02 -0.1236E-02 -0.1182E-02 -0.5916E-02 -0.6905E-03  0.6146E-02  0.2342E-02
    53  0.3120E+02  0.4879E-15  0.2097E-03  0.1690E-02  0.7783E-10  0.6804E-01  0.2067E+00  0.1971E-01  0.5567E-01  0.4616E+00  0.8858E-02  0.1799E+05  0.1799E+05  0.1799E+05  0.9103E-04  0.8394E-02  0.7543E-10  0.3138E+01  0.1136E-07  0.7962E-02 -0.1258E-02 -0.1184E-02 -0.6556E-02  0.3280E-03  0.5857E-02  0.2339E-02
    54  0.3180E+02 -0.8132E-15  0.2099E-03  0.1685E-02  0.7838E-10  0.6771E-01  0.2067E+00  0.1970E-01  0.4624E-01  0.4634E+00 -0.5090E-02  0.1795E+05  0.1795E+05  0.1795E+05  0.7712E-04  0.8429E-02  0.7547E-10  0.3360E+01  0.1139E-07  0.7935E-02 -0.1280E-02 -0.1184E-02 -0.6505E-02 -0.7548E-03  0.6195E-02  0.2362E-02
    55  0.3240E+02 -0.1355E-14  0.2089E-03  0.1683E-02  0.7828E-10  0.6699E-01  0.2066E+00  0.1970E-01  0.4596E-01  0.4691E+00 -0.1494E-01  0.1791E+05  0.1791E+05  0.1791E+05  0.7453E-04  0.8429E-02  0.7589E-10  0.3538E+01  0.1124E-07  0.7879E-02 -0.1234E-02 -0.1163E-02 -0.5826E-02  0.2952E-03  0.5840E-02  0.2233E-02
    56  0.3300E+02  0.5963E-15  0.2072E-03  0.1674E-02  0.7628E-10  0.5963E-01  0.2064E+00  0.1984E-01  0.4192E-01  0.4737E+00 -0.1318E-01  0.1785E+05  0.1785E+05  0.1785E+05  0.6481E-04  0.8371E-02  0.7603E-10  0.3626E+01  0.1071E-07  0.7813E-02 -0.1248E-02 -0.1193E-02 -0.7039E-02 -0.4401E-03  0.6657E-02  0.2346E-02
    57  0.3360E+02 -0.1355E-14  0.2080E-03  0.1678E-02  0.7809E-10  0.6190E-01  0.2061E+00  0.1967E-01  0.3890E-01  0.4752E+00 -0.7716E-02  0.1783E+05  0.1783E+05  0.1783E+05  0.7801E-04  0.8445E-02  0.7622E-10  0.3821E+01  0.9817E-08  0.7804E-02 -0.1249E-02 -0.1187E-02 -0.5658E-02 -0.3014E-04  0.6274E-02  0.2289E-02
    58  0.3420E+02  0.1355E-14  0.2075E-03  0.1673E-02  0.7789E-10  0.5974E-01  0.2058E+00  0.1975E-01  0.3585E-01  0.4763E+00  0.1506E-02  0.1780E+05  0.1780E+05  0.1780E+05  0.6215E-04  0.8472E-02  0.7621E-10  0.3950E+01  0.8973E-08  0.7776E-02 -0.1231E-02 -0.1165E-02 -0.5887E-02 -0.3449E-03  0.6680E-02  0.2203E-02
    59  0.3480E+02 -0.9758E-15  0.2074E-03  0.1673E-02  0.7753E-10  0.5814E-01  0.2055E+00  0.1970E-01  0.4145E-01  0.4746E+00  0.9940E-02  0.1776E+05  0.1776E+05  0.1776E+05  0.6113E-04  0.8471E-02  0.7606E-10  0.3953E+01  0.7882E-08  0.7780E-02 -0.1228E-02 -0.1182E-02 -0.6416E-02 -0.8486E-03  0.6981E-02  0.2222E-02
    60  0.3540E+02  0.3253E-15  0.2056E-03  0.1666E-02  0.7565E-10  0.5421E-01  0.2052E+00  0.1971E-01  0.3278E-01  0.4713E+00  0.1755E-01  0.1772E+05  0.1772E+05  0.1772E+05  0.5214E-04  0.8454E-02  0.7566E-10  0.3925E+01  0.6892E-08  0.7783E-02 -0.1206E-02 -0.1184E-02 -0.6368E-02 -0.3240E-05  0.6693E-02  0.2188E-02
    61  0.3600E+02 -0.1138E-14  0.2046E-03  0.1665E-02  0.7447E-10  0.5355E-01  0.2049E+00  0.1995E-01  0.2645E-01  0.4661E+00  0.1905E-01  0.1769E+05  0.1769E+05  0.1769E+05  0.6286E-04  0.8468E-02  0.7519E-10  0.3891E+01  0.4875E-08  0.7819E-02 -0.1207E-02 -0.1179E-02 -0.6590E-02  0.3593E-04  0.6841E-02  0.2170E-02
    62  0.3660E+02 -0.1626E-14  0.2048E-03  0.1666E-02  0.7473E-10  0.5316E-01  0.2047E+00  0.2002E-01  0.3940E-01  0.4610E+00  0.1075E-01  0.1767E+05  0.1767E+05  0.1767E+05  0.5393E-04  0.8499E-02  0.7480E-10  0.3835E+01  0.3913E-08  0.7857E-02 -0.1211E-02 -0.1175E-02 -0.6030E-02 -0.5072E-03  0.7052E-02  0.2153E-02
    63  0.3720E+02  0.1138E-14  0.2029E-03  0.1663E-02  0.7259E-10  0.5361E-01  0.2046E+00  0.1983E-01  0.4143E-01  0.4583E+00  0.3634E-03  0.1762E+05  0.1762E+05  0.1762E+05  0.5288E-04  0.8439E-02  0.7453E-10  0.3670E+01  0.2961E-08  0.7869E-02 -0.1199E-02 -0.1176E-02 -0.5986E-02 -0.4913E-03  0.6620E-02  0.2157E-02
    64  0.3780E+02  0.1138E-14  0.2031E-03  0.1666E-02  0.7260E-10  0.5192E-01  0.2046E+00  0.2009E-01  0.3249E-01  0.4583E+00 -0.1337E-01  0.1760E+05  0.1760E+05  0.1760E+05  0.4843E-04  0.8436E-02  0.7458E-10  0.3583E+01  0.2660E-08  0.7875E-02 -0.1196E-02 -0.1179E-02 -0.6504E-02  0.1862E-03  0.6497E-02  0.2158E-02
    65  0.3840E+02  0.9216E-15  0.2013E-03  0.1666E-02  0.7074E-10  0.4982E-01  0.2046E+00  0.2025E-01  0.4640E-01  0.4611E+00 -0.2562E-01  0.1755E+05  0.1755E+05  0.1755E+05  0.4916E-04  0.8364E-02  0.7478E-10  0.3496E+01  0.1326E-08  0.7855E-02 -0.1198E-02 -0.1193E-02 -0.7277E-02 -0.3775E-03  0.6955E-02  0.2227E-02
    66  0.3900E+02  0.3795E-15  0.1989E-03  0.1669E-02  0.6886E-10  0.4637E-01  0.2047E+00  0.1987E-01  0.3680E-01  0.4679E+00 -0.3783E-01  0.1751E+05  0.1751E+05  0.1751E+05  0.5406E-04  0.8252E-02  0.7534E-10  0.3306E+01  0.4003E-09  0.7811E-02 -0.1187E-02 -0.1169E-02 -0.6044E-02 -0.8029E-03  0.6418E-02  0.2220E-02
    67  0.3960E+02 -0.1030E-14  0.1974E-03  0.1668E-02  0.6763E-10  0.4448E-01  0.2050E+00  0.2028E-01  0.3802E-01  0.4784E+00 -0.3993E-01  0.1747E+05  0.1747E+05  0.1747E+05  0.4136E-04  0.8138E-02  0.7611E-10  0.3189E+01  0.1144E-08  0.7730E-02 -0.1233E-02 -0.1162E-02 -0.6281E-02  0.9296E-04  0.6047E-02  0.2360E-02
    68  0.4020E+02 -0.9216E-15  0.1963E-03  0.1658E-02  0.6594E-10  0.4431E-01  0.2052E+00  0.2045E-01  0.4695E-01  0.4892E+00 -0.3976E-01  0.1742E+05  0.1742E+05  0.1742E+05  0.2645E-04  0.7974E-02  0.7667E-10  0.2949E+01  0.9498E-09  0.7629E-02 -0.1229E-02 -0.1208E-02 -0.6729E-02 -0.3216E-03  0.6536E-02  0.2546E-02
    69  0.4080E+02  0.8132E-15  0.1965E-03  0.1661E-02  0.6638E-10  0.4648E-01  0.2056E+00  0.2022E-01  0.5745E-01  0.4967E+00 -0.2617E-01  0.1740E+05  0.1740E+05  0.1740E+05  0.5793E-04  0.7933E-02  0.7725E-10  0.2927E+01  0.1969E-08  0.7582E-02 -0.1198E-02 -0.1175E-02 -0.6304E-02 -0.1573E-03  0.5729E-02  0.2443E-02
    70  0.4140E+02  0.3795E-15  0.1917E-03  0.1655E-02  0.6164E-10  0.4128E-01  0.2058E+00  0.2043E-01  0.3991E-01  0.5020E+00 -0.6042E-02  0.1731E+05  0.1731E+05  0.1731E+05  0.3639E-04  0.7766E-02  0.7745E-10  0.2552E+01  0.2798E-08  0.7533E-02 -0.1254E-02 -0.1159E-02 -0.7568E-02 -0.5728E-03  0.6225E-02  0.2647E-02
    71  0.4200E+02 -0.8674E-15  0.1954E-03  0.1674E-02  0.6562E-10  0.4664E-01  0.2063E+00  0.2038E-01  0.3863E-01  0.4970E+00  0.1208E-01  0.1736E+05  0.1736E+05  0.1736E+05  0.3456E-04  0.7924E-02  0.7745E-10  0.2732E+01  0.4412E-08  0.7627E-02 -0.1251E-02 -0.1193E-02 -0.6452E-02 -0.2155E-03  0.5810E-02  0.2610E-02
    72  0.4260E+02  0.3253E-15  0.1938E-03  0.1671E-02  0.6440E-10  0.4204E-01  0.2066E+00  0.2048E-01  0.5525E-01  0.4935E+00  0.2869E-01  0.1732E+05  0.1732E+05  0.1732E+05  0.4632E-04  0.7931E-02  0.7706E-10  0.2652E+01  0.5807E-08  0.7657E-02 -0.1242E-02 -0.1189E-02 -0.6017E-02  0.6647E-04  0.5448E-02  0.2584E-02
    73  0.4320E+02 -0.1355E-14  0.1944E-03  0.1669E-02  0.6433E-10  0.4059E-01  0.2069E+00  0.2009E-01  0.5906E-01  0.4870E+00  0.3258E-01  0.1728E+05  0.1728E+05  0.1728E+05  0.4074E-04  0.7977E-02  0.7654E-10  0.2600E+01  0.7627E-08  0.7713E-02 -0.1295E-02 -0.1173E-02 -0.7233E-02 -0.7274E-03  0.6182E-02  0.2646E-02
    74  0.4380E+02 -0.1301E-14  0.1955E-03  0.1672E-02  0.6582E-10  0.4124E-01  0.2072E+00  0.2004E-01  0.4942E-01  0.4797E+00  0.3093E-01  0.1727E+05  0.1727E+05  0.1727E+05  0.2466E-04  0.8084E-02  0.7608E-10  0.2730E+01  0.9270E-08  0.7785E-02 -0.1263E-02 -0.1178E-02 -0.6040E-02 -0.3171E-03  0.5373E-02  0.2518E-02
    75  0.4440E+02  0.3795E-15  0.1945E-03  0.1667E-02  0.6498E-10  0.3844E-01  0.2073E+00  0.1987E-01  0.5918E-01  0.4739E+00  0.2633E-01  0.1722E+05  0.1722E+05  0.1722E+05  0.4013E-04  0.8137E-02  0.7556E-10  0.2834E+01  0.1030E-07  0.7825E-02 -0.1263E-02 -0.1191E-02 -0.6776E-02 -0.3696E-03  0.5196E-02  0.2514E-02
    76  0.4500E+02 -0.8132E-15  0.1954E-03  0.1669E-02  0.6602E-10  0.3621E-01  0.2075E+00  0.1962E-01  0.5174E-01  0.4694E+00  0.1672E-01  0.1720E+05  0.1720E+05  0.1720E+05  0.3503E-04  0.8223E-02  0.7537E-10  0.3000E+01  0.1193E-07  0.7868E-02 -0.1303E-02 -0.1186E-02 -0.6739E-02 -0.1343E-03  0.5313E-02  0.2537E-02
