 #NTuple/Z0                                                                      
 output from Ecalc9f version   2.09
  settings: 
    particle type:            2
    pzmin/pzmax:    0.0000000000000000      /   100.00000000000000     
    transverse cuts:    0.0000000000000000        0.0000000000000000     
    longitudinal cut:    0.0000000000000000     
    RF frequency (MHz):    704.00000000000000     
    sigma cut:    0.0000000000000000     
    subtract out amplitude correlation
    wrnew9 =  F

regn #   Z           Bz          eperp       elong       e6D         Ldim        Pzavg       beta        alpha       betaL       alphaL      n0          n1          n2          Lcan(eVs)   sigmaE      sigmaT      corrE       corrT       sigmaE_c    xavg        yavg        Dx          Dy          Dr          Dr2
     1  0.0000E+00  0.2070E-02  0.1549E-02  0.3690E-02  0.9071E-08 -0.6221E-01  0.2278E+00  0.3167E+00 -0.3901E-01  0.4458E+00  0.1783E-01  0.1078E+06  0.1078E+06  0.1078E+06 -0.5558E-03  0.1323E-01  0.1016E-09  0.6707E+00  0.6661E-09  0.1281E-01 -0.1917E-01 -0.1396E-01 -0.3308E-01  0.1183E-02  0.4115E-01  0.2066E+00
     2  0.7000E+00  0.2072E-02  0.1551E-02  0.3662E-02  0.8966E-08 -0.6385E-01  0.2278E+00  0.2737E+00 -0.2203E+00  0.4489E+00 -0.8956E-02  0.1076E+06  0.1076E+06  0.1076E+06 -0.9948E-03  0.1315E-01  0.1017E-09  0.6828E+00  0.1100E-08  0.1271E-01 -0.1944E-01 -0.1382E-01 -0.4392E-01  0.4258E-02  0.3967E-01  0.2113E+00
     3  0.1400E+01  0.2062E-02  0.1547E-02  0.3633E-02  0.8942E-08 -0.7189E-01  0.2276E+00  0.2201E+00 -0.1372E+00  0.4572E+00 -0.3013E-01  0.1075E+06  0.1075E+06  0.1075E+06 -0.5325E-03  0.1302E-01  0.1024E-09  0.7111E+00  0.1635E-08  0.1254E-01 -0.1928E-01 -0.1362E-01 -0.3558E-01 -0.8871E-03  0.3341E-01  0.2102E+00
     4  0.2100E+01  0.2076E-02  0.1551E-02  0.3609E-02  0.8972E-08 -0.7887E-01  0.2274E+00  0.2205E+00  0.5702E-01  0.4699E+00 -0.3670E-01  0.1073E+06  0.1073E+06  0.1073E+06 -0.1066E-02  0.1287E-01  0.1038E-09  0.7571E+00  0.2111E-08  0.1233E-01 -0.1904E-01 -0.1411E-01 -0.3651E-01  0.1281E-02  0.4377E-01  0.2173E+00
     5  0.2800E+01  0.2063E-02  0.1555E-02  0.3578E-02  0.9032E-08 -0.8029E-01  0.2272E+00  0.2524E+00  0.1054E+00  0.4794E+00 -0.2679E-01  0.1073E+06  0.1073E+06  0.1073E+06 -0.9865E-03  0.1277E-01  0.1044E-09  0.8046E+00  0.2152E-08  0.1214E-01 -0.1948E-01 -0.1346E-01 -0.3782E-01  0.6565E-02  0.5372E-01  0.2210E+00
     6  0.3500E+01  0.2071E-02  0.1551E-02  0.3570E-02  0.9032E-08 -0.8237E-01  0.2270E+00  0.2686E+00  0.2479E-01  0.4877E+00 -0.6264E-02  0.1072E+06  0.1072E+06  0.1072E+06 -0.7468E-03  0.1273E-01  0.1054E-09  0.8643E+00  0.2301E-08  0.1201E-01 -0.1901E-01 -0.1397E-01 -0.3650E-01 -0.1897E-02  0.4953E-01  0.2200E+00
     7  0.4200E+01  0.2071E-02  0.1544E-02  0.3555E-02  0.8954E-08 -0.8857E-01  0.2266E+00  0.2593E+00 -0.4386E-01  0.4845E+00  0.2725E-01  0.1071E+06  0.1071E+06  0.1071E+06 -0.1282E-02  0.1281E-01  0.1047E-09  0.9174E+00  0.1810E-08  0.1202E-01 -0.1923E-01 -0.1386E-01 -0.3259E-01  0.2562E-02  0.4035E-01  0.2181E+00
     8  0.4900E+01  0.2064E-02  0.1546E-02  0.3558E-02  0.8892E-08 -0.9313E-01  0.2264E+00  0.2466E+00 -0.4095E-01  0.4721E+00  0.4431E-01  0.1070E+06  0.1070E+06  0.1070E+06 -0.8259E-03  0.1291E-01  0.1033E-09  0.8077E+00  0.1370E-08  0.1218E-01 -0.1907E-01 -0.1350E-01 -0.3951E-01  0.4182E-02  0.4517E-01  0.2086E+00
     9  0.5600E+01  0.2075E-02  0.1539E-02  0.3521E-02  0.8806E-08 -0.9409E-01  0.2263E+00  0.2423E+00 -0.1047E-01  0.4656E+00  0.4974E-01  0.1069E+06  0.1069E+06  0.1069E+06 -0.1143E-02  0.1306E-01  0.1020E-09  0.9432E+00  0.1104E-08  0.1220E-01 -0.1909E-01 -0.1414E-01 -0.3395E-01 -0.8114E-03  0.4626E-01  0.2109E+00
    10  0.6300E+01  0.2063E-02  0.1529E-02  0.3484E-02  0.8638E-08 -0.1003E+00  0.2263E+00  0.2455E+00  0.1033E-01  0.4564E+00  0.3492E-01  0.1067E+06  0.1067E+06  0.1067E+06 -0.1163E-02  0.1315E-01  0.1004E-09  0.9918E+00  0.9215E-09  0.1225E-01 -0.1910E-01 -0.1346E-01 -0.3407E-01  0.2335E-02  0.4735E-01  0.2015E+00
    11  0.7000E+01  0.2072E-02  0.1525E-02  0.3452E-02  0.8499E-08 -0.9869E-01  0.2266E+00  0.2515E+00  0.1786E-01  0.4569E+00  0.9718E-02  0.1067E+06  0.1067E+06  0.1067E+06 -0.9866E-03  0.1313E-01  0.9985E-10  0.1018E+01  0.6003E-09  0.1219E-01 -0.1916E-01 -0.1397E-01 -0.4015E-01  0.5143E-02  0.4785E-01  0.2084E+00
    12  0.7700E+01  0.2070E-02  0.1514E-02  0.3443E-02  0.8394E-08 -0.9884E-01  0.2270E+00  0.2561E+00  0.2086E-02  0.4600E+00 -0.1107E-01  0.1066E+06  0.1066E+06  0.1066E+06 -0.1254E-02  0.1306E-01  0.9991E-10  0.1003E+01  0.2264E-09  0.1215E-01 -0.1927E-01 -0.1378E-01 -0.3100E-01 -0.7012E-03  0.4531E-01  0.2107E+00
    13  0.8400E+01  0.2064E-02  0.1518E-02  0.3462E-02  0.8320E-08 -0.9998E-01  0.2275E+00  0.2566E+00 -0.2561E-01  0.4619E+00 -0.2630E-01  0.1065E+06  0.1065E+06  0.1065E+06 -0.9523E-03  0.1291E-01  0.1002E-09  0.8384E+00 -0.1950E-09  0.1218E-01 -0.1923E-01 -0.1365E-01 -0.3927E-01  0.3898E-02  0.4841E-01  0.2146E+00
    14  0.9100E+01  0.2075E-02  0.1508E-02  0.3402E-02  0.8154E-08 -0.9972E-01  0.2281E+00  0.2492E+00 -0.2631E-01  0.4791E+00 -0.3905E-01  0.1064E+06  0.1064E+06  0.1064E+06 -0.1171E-02  0.1269E-01  0.1010E-09  0.9343E+00 -0.3876E-09  0.1188E-01 -0.1957E-01 -0.1404E-01 -0.3603E-01  0.9052E-03  0.4637E-01  0.2323E+00
    15  0.9800E+01  0.2063E-02  0.1500E-02  0.3399E-02  0.8033E-08 -0.9762E-01  0.2288E+00  0.2485E+00  0.1710E-02  0.4940E+00 -0.3380E-01  0.1064E+06  0.1064E+06  0.1064E+06 -0.1048E-02  0.1247E-01  0.1023E-09  0.9008E+00 -0.5499E-09  0.1171E-01 -0.1938E-01 -0.1350E-01 -0.3292E-01  0.4926E-02  0.4115E-01  0.2319E+00
    16  0.1050E+02  0.2071E-02  0.1497E-02  0.3360E-02  0.7899E-08 -0.9395E-01  0.2295E+00  0.2554E+00  0.2250E-01  0.5036E+00 -0.6767E-02  0.1063E+06  0.1063E+06  0.1063E+06 -0.9907E-03  0.1228E-01  0.1026E-09  0.8693E+00 -0.8022E-09  0.1155E-01 -0.1980E-01 -0.1400E-01 -0.3834E-01 -0.1073E-02  0.4951E-01  0.2539E+00
    17  0.1120E+02  0.2069E-02  0.1485E-02  0.3351E-02  0.7707E-08 -0.9038E-01  0.2301E+00  0.2615E+00  0.9073E-02  0.5060E+00  0.1429E-01  0.1062E+06  0.1062E+06  0.1062E+06 -0.1075E-02  0.1216E-01  0.1025E-09  0.8119E+00 -0.7144E-09  0.1153E-01 -0.1978E-01 -0.1370E-01 -0.3412E-01  0.4658E-02  0.4522E-01  0.2556E+00
    18  0.1190E+02  0.2064E-02  0.1480E-02  0.3341E-02  0.7549E-08 -0.8550E-01  0.2308E+00  0.2617E+00 -0.1515E-01  0.4987E+00  0.4901E-01  0.1061E+06  0.1061E+06  0.1061E+06 -0.8422E-03  0.1216E-01  0.1014E-09  0.7419E+00 -0.9828E-09  0.1163E-01 -0.1980E-01 -0.1365E-01 -0.3515E-01  0.5564E-02  0.4205E-01  0.2563E+00
    19  0.1260E+02  0.2075E-02  0.1471E-02  0.3295E-02  0.7356E-08 -0.8671E-01  0.2313E+00  0.2592E+00 -0.1856E-01  0.4908E+00  0.5796E-01  0.1061E+06  0.1061E+06  0.1061E+06 -0.9826E-03  0.1220E-01  0.9971E-10  0.7616E+00 -0.5111E-09  0.1167E-01 -0.2011E-01 -0.1408E-01 -0.4124E-01 -0.3571E-02  0.4774E-01  0.2664E+00
    20  0.1330E+02  0.2063E-02  0.1467E-02  0.3297E-02  0.7257E-08 -0.8427E-01  0.2317E+00  0.2589E+00 -0.1071E-01  0.4772E+00  0.5779E-01  0.1061E+06  0.1061E+06  0.1061E+06 -0.9423E-03  0.1230E-01  0.9819E-10  0.6819E+00 -0.5095E-10  0.1185E-01 -0.1992E-01 -0.1345E-01 -0.3664E-01  0.6213E-02  0.3838E-01  0.2519E+00
    21  0.1400E+02  0.2072E-02  0.1459E-02  0.3270E-02  0.7132E-08 -0.7092E-01  0.2321E+00  0.2579E+00 -0.4962E-02  0.4680E+00  0.4858E-01  0.1060E+06  0.1060E+06  0.1060E+06 -0.6397E-03  0.1241E-01  0.9675E-10  0.7298E+00  0.2285E-09  0.1193E-01 -0.2010E-01 -0.1388E-01 -0.3561E-01  0.1633E-02  0.4194E-01  0.2561E+00
    22  0.1470E+02  0.2069E-02  0.1456E-02  0.3250E-02  0.7039E-08 -0.6205E-01  0.2323E+00  0.2576E+00  0.1502E-01  0.4588E+00  0.4760E-01  0.1059E+06  0.1059E+06  0.1059E+06 -0.8680E-03  0.1248E-01  0.9546E-10  0.7254E+00  0.5293E-09  0.1202E-01 -0.2014E-01 -0.1379E-01 -0.4147E-01  0.1747E-02  0.4392E-01  0.2534E+00
    23  0.1540E+02  0.2064E-02  0.1452E-02  0.3244E-02  0.7010E-08 -0.5732E-01  0.2324E+00  0.2630E+00  0.2387E-01  0.4516E+00  0.3305E-01  0.1058E+06  0.1058E+06  0.1058E+06 -0.4990E-03  0.1255E-01  0.9460E-10  0.7218E+00  0.5116E-09  0.1210E-01 -0.2009E-01 -0.1354E-01 -0.3246E-01  0.5672E-02  0.3692E-01  0.2468E+00
    24  0.1610E+02  0.2075E-02  0.1451E-02  0.3208E-02  0.6924E-08 -0.5641E-01  0.2324E+00  0.2689E+00  0.1949E-02  0.4482E+00  0.1413E-01  0.1057E+06  0.1057E+06  0.1057E+06 -0.6559E-03  0.1256E-01  0.9376E-10  0.7527E+00  0.8498E-09  0.1207E-01 -0.2009E-01 -0.1410E-01 -0.3996E-01  0.1423E-02  0.4530E-01  0.2531E+00
    25  0.1680E+02  0.2062E-02  0.1450E-02  0.3191E-02  0.6899E-08 -0.5094E-01  0.2323E+00  0.2659E+00 -0.2771E-01  0.4498E+00 -0.5116E-02  0.1057E+06  0.1057E+06  0.1057E+06 -0.6613E-03  0.1252E-01  0.9376E-10  0.7594E+00  0.1015E-08  0.1201E-01 -0.2017E-01 -0.1346E-01 -0.3949E-01  0.2569E-02  0.4395E-01  0.2483E+00
    26  0.1750E+02  0.2072E-02  0.1444E-02  0.3194E-02  0.6874E-08 -0.3936E-01  0.2321E+00  0.2571E+00 -0.2509E-01  0.4544E+00 -0.9250E-02  0.1056E+06  0.1056E+06  0.1056E+06 -0.2434E-03  0.1249E-01  0.9441E-10  0.7918E+00  0.1262E-08  0.1195E-01 -0.1999E-01 -0.1382E-01 -0.3494E-01  0.5031E-02  0.3731E-01  0.2500E+00
    27  0.1820E+02  0.2069E-02  0.1442E-02  0.3162E-02  0.6814E-08 -0.3127E-01  0.2318E+00  0.2534E+00  0.2264E-02  0.4592E+00 -0.1469E-01  0.1055E+06  0.1055E+06  0.1055E+06 -0.5740E-03  0.1240E-01  0.9447E-10  0.8209E+00  0.1197E-08  0.1182E-01 -0.2002E-01 -0.1384E-01 -0.3816E-01 -0.1040E-03  0.4392E-01  0.2546E+00
    28  0.1890E+02  0.2064E-02  0.1440E-02  0.3136E-02  0.6756E-08 -0.2579E-01  0.2316E+00  0.2583E+00  0.1696E-01  0.4615E+00  0.6069E-02  0.1054E+06  0.1054E+06  0.1054E+06 -0.1929E-03  0.1236E-01  0.9435E-10  0.8469E+00  0.1086E-08  0.1173E-01 -0.2005E-01 -0.1350E-01 -0.3639E-01  0.5420E-02  0.4427E-01  0.2525E+00
    29  0.1960E+02  0.2075E-02  0.1431E-02  0.3114E-02  0.6665E-08 -0.1893E-01  0.2314E+00  0.2613E+00  0.5859E-02  0.4630E+00  0.2972E-02  0.1053E+06  0.1053E+06  0.1053E+06 -0.2460E-03  0.1234E-01  0.9421E-10  0.8908E+00  0.9814E-09  0.1166E-01 -0.1986E-01 -0.1401E-01 -0.3598E-01  0.2530E-02  0.4531E-01  0.2554E+00
    30  0.2030E+02  0.2062E-02  0.1429E-02  0.3124E-02  0.6601E-08 -0.1234E-01  0.2312E+00  0.2605E+00 -0.2688E-02  0.4580E+00  0.4915E-01  0.1053E+06  0.1053E+06  0.1053E+06 -0.3211E-03  0.1234E-01  0.9381E-10  0.8188E+00  0.5019E-09  0.1175E-01 -0.2005E-01 -0.1355E-01 -0.3865E-01  0.2533E-02  0.4452E-01  0.2527E+00
    31  0.2100E+02  0.2072E-02  0.1421E-02  0.3063E-02  0.6468E-08 -0.4715E-02  0.2312E+00  0.2588E+00  0.5175E-03  0.4558E+00  0.3177E-01  0.1052E+06  0.1052E+06  0.1052E+06  0.1132E-03  0.1236E-01  0.9269E-10  0.8942E+00  0.6479E-09  0.1166E-01 -0.1991E-01 -0.1381E-01 -0.3490E-01  0.4807E-02  0.4149E-01  0.2525E+00
    32  0.2170E+02  0.2069E-02  0.1422E-02  0.3076E-02  0.6422E-08  0.5146E-02  0.2312E+00  0.2587E+00  0.9274E-03  0.4450E+00  0.2819E-01  0.1051E+06  0.1051E+06  0.1051E+06 -0.2284E-03  0.1239E-01  0.9175E-10  0.7541E+00  0.5110E-09  0.1182E-01 -0.1991E-01 -0.1385E-01 -0.3805E-01  0.2513E-02  0.4560E-01  0.2522E+00
    33  0.2240E+02  0.2063E-02  0.1414E-02  0.3009E-02  0.6271E-08  0.9586E-02  0.2314E+00  0.2599E+00  0.4493E-02  0.4465E+00  0.1817E-01  0.1050E+06  0.1050E+06  0.1050E+06  0.1707E-03  0.1235E-01  0.9084E-10  0.8860E+00  0.3647E-09  0.1168E-01 -0.2009E-01 -0.1351E-01 -0.3791E-01  0.3164E-02  0.4457E-01  0.2533E+00
    34  0.2310E+02  0.2075E-02  0.1409E-02  0.3006E-02  0.6192E-08  0.1921E-01  0.2317E+00  0.2602E+00  0.4957E-02  0.4468E+00  0.5233E-02  0.1050E+06  0.1050E+06  0.1050E+06  0.1311E-03  0.1231E-01  0.9072E-10  0.8603E+00  0.2237E-09  0.1168E-01 -0.1994E-01 -0.1402E-01 -0.3748E-01  0.5361E-02  0.4251E-01  0.2589E+00
    35  0.2380E+02  0.2061E-02  0.1408E-02  0.2980E-02  0.6126E-08  0.2248E-01  0.2322E+00  0.2625E+00 -0.4313E-02  0.4492E+00 -0.1820E-01  0.1049E+06  0.1049E+06  0.1049E+06  0.4585E-04  0.1219E-01  0.9047E-10  0.8020E+00  0.3635E-09  0.1161E-01 -0.2017E-01 -0.1354E-01 -0.3702E-01 -0.1481E-02  0.4620E-01  0.2631E+00
    36  0.2450E+02  0.2072E-02  0.1402E-02  0.2924E-02  0.5976E-08  0.2896E-01  0.2327E+00  0.2615E+00 -0.8659E-02  0.4618E+00 -0.7530E-02  0.1048E+06  0.1048E+06  0.1048E+06  0.4163E-03  0.1200E-01  0.9073E-10  0.8636E+00  0.5262E-10  0.1136E-01 -0.2027E-01 -0.1384E-01 -0.3922E-01  0.6958E-02  0.4487E-01  0.2775E+00
    37  0.2520E+02  0.2069E-02  0.1397E-02  0.2914E-02  0.5907E-08  0.3646E-01  0.2332E+00  0.2571E+00 -0.2756E-02  0.4643E+00 -0.8673E-02  0.1048E+06  0.1048E+06  0.1048E+06  0.1407E-03  0.1190E-01  0.9067E-10  0.8112E+00  0.6224E-10  0.1133E-01 -0.2020E-01 -0.1381E-01 -0.3345E-01  0.3112E-02  0.4176E-01  0.2813E+00
    38  0.2590E+02  0.2063E-02  0.1397E-02  0.2908E-02  0.5858E-08  0.4223E-01  0.2338E+00  0.2592E+00  0.1740E-01  0.4696E+00 -0.1670E-02  0.1047E+06  0.1047E+06  0.1047E+06  0.4352E-03  0.1181E-01  0.9095E-10  0.7912E+00 -0.6956E-10  0.1127E-01 -0.2047E-01 -0.1360E-01 -0.4129E-01  0.3665E-02  0.4570E-01  0.2896E+00
    39  0.2660E+02  0.2075E-02  0.1390E-02  0.2865E-02  0.5739E-08  0.4757E-01  0.2343E+00  0.2662E+00  0.2517E-01  0.4738E+00  0.1192E-01  0.1046E+06  0.1046E+06  0.1046E+06  0.4027E-03  0.1171E-01  0.9053E-10  0.8014E+00 -0.2025E-10  0.1116E-01 -0.2045E-01 -0.1402E-01 -0.3606E-01  0.4227E-02  0.4299E-01  0.3008E+00
    40  0.2730E+02  0.2061E-02  0.1386E-02  0.2855E-02  0.5672E-08  0.5138E-01  0.2349E+00  0.2702E+00 -0.4886E-02  0.4759E+00  0.1208E-01  0.1045E+06  0.1045E+06  0.1045E+06  0.3444E-03  0.1166E-01  0.9044E-10  0.7840E+00  0.2621E-09  0.1113E-01 -0.2047E-01 -0.1353E-01 -0.3584E-01  0.4959E-02  0.4427E-01  0.2985E+00
    41  0.2800E+02  0.2072E-02  0.1390E-02  0.2836E-02  0.5622E-08  0.5753E-01  0.2353E+00  0.2629E+00 -0.2212E-01  0.4682E+00  0.4479E-01  0.1044E+06  0.1044E+06  0.1044E+06  0.6370E-03  0.1166E-01  0.8928E-10  0.6730E+00  0.1291E-09  0.1121E-01 -0.2079E-01 -0.1391E-01 -0.4042E-01  0.2882E-02  0.4533E-01  0.3106E+00
    42  0.2870E+02  0.2069E-02  0.1381E-02  0.2808E-02  0.5520E-08  0.6183E-01  0.2356E+00  0.2584E+00  0.3310E-02  0.4627E+00  0.4453E-01  0.1043E+06  0.1043E+06  0.1043E+06  0.4370E-03  0.1172E-01  0.8826E-10  0.7629E+00  0.4294E-09  0.1123E-01 -0.2051E-01 -0.1381E-01 -0.3684E-01  0.2263E-02  0.4291E-01  0.3012E+00
    43  0.2940E+02  0.2063E-02  0.1375E-02  0.2784E-02  0.5437E-08  0.6872E-01  0.2359E+00  0.2646E+00  0.2865E-01  0.4559E+00  0.4505E-01  0.1042E+06  0.1042E+06  0.1042E+06  0.6065E-03  0.1179E-01  0.8718E-10  0.7888E+00  0.5416E-09  0.1127E-01 -0.2079E-01 -0.1360E-01 -0.3413E-01  0.7602E-02  0.3920E-01  0.3011E+00
    44  0.3010E+02  0.2075E-02  0.1377E-02  0.2770E-02  0.5397E-08  0.6996E-01  0.2361E+00  0.2715E+00  0.1755E-01  0.4465E+00  0.2649E-01  0.1041E+06  0.1041E+06  0.1041E+06  0.6767E-03  0.1184E-01  0.8606E-10  0.7528E+00  0.8301E-09  0.1136E-01 -0.2078E-01 -0.1398E-01 -0.4295E-01 -0.1922E-02  0.4784E-01  0.3043E+00
    45  0.3080E+02  0.2062E-02  0.1371E-02  0.2736E-02  0.5339E-08  0.7211E-01  0.2362E+00  0.2698E+00 -0.6178E-02  0.4498E+00  0.2000E-01  0.1040E+06  0.1040E+06  0.1040E+06  0.4996E-03  0.1179E-01  0.8584E-10  0.8062E+00  0.8944E-09  0.1125E-01 -0.2061E-01 -0.1362E-01 -0.3206E-01  0.7844E-02  0.3538E-01  0.2977E+00
    46  0.3150E+02  0.2071E-02  0.1368E-02  0.2719E-02  0.5292E-08  0.7528E-01  0.2361E+00  0.2653E+00 -0.1021E-01  0.4495E+00  0.1233E-01  0.1039E+06  0.1039E+06  0.1039E+06  0.7968E-03  0.1181E-01  0.8558E-10  0.8487E+00  0.9901E-09  0.1121E-01 -0.2086E-01 -0.1377E-01 -0.3762E-01  0.3602E-02  0.4335E-01  0.3042E+00
    47  0.3220E+02  0.2070E-02  0.1368E-02  0.2696E-02  0.5258E-08  0.7504E-01  0.2360E+00  0.2643E+00 -0.1559E-02  0.4511E+00  0.7344E-02  0.1038E+06  0.1038E+06  0.1038E+06  0.5765E-03  0.1176E-01  0.8539E-10  0.8609E+00  0.9843E-09  0.1114E-01 -0.2064E-01 -0.1392E-01 -0.4022E-01  0.1308E-02  0.5000E-01  0.3047E+00
    48  0.3290E+02  0.2063E-02  0.1363E-02  0.2689E-02  0.5227E-08  0.7860E-01  0.2358E+00  0.2621E+00 -0.8539E-03  0.4522E+00  0.3435E-02  0.1037E+06  0.1037E+06  0.1037E+06  0.6736E-03  0.1174E-01  0.8542E-10  0.8725E+00  0.9613E-09  0.1111E-01 -0.2068E-01 -0.1353E-01 -0.3212E-01  0.7777E-02  0.3934E-01  0.3005E+00
    49  0.3360E+02  0.2075E-02  0.1363E-02  0.2680E-02  0.5190E-08  0.8088E-01  0.2357E+00  0.2619E+00  0.1498E-01  0.4533E+00  0.4913E-02  0.1037E+06  0.1037E+06  0.1037E+06  0.8235E-03  0.1169E-01  0.8541E-10  0.8590E+00  0.9598E-09  0.1107E-01 -0.2065E-01 -0.1397E-01 -0.3879E-01  0.8221E-03  0.4533E-01  0.3078E+00
    50  0.3430E+02  0.2062E-02  0.1357E-02  0.2643E-02  0.5123E-08  0.7743E-01  0.2354E+00  0.2674E+00  0.1891E-01  0.4555E+00  0.1607E-01  0.1036E+06  0.1036E+06  0.1036E+06  0.5078E-03  0.1165E-01  0.8505E-10  0.9146E+00  0.7761E-09  0.1096E-01 -0.2060E-01 -0.1376E-01 -0.3411E-01  0.4690E-02  0.4204E-01  0.3056E+00
    51  0.3500E+02  0.2070E-02  0.1356E-02  0.2628E-02  0.5073E-08  0.7975E-01  0.2353E+00  0.2682E+00 -0.9506E-02  0.4553E+00  0.1623E-01  0.1036E+06  0.1036E+06  0.1036E+06  0.8168E-03  0.1162E-01  0.8482E-10  0.9074E+00  0.7061E-09  0.1093E-01 -0.2065E-01 -0.1361E-01 -0.3782E-01  0.5640E-02  0.4660E-01  0.3059E+00
    52  0.3570E+02  0.2070E-02  0.1347E-02  0.2601E-02  0.4967E-08  0.7834E-01  0.2351E+00  0.2603E+00 -0.1165E-01  0.4513E+00  0.2496E-01  0.1035E+06  0.1035E+06  0.1035E+06  0.6653E-03  0.1161E-01  0.8403E-10  0.9318E+00  0.6382E-09  0.1092E-01 -0.2055E-01 -0.1404E-01 -0.3414E-01  0.1992E-02  0.4229E-01  0.3096E+00
    53  0.3640E+02  0.2062E-02  0.1345E-02  0.2576E-02  0.4897E-08  0.7632E-01  0.2351E+00  0.2605E+00  0.1691E-01  0.4496E+00  0.2726E-01  0.1034E+06  0.1034E+06  0.1034E+06  0.5447E-03  0.1160E-01  0.8347E-10  0.9431E+00  0.4668E-09  0.1088E-01 -0.2057E-01 -0.1358E-01 -0.3724E-01  0.4625E-02  0.4322E-01  0.3047E+00
    54  0.3710E+02  0.2074E-02  0.1343E-02  0.2559E-02  0.4853E-08  0.7592E-01  0.2351E+00  0.2664E+00  0.1898E-01  0.4461E+00  0.1983E-01  0.1033E+06  0.1033E+06  0.1033E+06  0.8037E-03  0.1159E-01  0.8283E-10  0.9365E+00  0.3996E-09  0.1089E-01 -0.2067E-01 -0.1388E-01 -0.3624E-01  0.4490E-02  0.4538E-01  0.3112E+00
    55  0.3780E+02  0.2063E-02  0.1343E-02  0.2549E-02  0.4815E-08  0.7339E-01  0.2353E+00  0.2673E+00 -0.7304E-02  0.4429E+00  0.1397E-01  0.1033E+06  0.1033E+06  0.1033E+06  0.5031E-03  0.1156E-01  0.8234E-10  0.8840E+00  0.2552E-09  0.1091E-01 -0.2048E-01 -0.1385E-01 -0.3586E-01  0.2454E-02  0.4458E-01  0.3092E+00
    56  0.3850E+02  0.2069E-02  0.1344E-02  0.2569E-02  0.4786E-08  0.7145E-01  0.2355E+00  0.2614E+00 -0.9071E-02  0.4381E+00  0.3042E-02  0.1032E+06  0.1032E+06  0.1032E+06  0.6549E-03  0.1151E-01  0.8215E-10  0.6960E+00  0.8963E-10  0.1102E-01 -0.2078E-01 -0.1363E-01 -0.3479E-01  0.4770E-02  0.4213E-01  0.3152E+00
    57  0.3920E+02  0.2071E-02  0.1340E-02  0.2514E-02  0.4735E-08  0.6839E-01  0.2358E+00  0.2620E+00  0.9526E-02  0.4490E+00 -0.7481E-02  0.1031E+06  0.1031E+06  0.1031E+06  0.6503E-03  0.1144E-01  0.8220E-10  0.8973E+00  0.1701E-09  0.1078E-01 -0.2065E-01 -0.1401E-01 -0.3700E-01  0.4819E-02  0.4348E-01  0.3223E+00
    58  0.3990E+02  0.2062E-02  0.1343E-02  0.2520E-02  0.4737E-08  0.6501E-01  0.2362E+00  0.2665E+00  0.1275E-01  0.4528E+00  0.3473E-02  0.1031E+06  0.1031E+06  0.1031E+06  0.3947E-03  0.1135E-01  0.8256E-10  0.8281E+00 -0.9807E-10  0.1076E-01 -0.2076E-01 -0.1365E-01 -0.3809E-01  0.5797E-04  0.4917E-01  0.3261E+00
    59  0.4060E+02  0.2073E-02  0.1337E-02  0.2485E-02  0.4647E-08  0.6271E-01  0.2366E+00  0.2673E+00 -0.2155E-02  0.4573E+00 -0.7964E-02  0.1030E+06  0.1030E+06  0.1030E+06  0.6934E-03  0.1127E-01  0.8229E-10  0.8595E+00  0.1355E-09  0.1064E-01 -0.2094E-01 -0.1387E-01 -0.3275E-01  0.9169E-02  0.4044E-01  0.3384E+00
    60  0.4130E+02  0.2065E-02  0.1340E-02  0.2493E-02  0.4642E-08  0.5900E-01  0.2371E+00  0.2648E+00 -0.3767E-02  0.4601E+00 -0.2233E-02  0.1030E+06  0.1030E+06  0.1030E+06  0.3774E-03  0.1117E-01  0.8258E-10  0.7404E+00  0.3241E-09  0.1064E-01 -0.2073E-01 -0.1385E-01 -0.3931E-01 -0.2074E-03  0.4723E-01  0.3404E+00
    61  0.4200E+02  0.2067E-02  0.1329E-02  0.2456E-02  0.4536E-08  0.5399E-01  0.2375E+00  0.2659E+00 -0.7216E-03  0.4658E+00 -0.8375E-03  0.1029E+06  0.1029E+06  0.1029E+06  0.4547E-03  0.1110E-01  0.8237E-10  0.8365E+00  0.4035E-09  0.1051E-01 -0.2121E-01 -0.1372E-01 -0.3416E-01  0.4283E-02  0.4355E-01  0.3549E+00
    62  0.4270E+02  0.2071E-02  0.1327E-02  0.2464E-02  0.4512E-08  0.5099E-01  0.2379E+00  0.2664E+00  0.4639E-03  0.4678E+00  0.2005E-01  0.1028E+06  0.1028E+06  0.1028E+06  0.4817E-03  0.1109E-01  0.8259E-10  0.8305E+00  0.4195E-09  0.1052E-01 -0.2089E-01 -0.1390E-01 -0.3889E-01  0.7112E-02  0.4431E-01  0.3515E+00
    63  0.4340E+02  0.2063E-02  0.1333E-02  0.2454E-02  0.4522E-08  0.4592E-01  0.2383E+00  0.2660E+00 -0.5653E-03  0.4553E+00  0.3260E-01  0.1027E+06  0.1027E+06  0.1027E+06  0.2585E-03  0.1114E-01  0.8125E-10  0.7328E+00  0.5254E-09  0.1065E-01 -0.2112E-01 -0.1375E-01 -0.3269E-01  0.1488E-02  0.4339E-01  0.3525E+00
    64  0.4410E+02  0.2072E-02  0.1336E-02  0.2431E-02  0.4497E-08  0.4060E-01  0.2386E+00  0.2665E+00  0.3754E-02  0.4552E+00  0.2474E-01  0.1027E+06  0.1027E+06  0.1027E+06  0.4274E-03  0.1115E-01  0.8080E-10  0.7769E+00  0.5822E-09  0.1061E-01 -0.2121E-01 -0.1385E-01 -0.4031E-01  0.2837E-02  0.4768E-01  0.3561E+00
    65  0.4480E+02  0.2066E-02  0.1325E-02  0.2427E-02  0.4451E-08  0.3653E-01  0.2388E+00  0.2685E+00  0.9902E-02  0.4526E+00  0.3354E-01  0.1026E+06  0.1026E+06  0.1026E+06  0.1976E-03  0.1122E-01  0.8046E-10  0.8343E+00  0.6545E-09  0.1064E-01 -0.2104E-01 -0.1384E-01 -0.3322E-01  0.4196E-02  0.3950E-01  0.3481E+00
    66  0.4550E+02  0.2066E-02  0.1328E-02  0.2415E-02  0.4412E-08  0.3254E-01  0.2390E+00  0.2719E+00  0.4051E-03  0.4420E+00  0.3483E-01  0.1026E+06  0.1026E+06  0.1026E+06  0.2494E-03  0.1128E-01  0.7928E-10  0.7923E+00  0.6699E-09  0.1075E-01 -0.2130E-01 -0.1375E-01 -0.3733E-01  0.4059E-02  0.4336E-01  0.3497E+00
    67  0.4620E+02  0.2071E-02  0.1323E-02  0.2381E-02  0.4357E-08  0.2691E-01  0.2391E+00  0.2692E+00 -0.1065E-01  0.4437E+00  0.1427E-01  0.1025E+06  0.1025E+06  0.1025E+06  0.2350E-03  0.1125E-01  0.7890E-10  0.8468E+00  0.9146E-09  0.1065E-01 -0.2116E-01 -0.1389E-01 -0.3835E-01 -0.6072E-03  0.4700E-01  0.3508E+00
    68  0.4690E+02  0.2064E-02  0.1317E-02  0.2351E-02  0.4291E-08  0.2136E-01  0.2391E+00  0.2658E+00 -0.3962E-02  0.4438E+00  0.8585E-02  0.1025E+06  0.1025E+06  0.1025E+06  0.6774E-04  0.1123E-01  0.7838E-10  0.8973E+00  0.8323E-09  0.1058E-01 -0.2117E-01 -0.1376E-01 -0.3225E-01  0.4522E-02  0.4016E-01  0.3499E+00
    69  0.4760E+02  0.2070E-02  0.1318E-02  0.2346E-02  0.4270E-08  0.2033E-01  0.2390E+00  0.2661E+00  0.6914E-02  0.4443E+00  0.5424E-02  0.1025E+06  0.1025E+06  0.1025E+06  0.1971E-03  0.1120E-01  0.7835E-10  0.8864E+00  0.6551E-09  0.1056E-01 -0.2127E-01 -0.1378E-01 -0.3757E-01  0.4357E-02  0.4598E-01  0.3542E+00
    70  0.4830E+02  0.2068E-02  0.1315E-02  0.2335E-02  0.4234E-08  0.1353E-01  0.2389E+00  0.2691E+00  0.1189E-01  0.4456E+00  0.3587E-02  0.1023E+06  0.1023E+06  0.1023E+06  0.5614E-04  0.1115E-01  0.7830E-10  0.8668E+00  0.6952E-09  0.1052E-01 -0.2108E-01 -0.1391E-01 -0.3450E-01  0.1620E-02  0.4327E-01  0.3551E+00
    71  0.4900E+02  0.2065E-02  0.1312E-02  0.2335E-02  0.4193E-08  0.7363E-02  0.2388E+00  0.2716E+00  0.4551E-02  0.4431E+00  0.8101E-02  0.1023E+06  0.1023E+06  0.1023E+06 -0.6001E-04  0.1111E-01  0.7812E-10  0.8114E+00  0.7189E-09  0.1054E-01 -0.2120E-01 -0.1372E-01 -0.3454E-01  0.2970E-02  0.4288E-01  0.3568E+00
    72  0.4970E+02  0.2071E-02  0.1308E-02  0.2281E-02  0.4116E-08  0.2256E-02  0.2386E+00  0.2711E+00 -0.1028E-01  0.4500E+00  0.1699E-01  0.1022E+06  0.1022E+06  0.1022E+06  0.6047E-04  0.1104E-01  0.7780E-10  0.9303E+00  0.5490E-09  0.1034E-01 -0.2116E-01 -0.1384E-01 -0.3596E-01  0.4667E-02  0.4510E-01  0.3622E+00
    73  0.5040E+02  0.2065E-02  0.1307E-02  0.2264E-02  0.4086E-08 -0.2065E-02  0.2385E+00  0.2655E+00 -0.1399E-01  0.4467E+00  0.1824E-01  0.1021E+06  0.1021E+06  0.1021E+06 -0.1582E-03  0.1103E-01  0.7726E-10  0.9212E+00  0.5196E-09  0.1033E-01 -0.2101E-01 -0.1382E-01 -0.3251E-01  0.2483E-02  0.4288E-01  0.3585E+00
    74  0.5110E+02  0.2068E-02  0.1307E-02  0.2260E-02  0.4061E-08 -0.5852E-02  0.2383E+00  0.2642E+00  0.3116E-02  0.4448E+00  0.1557E-01  0.1021E+06  0.1021E+06  0.1021E+06 -0.1016E-03  0.1102E-01  0.7705E-10  0.8973E+00  0.5262E-09  0.1034E-01 -0.2120E-01 -0.1373E-01 -0.3852E-01  0.3302E-02  0.4706E-01  0.3623E+00
    75  0.5180E+02  0.2069E-02  0.1303E-02  0.2246E-02  0.4022E-08 -0.1045E-01  0.2383E+00  0.2678E+00  0.1315E-01  0.4414E+00  0.1740E-01  0.1020E+06  0.1020E+06  0.1020E+06 -0.1033E-03  0.1101E-01  0.7654E-10  0.8964E+00  0.5317E-09  0.1035E-01 -0.2105E-01 -0.1389E-01 -0.3072E-01  0.3965E-02  0.4174E-01  0.3609E+00
    76  0.5250E+02  0.2064E-02  0.1306E-02  0.2248E-02  0.4001E-08 -0.1390E-01  0.2383E+00  0.2708E+00  0.5604E-03  0.4371E+00  0.2277E-02  0.1019E+06  0.1019E+06  0.1019E+06 -0.2576E-03  0.1098E-01  0.7620E-10  0.8217E+00  0.4679E-09  0.1040E-01 -0.2105E-01 -0.1375E-01 -0.3643E-01  0.2615E-02  0.4621E-01  0.3609E+00
    77  0.5320E+02  0.2070E-02  0.1304E-02  0.2207E-02  0.3952E-08 -0.1857E-01  0.2383E+00  0.2695E+00 -0.9031E-02  0.4425E+00  0.8353E-02  0.1018E+06  0.1018E+06  0.1018E+06 -0.1752E-03  0.1089E-01  0.7593E-10  0.8834E+00  0.3043E-09  0.1025E-01 -0.2117E-01 -0.1381E-01 -0.3421E-01  0.5261E-02  0.4290E-01  0.3707E+00
    78  0.5390E+02  0.2066E-02  0.1301E-02  0.2186E-02  0.3897E-08 -0.2164E-01  0.2385E+00  0.2669E+00 -0.4686E-02  0.4458E+00  0.5700E-02  0.1017E+06  0.1017E+06  0.1017E+06 -0.2593E-03  0.1082E-01  0.7583E-10  0.8942E+00  0.3495E-09  0.1016E-01 -0.2100E-01 -0.1386E-01 -0.3550E-01  0.2827E-02  0.4416E-01  0.3723E+00
    79  0.5460E+02  0.2066E-02  0.1300E-02  0.2174E-02  0.3864E-08 -0.2465E-01  0.2387E+00  0.2676E+00  0.5860E-02  0.4469E+00  0.6428E-03  0.1017E+06  0.1017E+06  0.1017E+06 -0.3244E-03  0.1076E-01  0.7567E-10  0.8706E+00  0.3664E-09  0.1013E-01 -0.2125E-01 -0.1377E-01 -0.3159E-01  0.3225E-02  0.4132E-01  0.3820E+00
    80  0.5530E+02  0.2070E-02  0.1299E-02  0.2156E-02  0.3835E-08 -0.2578E-01  0.2390E+00  0.2714E+00  0.8787E-03  0.4509E+00 -0.4883E-02  0.1016E+06  0.1016E+06  0.1016E+06 -0.2228E-03  0.1071E-01  0.7564E-10  0.8897E+00  0.4329E-09  0.1005E-01 -0.2118E-01 -0.1381E-01 -0.3646E-01  0.3558E-02  0.4654E-01  0.3859E+00
    81  0.5600E+02  0.2065E-02  0.1298E-02  0.2152E-02  0.3820E-08 -0.2851E-01  0.2393E+00  0.2703E+00 -0.6328E-02  0.4554E+00 -0.2359E-02  0.1016E+06  0.1016E+06  0.1016E+06 -0.3717E-03  0.1066E-01  0.7588E-10  0.8817E+00  0.5351E-09  0.1000E-01 -0.2125E-01 -0.1381E-01 -0.3604E-01  0.2402E-02  0.4576E-01  0.3919E+00
    82  0.5670E+02  0.2068E-02  0.1294E-02  0.2153E-02  0.3807E-08 -0.3022E-01  0.2397E+00  0.2679E+00 -0.3724E-02  0.4573E+00  0.1445E-01  0.1015E+06  0.1015E+06  0.1015E+06 -0.2725E-03  0.1066E-01  0.7597E-10  0.8892E+00  0.4135E-09  0.9993E-02 -0.2138E-01 -0.1379E-01 -0.2923E-01  0.4457E-02  0.4070E-01  0.3956E+00
    83  0.5740E+02  0.2068E-02  0.1294E-02  0.2137E-02  0.3768E-08 -0.3181E-01  0.2400E+00  0.2707E+00  0.1112E-01  0.4550E+00  0.2080E-01  0.1015E+06  0.1015E+06  0.1015E+06 -0.3589E-03  0.1067E-01  0.7542E-10  0.9036E+00  0.4200E-09  0.9991E-02 -0.2125E-01 -0.1380E-01 -0.3808E-01  0.4998E-02  0.4625E-01  0.3929E+00
    84  0.5810E+02  0.2064E-02  0.1290E-02  0.2129E-02  0.3729E-08 -0.3248E-01  0.2404E+00  0.2755E+00  0.5432E-02  0.4515E+00  0.1037E-01  0.1014E+06  0.1014E+06  0.1014E+06 -0.3496E-03  0.1063E-01  0.7492E-10  0.8513E+00  0.4859E-09  0.1002E-01 -0.2158E-01 -0.1380E-01 -0.3337E-01 -0.1455E-02  0.4521E-01  0.4052E+00
    85  0.5880E+02  0.2070E-02  0.1288E-02  0.2130E-02  0.3701E-08 -0.3330E-01  0.2407E+00  0.2747E+00 -0.1957E-01  0.4543E+00  0.2717E-01  0.1013E+06  0.1013E+06  0.1013E+06 -0.3236E-03  0.1061E-01  0.7511E-10  0.8531E+00  0.2467E-09  0.1000E-01 -0.2137E-01 -0.1385E-01 -0.3487E-01  0.9358E-02  0.4248E-01  0.4030E+00
    86  0.5950E+02  0.2066E-02  0.1286E-02  0.2102E-02  0.3658E-08 -0.3140E-01  0.2409E+00  0.2685E+00 -0.1167E-01  0.4512E+00  0.2833E-01  0.1013E+06  0.1013E+06  0.1013E+06 -0.3879E-03  0.1060E-01  0.7430E-10  0.8664E+00  0.3432E-09  0.9976E-02 -0.2149E-01 -0.1369E-01 -0.3364E-01  0.1175E-02  0.4432E-01  0.4047E+00
    87  0.6020E+02  0.2066E-02  0.1287E-02  0.2106E-02  0.3642E-08 -0.3104E-01  0.2411E+00  0.2700E+00  0.1535E-01  0.4473E+00  0.1291E-01  0.1012E+06  0.1012E+06  0.1012E+06 -0.2588E-03  0.1060E-01  0.7402E-10  0.8166E+00  0.5082E-09  0.1003E-01 -0.2167E-01 -0.1387E-01 -0.3599E-01  0.5949E-03  0.4532E-01  0.4138E+00
    88  0.6090E+02  0.2070E-02  0.1279E-02  0.2075E-02  0.3567E-08 -0.3086E-01  0.2413E+00  0.2778E+00  0.1338E-01  0.4483E+00  0.2542E-01  0.1012E+06  0.1012E+06  0.1012E+06 -0.3847E-03  0.1057E-01  0.7350E-10  0.8696E+00  0.3811E-09  0.9954E-02 -0.2140E-01 -0.1379E-01 -0.3029E-01  0.6702E-02  0.4065E-01  0.4068E+00
    89  0.6160E+02  0.2064E-02  0.1281E-02  0.2059E-02  0.3546E-08 -0.3025E-01  0.2414E+00  0.2768E+00 -0.1379E-01  0.4442E+00  0.2168E-01  0.1011E+06  0.1011E+06  0.1011E+06 -0.3399E-03  0.1058E-01  0.7288E-10  0.8622E+00  0.4344E-09  0.9963E-02 -0.2169E-01 -0.1374E-01 -0.3650E-01  0.3580E-02  0.4506E-01  0.4139E+00
    90  0.6230E+02  0.2069E-02  0.1278E-02  0.2050E-02  0.3520E-08 -0.3166E-01  0.2414E+00  0.2714E+00 -0.9508E-02  0.4437E+00  0.1979E-01  0.1010E+06  0.1010E+06  0.1010E+06 -0.2588E-03  0.1059E-01  0.7269E-10  0.8765E+00  0.4865E-09  0.9947E-02 -0.2159E-01 -0.1383E-01 -0.3705E-01  0.9720E-03  0.4623E-01  0.4124E+00
    91  0.6300E+02  0.2067E-02  0.1273E-02  0.2046E-02  0.3489E-08 -0.2832E-01  0.2414E+00  0.2707E+00  0.2201E-02  0.4418E+00  0.1079E-01  0.1010E+06  0.1010E+06  0.1010E+06 -0.3791E-03  0.1059E-01  0.7246E-10  0.8760E+00  0.5393E-09  0.9957E-02 -0.2145E-01 -0.1378E-01 -0.2792E-01  0.5954E-02  0.3872E-01  0.4073E+00
    92  0.6370E+02  0.2064E-02  0.1275E-02  0.2034E-02  0.3477E-08 -0.2614E-01  0.2413E+00  0.2740E+00  0.6924E-02  0.4416E+00  0.4936E-02  0.1010E+06  0.1010E+06  0.1010E+06 -0.2954E-03  0.1057E-01  0.7226E-10  0.8879E+00  0.5415E-09  0.9927E-02 -0.2169E-01 -0.1373E-01 -0.3945E-01  0.3374E-02  0.4986E-01  0.4143E+00
    93  0.6440E+02  0.2070E-02  0.1273E-02  0.2016E-02  0.3451E-08 -0.2524E-01  0.2412E+00  0.2750E+00  0.3189E-02  0.4429E+00  0.1489E-01  0.1009E+06  0.1009E+06  0.1009E+06 -0.2177E-03  0.1053E-01  0.7204E-10  0.8951E+00  0.4112E-09  0.9865E-02 -0.2149E-01 -0.1382E-01 -0.3354E-01  0.3761E-02  0.4262E-01  0.4130E+00
    94  0.6510E+02  0.2064E-02  0.1270E-02  0.2002E-02  0.3406E-08 -0.2501E-01  0.2411E+00  0.2745E+00 -0.1284E-02  0.4432E+00  0.8274E-02  0.1008E+06  0.1008E+06  0.1008E+06 -0.3386E-03  0.1047E-01  0.7185E-10  0.8805E+00  0.4413E-09  0.9825E-02 -0.2147E-01 -0.1378E-01 -0.3061E-01  0.3792E-02  0.4097E-01  0.4158E+00
    95  0.6580E+02  0.2067E-02  0.1270E-02  0.1987E-02  0.3378E-08 -0.2183E-01  0.2409E+00  0.2745E+00 -0.1734E-02  0.4430E+00  0.9116E-02  0.1008E+06  0.1008E+06  0.1008E+06 -0.2344E-03  0.1043E-01  0.7159E-10  0.8827E+00  0.4302E-09  0.9785E-02 -0.2162E-01 -0.1375E-01 -0.3693E-01  0.5493E-02  0.4524E-01  0.4225E+00
    96  0.6650E+02  0.2069E-02  0.1269E-02  0.1980E-02  0.3371E-08 -0.1940E-01  0.2408E+00  0.2729E+00 -0.3567E-02  0.4446E+00  0.6126E-02  0.1007E+06  0.1007E+06  0.1007E+06 -0.1991E-03  0.1042E-01  0.7164E-10  0.8889E+00  0.6234E-09  0.9749E-02 -0.2137E-01 -0.1377E-01 -0.3490E-01  0.2655E-02  0.4602E-01  0.4171E+00
    97  0.6720E+02  0.2063E-02  0.1270E-02  0.1973E-02  0.3358E-08 -0.1884E-01  0.2407E+00  0.2723E+00 -0.5031E-03  0.4425E+00  0.2418E-01  0.1007E+06  0.1007E+06  0.1007E+06 -0.2777E-03  0.1042E-01  0.7132E-10  0.8888E+00  0.3518E-09  0.9755E-02 -0.2155E-01 -0.1381E-01 -0.3138E-01  0.3896E-02  0.4301E-01  0.4219E+00
    98  0.6790E+02  0.2070E-02  0.1269E-02  0.1944E-02  0.3317E-08 -0.1476E-01  0.2407E+00  0.2736E+00  0.6003E-02  0.4397E+00  0.1951E-01  0.1006E+06  0.1006E+06  0.1006E+06 -0.1645E-03  0.1040E-01  0.7057E-10  0.9023E+00  0.3133E-09  0.9712E-02 -0.2148E-01 -0.1371E-01 -0.3208E-01  0.6033E-02  0.4154E-01  0.4194E+00
    99  0.6860E+02  0.2065E-02  0.1270E-02  0.1933E-02  0.3299E-08 -0.1392E-01  0.2407E+00  0.2755E+00  0.1000E-02  0.4383E+00  0.1340E-01  0.1005E+06  0.1005E+06  0.1005E+06 -0.1668E-03  0.1039E-01  0.7026E-10  0.9022E+00  0.3605E-09  0.9700E-02 -0.2141E-01 -0.1381E-01 -0.3781E-01  0.2992E-02  0.4791E-01  0.4208E+00
   100  0.6930E+02  0.2065E-02  0.1268E-02  0.1926E-02  0.3280E-08 -0.1147E-01  0.2408E+00  0.2741E+00 -0.7404E-02  0.4379E+00  0.3083E-02  0.1005E+06  0.1005E+06  0.1005E+06 -0.1916E-03  0.1037E-01  0.7009E-10  0.8967E+00  0.4244E-09  0.9689E-02 -0.2162E-01 -0.1380E-01 -0.2939E-01  0.4013E-02  0.4195E-01  0.4283E+00
   101  0.7000E+02  0.2070E-02  0.1269E-02  0.1913E-02  0.3252E-08 -0.8358E-02  0.2410E+00  0.2725E+00 -0.2927E-02  0.4401E+00  0.1085E-02  0.1005E+06  0.1005E+06  0.1005E+06 -0.9808E-04  0.1030E-01  0.6998E-10  0.8795E+00  0.2715E-09  0.9633E-02 -0.2136E-01 -0.1369E-01 -0.3415E-01  0.4084E-02  0.4434E-01  0.4255E+00
   102  0.7070E+02  0.2062E-02  0.1267E-02  0.1894E-02  0.3216E-08 -0.5345E-02  0.2412E+00  0.2738E+00  0.5817E-02  0.4448E+00 -0.2310E-02  0.1003E+06  0.1003E+06  0.1003E+06 -0.1313E-03  0.1021E-01  0.6997E-10  0.8813E+00  0.3679E-09  0.9542E-02 -0.2165E-01 -0.1388E-01 -0.3495E-01  0.6503E-02  0.4432E-01  0.4450E+00
   103  0.7140E+02  0.2069E-02  0.1266E-02  0.1885E-02  0.3202E-08 -0.1395E-02  0.2414E+00  0.2759E+00  0.1614E-03  0.4484E+00 -0.4545E-02  0.1003E+06  0.1003E+06  0.1003E+06 -0.5270E-04  0.1016E-01  0.7006E-10  0.8845E+00  0.4781E-09  0.9487E-02 -0.2157E-01 -0.1372E-01 -0.3193E-01  0.1270E-02  0.4625E-01  0.4453E+00
   104  0.7210E+02  0.2067E-02  0.1266E-02  0.1874E-02  0.3183E-08  0.3487E-02  0.2417E+00  0.2742E+00 -0.1995E-02  0.4517E+00  0.1858E-02  0.1003E+06  0.1003E+06  0.1003E+06 -0.2928E-04  0.1011E-01  0.7005E-10  0.8838E+00  0.4757E-09  0.9431E-02 -0.2156E-01 -0.1376E-01 -0.3365E-01  0.8998E-02  0.4242E-01  0.4509E+00
   105  0.7280E+02  0.2064E-02  0.1266E-02  0.1874E-02  0.3175E-08  0.7639E-02  0.2420E+00  0.2740E+00  0.3043E-02  0.4518E+00  0.5482E-02  0.1002E+06  0.1002E+06  0.1002E+06 -0.3380E-05  0.1008E-01  0.7003E-10  0.8556E+00  0.6216E-09  0.9437E-02 -0.2182E-01 -0.1384E-01 -0.3349E-01  0.4736E-03  0.4633E-01  0.4632E+00
   106  0.7350E+02  0.2071E-02  0.1268E-02  0.1868E-02  0.3181E-08  0.1127E-01  0.2422E+00  0.2769E+00  0.8870E-02  0.4519E+00  0.8555E-02  0.1001E+06  0.1001E+06  0.1001E+06  0.6370E-04  0.1009E-01  0.6988E-10  0.8503E+00  0.6611E-09  0.9428E-02 -0.2155E-01 -0.1369E-01 -0.3332E-01  0.8012E-02  0.4412E-01  0.4527E+00
   107  0.7420E+02  0.2063E-02  0.1266E-02  0.1863E-02  0.3160E-08  0.1388E-01  0.2425E+00  0.2776E+00  0.1817E-02  0.4506E+00  0.1489E-01  0.9997E+05  0.9997E+05  0.9997E+05  0.4553E-04  0.1010E-01  0.6965E-10  0.8604E+00  0.6851E-09  0.9439E-02 -0.2188E-01 -0.1385E-01 -0.3394E-01  0.5258E-02  0.4421E-01  0.4652E+00
   108  0.7490E+02  0.2068E-02  0.1263E-02  0.1859E-02  0.3148E-08  0.1490E-01  0.2428E+00  0.2783E+00 -0.1119E-01  0.4501E+00  0.2508E-01  0.9992E+05  0.9992E+05  0.9992E+05  0.1146E-03  0.1012E-01  0.6946E-10  0.8704E+00  0.5662E-09  0.9439E-02 -0.2178E-01 -0.1374E-01 -0.3319E-01 -0.3595E-04  0.4729E-01  0.4591E+00
   109  0.7560E+02  0.2068E-02  0.1261E-02  0.1834E-02  0.3111E-08  0.1884E-01  0.2430E+00  0.2753E+00 -0.5234E-02  0.4475E+00  0.2591E-01  0.9982E+05  0.9982E+05  0.9982E+05  0.7738E-04  0.1015E-01  0.6875E-10  0.9348E+00  0.5485E-09  0.9409E-02 -0.2174E-01 -0.1377E-01 -0.3507E-01  0.1144E-01  0.4532E-01  0.4563E+00
   110  0.7630E+02  0.2062E-02  0.1259E-02  0.1834E-02  0.3089E-08  0.2314E-01  0.2431E+00  0.2753E+00  0.9083E-02  0.4436E+00  0.1898E-01  0.9973E+05  0.9973E+05  0.9973E+05  0.1462E-03  0.1016E-01  0.6843E-10  0.9123E+00  0.5554E-09  0.9452E-02 -0.2199E-01 -0.1377E-01 -0.3338E-01  0.1089E-02  0.4600E-01  0.4634E+00
   111  0.7700E+02  0.2071E-02  0.1260E-02  0.1831E-02  0.3084E-08  0.2677E-01  0.2432E+00  0.2785E+00  0.8868E-02  0.4416E+00  0.1248E-01  0.9969E+05  0.9969E+05  0.9969E+05  0.2210E-03  0.1015E-01  0.6821E-10  0.8710E+00  0.5958E-09  0.9469E-02 -0.2171E-01 -0.1375E-01 -0.2974E-01  0.4336E-02  0.4381E-01  0.4561E+00
   112  0.7770E+02  0.2064E-02  0.1260E-02  0.1822E-02  0.3076E-08  0.2824E-01  0.2433E+00  0.2794E+00 -0.5747E-02  0.4419E+00  0.2117E-01  0.9961E+05  0.9961E+05  0.9961E+05  0.1104E-03  0.1017E-01  0.6804E-10  0.9199E+00  0.4855E-09  0.9446E-02 -0.2194E-01 -0.1381E-01 -0.3722E-01  0.8604E-02  0.4715E-01  0.4625E+00
   113  0.7840E+02  0.2066E-02  0.1258E-02  0.1815E-02  0.3061E-08  0.3214E-01  0.2433E+00  0.2769E+00 -0.3701E-02  0.4402E+00  0.1514E-01  0.9956E+05  0.9956E+05  0.9956E+05  0.2956E-03  0.1016E-01  0.6777E-10  0.9138E+00  0.5344E-09  0.9444E-02 -0.2192E-01 -0.1375E-01 -0.3412E-01 -0.3395E-04  0.4601E-01  0.4614E+00
   114  0.7910E+02  0.2070E-02  0.1258E-02  0.1811E-02  0.3053E-08  0.3532E-01  0.2432E+00  0.2760E+00  0.2066E-03  0.4388E+00  0.4960E-02  0.9951E+05  0.9951E+05  0.9951E+05  0.2163E-03  0.1016E-01  0.6760E-10  0.9047E+00  0.4890E-09  0.9446E-02 -0.2167E-01 -0.1379E-01 -0.2851E-01  0.8368E-02  0.4115E-01  0.4545E+00
   115  0.7980E+02  0.2062E-02  0.1262E-02  0.1802E-02  0.3046E-08  0.3537E-01  0.2432E+00  0.2781E+00  0.6933E-02  0.4388E+00  0.1668E-01  0.9944E+05  0.9944E+05  0.9944E+05  0.1962E-03  0.1013E-01  0.6743E-10  0.8857E+00  0.2543E-09  0.9424E-02 -0.2202E-01 -0.1374E-01 -0.3897E-01  0.3948E-02  0.5053E-01  0.4669E+00
   116  0.8050E+02  0.2069E-02  0.1256E-02  0.1782E-02  0.2998E-08  0.3475E-01  0.2431E+00  0.2774E+00  0.5084E-02  0.4389E+00  0.9688E-02  0.9936E+05  0.9936E+05  0.9936E+05  0.3232E-03  0.1008E-01  0.6707E-10  0.9077E+00  0.2923E-09  0.9366E-02 -0.2177E-01 -0.1377E-01 -0.3072E-01  0.5437E-02  0.4256E-01  0.4638E+00
   117  0.8120E+02  0.2066E-02  0.1258E-02  0.1771E-02  0.2982E-08  0.3754E-01  0.2430E+00  0.2782E+00 -0.5902E-03  0.4404E+00  0.7278E-02  0.9932E+05  0.9932E+05  0.9932E+05  0.2009E-03  0.1003E-01  0.6701E-10  0.8952E+00  0.3158E-09  0.9319E-02 -0.2172E-01 -0.1378E-01 -0.3279E-01  0.5010E-02  0.4454E-01  0.4675E+00
   118  0.8190E+02  0.2064E-02  0.1257E-02  0.1754E-02  0.2957E-08  0.3899E-01  0.2429E+00  0.2767E+00 -0.4134E-02  0.4412E+00  0.1198E-01  0.9928E+05  0.9928E+05  0.9928E+05  0.3171E-03  0.9980E-02  0.6675E-10  0.9062E+00  0.1858E-09  0.9262E-02 -0.2198E-01 -0.1379E-01 -0.3306E-01  0.6175E-02  0.4568E-01  0.4794E+00
   119  0.8260E+02  0.2070E-02  0.1256E-02  0.1745E-02  0.2933E-08  0.4266E-01  0.2428E+00  0.2756E+00 -0.1055E-02  0.4416E+00  0.1372E-01  0.9922E+05  0.9922E+05  0.9922E+05  0.3482E-03  0.9952E-02  0.6663E-10  0.9040E+00  0.2270E-09  0.9234E-02 -0.2157E-01 -0.1372E-01 -0.3458E-01  0.4863E-02  0.4663E-01  0.4682E+00
   120  0.8330E+02  0.2063E-02  0.1259E-02  0.1751E-02  0.2925E-08  0.4173E-01  0.2427E+00  0.2749E+00  0.1725E-02  0.4353E+00  0.1540E-01  0.9913E+05  0.9913E+05  0.9913E+05  0.2388E-03  0.9918E-02  0.6627E-10  0.7764E+00  0.1667E-09  0.9315E-02 -0.2191E-01 -0.1386E-01 -0.3393E-01  0.3066E-02  0.4693E-01  0.4846E+00
   121  0.8400E+02  0.2067E-02  0.1252E-02  0.1728E-02  0.2875E-08  0.4315E-01  0.2427E+00  0.2751E+00  0.4406E-02  0.4372E+00  0.1367E-01  0.9903E+05  0.9903E+05  0.9903E+05  0.3622E-03  0.9903E-02  0.6598E-10  0.8793E+00  0.2468E-09  0.9231E-02 -0.2178E-01 -0.1370E-01 -0.3065E-01  0.8819E-02  0.4079E-01  0.4781E+00
   122  0.8470E+02  0.2068E-02  0.1250E-02  0.1717E-02  0.2847E-08  0.4327E-01  0.2427E+00  0.2775E+00  0.8468E-02  0.4371E+00  0.1164E-01  0.9898E+05  0.9898E+05  0.9898E+05  0.3300E-03  0.9871E-02  0.6575E-10  0.8777E+00  0.2278E-09  0.9202E-02 -0.2162E-01 -0.1376E-01 -0.3390E-01  0.1394E-02  0.4477E-01  0.4777E+00
   123  0.8540E+02  0.2063E-02  0.1251E-02  0.1709E-02  0.2830E-08  0.4272E-01  0.2428E+00  0.2788E+00 -0.3173E-02  0.4357E+00  0.5349E-02  0.9892E+05  0.9892E+05  0.9892E+05  0.2331E-03  0.9845E-02  0.6550E-10  0.8551E+00  0.3430E-09  0.9197E-02 -0.2202E-01 -0.1392E-01 -0.3593E-01  0.7914E-02  0.4486E-01  0.4965E+00
   124  0.8610E+02  0.2069E-02  0.1246E-02  0.1698E-02  0.2797E-08  0.4358E-01  0.2429E+00  0.2753E+00 -0.8534E-02  0.4376E+00  0.4832E-03  0.9884E+05  0.9884E+05  0.9884E+05  0.3906E-03  0.9801E-02  0.6542E-10  0.8631E+00  0.3766E-09  0.9151E-02 -0.2164E-01 -0.1360E-01 -0.2980E-01  0.4652E-02  0.4308E-01  0.4822E+00
   125  0.8680E+02  0.2064E-02  0.1244E-02  0.1688E-02  0.2773E-08  0.4181E-01  0.2430E+00  0.2740E+00  0.5704E-02  0.4406E+00 -0.4358E-02  0.9878E+05  0.9878E+05  0.9878E+05  0.2839E-03  0.9759E-02  0.6542E-10  0.8683E+00  0.3633E-09  0.9098E-02 -0.2187E-01 -0.1395E-01 -0.3198E-01  0.5272E-02  0.4196E-01  0.5014E+00
   126  0.8750E+02  0.2065E-02  0.1246E-02  0.1674E-02  0.2765E-08  0.4390E-01  0.2432E+00  0.2773E+00  0.8973E-02  0.4446E+00 -0.5983E-02  0.9872E+05  0.9872E+05  0.9872E+05  0.2643E-03  0.9704E-02  0.6543E-10  0.8775E+00  0.5435E-09  0.9021E-02 -0.2195E-01 -0.1374E-01 -0.3872E-01  0.4584E-02  0.4989E-01  0.5066E+00
   127  0.8820E+02  0.2069E-02  0.1246E-02  0.1666E-02  0.2765E-08  0.4163E-01  0.2434E+00  0.2784E+00  0.2006E-02  0.4492E+00 -0.4215E-02  0.9869E+05  0.9869E+05  0.9869E+05  0.4039E-03  0.9650E-02  0.6560E-10  0.8821E+00  0.6619E-09  0.8961E-02 -0.2174E-01 -0.1370E-01 -0.2724E-01  0.4907E-02  0.4214E-01  0.5047E+00
   128  0.8890E+02  0.2063E-02  0.1247E-02  0.1662E-02  0.2753E-08  0.4290E-01  0.2436E+00  0.2773E+00 -0.3547E-03  0.4513E+00  0.4255E-02  0.9859E+05  0.9859E+05  0.9859E+05  0.2188E-03  0.9634E-02  0.6561E-10  0.8944E+00  0.5902E-09  0.8932E-02 -0.2203E-01 -0.1398E-01 -0.3284E-01  0.9648E-02  0.4255E-01  0.5226E+00
   129  0.8960E+02  0.2068E-02  0.1249E-02  0.1647E-02  0.2750E-08  0.4176E-01  0.2438E+00  0.2775E+00 -0.1084E-02  0.4514E+00  0.1531E-01  0.9851E+05  0.9851E+05  0.9851E+05  0.3098E-03  0.9616E-02  0.6531E-10  0.9036E+00  0.6771E-09  0.8898E-02 -0.2194E-01 -0.1357E-01 -0.3694E-01 -0.2218E-02  0.5302E-01  0.5142E+00
   130  0.9030E+02  0.2066E-02  0.1247E-02  0.1645E-02  0.2741E-08  0.3742E-01  0.2441E+00  0.2773E+00 -0.8011E-03  0.4491E+00  0.2055E-01  0.9847E+05  0.9847E+05  0.9847E+05  0.3521E-03  0.9645E-02  0.6506E-10  0.9091E+00  0.7020E-09  0.8920E-02 -0.2196E-01 -0.1392E-01 -0.2933E-01  0.1033E-01  0.4213E-01  0.5195E+00
   131  0.9100E+02  0.2064E-02  0.1246E-02  0.1645E-02  0.2722E-08  0.3753E-01  0.2442E+00  0.2774E+00  0.2529E-02  0.4458E+00  0.2008E-01  0.9841E+05  0.9841E+05  0.9841E+05  0.1493E-03  0.9679E-02  0.6480E-10  0.9101E+00  0.6704E-09  0.8960E-02 -0.2208E-01 -0.1380E-01 -0.3333E-01  0.7635E-02  0.4456E-01  0.5179E+00
   132  0.9170E+02  0.2069E-02  0.1246E-02  0.1630E-02  0.2710E-08  0.3498E-01  0.2444E+00  0.2786E+00  0.2104E-02  0.4429E+00  0.2152E-01  0.9838E+05  0.9838E+05  0.9838E+05  0.3634E-03  0.9669E-02  0.6426E-10  0.9119E+00  0.7260E-09  0.8950E-02 -0.2198E-01 -0.1366E-01 -0.3354E-01 -0.2678E-02  0.4811E-01  0.5138E+00
   133  0.9240E+02  0.2064E-02  0.1246E-02  0.1624E-02  0.2699E-08  0.3278E-01  0.2446E+00  0.2786E+00  0.1944E-02  0.4406E+00  0.1974E-01  0.9829E+05  0.9829E+05  0.9829E+05  0.1905E-03  0.9699E-02  0.6393E-10  0.9352E+00  0.6571E-09  0.8959E-02 -0.2213E-01 -0.1405E-01 -0.3167E-01  0.1024E-01  0.4387E-01  0.5237E+00
   134  0.9310E+02  0.2066E-02  0.1243E-02  0.1626E-02  0.2683E-08  0.3104E-01  0.2447E+00  0.2787E+00 -0.1965E-02  0.4380E+00  0.1412E-01  0.9822E+05  0.9822E+05  0.9822E+05  0.1435E-03  0.9715E-02  0.6378E-10  0.9172E+00  0.6342E-09  0.8994E-02 -0.2202E-01 -0.1357E-01 -0.3196E-01  0.6040E-02  0.4454E-01  0.5091E+00
   135  0.9380E+02  0.2067E-02  0.1245E-02  0.1614E-02  0.2690E-08  0.2541E-01  0.2447E+00  0.2781E+00 -0.4330E-03  0.4380E+00  0.9583E-02  0.9818E+05  0.9818E+05  0.9818E+05  0.2965E-03  0.9721E-02  0.6351E-10  0.9446E+00  0.5916E-09  0.8961E-02 -0.2208E-01 -0.1386E-01 -0.3160E-01  0.4933E-03  0.4672E-01  0.5168E+00
   136  0.9450E+02  0.2064E-02  0.1246E-02  0.1610E-02  0.2686E-08  0.2093E-01  0.2447E+00  0.2792E+00  0.1099E-02  0.4396E+00  0.5158E-02  0.9815E+05  0.9815E+05  0.9815E+05  0.4745E-05  0.9708E-02  0.6355E-10  0.9461E+00  0.5495E-09  0.8936E-02 -0.2210E-01 -0.1392E-01 -0.3560E-01  0.5828E-02  0.4903E-01  0.5203E+00
   137  0.9520E+02  0.2068E-02  0.1244E-02  0.1608E-02  0.2676E-08  0.2164E-01  0.2447E+00  0.2779E+00 -0.3660E-03  0.4391E+00  0.1454E-02  0.9812E+05  0.9812E+05  0.9812E+05  0.1513E-03  0.9702E-02  0.6347E-10  0.9386E+00  0.5432E-09  0.8934E-02 -0.2203E-01 -0.1353E-01 -0.2680E-01  0.9683E-02  0.4052E-01  0.5098E+00
   138  0.9590E+02  0.2065E-02  0.1245E-02  0.1602E-02  0.2669E-08  0.1829E-01  0.2447E+00  0.2773E+00  0.2164E-02  0.4405E+00  0.2586E-03  0.9804E+05  0.9804E+05  0.9804E+05  0.1806E-03  0.9688E-02  0.6346E-10  0.9521E+00  0.4864E-09  0.8903E-02 -0.2213E-01 -0.1400E-01 -0.3534E-01 -0.1614E-02  0.5019E-01  0.5248E+00
   139  0.9660E+02  0.2065E-02  0.1244E-02  0.1588E-02  0.2658E-08  0.1219E-01  0.2446E+00  0.2792E+00  0.4255E-02  0.4421E+00  0.3554E-02  0.9800E+05  0.9800E+05  0.9800E+05 -0.9290E-04  0.9644E-02  0.6331E-10  0.9543E+00  0.4202E-09  0.8846E-02 -0.2204E-01 -0.1378E-01 -0.3075E-01  0.5833E-02  0.4576E-01  0.5215E+00
   140  0.9730E+02  0.2067E-02  0.1245E-02  0.1588E-02  0.2643E-08  0.1197E-01  0.2446E+00  0.2792E+00 -0.4649E-02  0.4416E+00  0.3883E-02  0.9791E+05  0.9791E+05  0.9791E+05  0.1238E-03  0.9621E-02  0.6325E-10  0.9374E+00  0.2966E-09  0.8848E-02 -0.2201E-01 -0.1360E-01 -0.3016E-01  0.1007E-01  0.4300E-01  0.5188E+00
   141  0.9800E+02  0.2065E-02  0.1243E-02  0.1578E-02  0.2619E-08  0.8691E-02  0.2444E+00  0.2781E+00 -0.3129E-02  0.4415E+00  0.9766E-02  0.9784E+05  0.9784E+05  0.9784E+05  0.3789E-04  0.9570E-02  0.6306E-10  0.9199E+00  0.1498E-09  0.8819E-02 -0.2209E-01 -0.1401E-01 -0.3331E-01 -0.1329E-02  0.4921E-01  0.5357E+00
   142  0.9870E+02  0.2066E-02  0.1241E-02  0.1564E-02  0.2591E-08  0.6769E-02  0.2444E+00  0.2771E+00  0.2092E-02  0.4424E+00  0.1221E-01  0.9779E+05  0.9779E+05  0.9779E+05 -0.1103E-03  0.9535E-02  0.6286E-10  0.9266E+00  0.1504E-09  0.8769E-02 -0.2193E-01 -0.1366E-01 -0.3297E-01  0.7011E-02  0.4576E-01  0.5263E+00
   143  0.9940E+02  0.2066E-02  0.1241E-02  0.1561E-02  0.2573E-08  0.5833E-02  0.2443E+00  0.2784E+00  0.7587E-02  0.4411E+00  0.1231E-01  0.9772E+05  0.9772E+05  0.9772E+05  0.8928E-04  0.9499E-02  0.6272E-10  0.9017E+00  0.1600E-09  0.8772E-02 -0.2208E-01 -0.1374E-01 -0.3020E-01  0.7166E-02  0.4352E-01  0.5364E+00
   144  0.1001E+03  0.2065E-02  0.1240E-02  0.1546E-02  0.2547E-08  0.3665E-02  0.2443E+00  0.2799E+00  0.7709E-03  0.4381E+00  0.1845E-01  0.9763E+05  0.9763E+05  0.9763E+05 -0.5605E-04  0.9478E-02  0.6220E-10  0.8961E+00  0.6130E-10  0.8759E-02 -0.2198E-01 -0.1394E-01 -0.3120E-01  0.1644E-02  0.4588E-01  0.5400E+00
   145  0.1008E+03  0.2066E-02  0.1242E-02  0.1542E-02  0.2536E-08  0.2263E-02  0.2443E+00  0.2798E+00 -0.8756E-02  0.4375E+00  0.1498E-01  0.9753E+05  0.9753E+05  0.9753E+05 -0.9257E-04  0.9457E-02  0.6209E-10  0.8872E+00  0.1424E-09  0.8754E-02 -0.2194E-01 -0.1361E-01 -0.3574E-01  0.5724E-02  0.4848E-01  0.5338E+00
   146  0.1015E+03  0.2066E-02  0.1240E-02  0.1536E-02  0.2522E-08  0.3191E-02  0.2443E+00  0.2762E+00 -0.6149E-02  0.4352E+00  0.9128E-02  0.9750E+05  0.9750E+05  0.9750E+05  0.7479E-04  0.9443E-02  0.6180E-10  0.8758E+00  0.2154E-09  0.8760E-02 -0.2213E-01 -0.1390E-01 -0.2675E-01  0.5681E-02  0.4036E-01  0.5480E+00
   147  0.1022E+03  0.2065E-02  0.1242E-02  0.1533E-02  0.2512E-08  0.7982E-03  0.2444E+00  0.2762E+00  0.7327E-02  0.4349E+00  0.3360E-02  0.9741E+05  0.9741E+05  0.9741E+05 -0.1445E-03  0.9421E-02  0.6172E-10  0.8608E+00  0.2319E-09  0.8757E-02 -0.2190E-01 -0.1379E-01 -0.3628E-01  0.3551E-02  0.4759E-01  0.5406E+00
   148  0.1029E+03  0.2067E-02  0.1241E-02  0.1521E-02  0.2502E-08  0.6824E-04  0.2445E+00  0.2801E+00  0.7855E-02  0.4375E+00 -0.2786E-02  0.9736E+05  0.9736E+05  0.9736E+05 -0.4126E-04  0.9380E-02  0.6166E-10  0.8691E+00  0.4100E-09  0.8699E-02 -0.2212E-01 -0.1369E-01 -0.2839E-01  0.6155E-02  0.4361E-01  0.5511E+00
   149  0.1036E+03  0.2065E-02  0.1242E-02  0.1518E-02  0.2500E-08  0.1235E-02  0.2446E+00  0.2793E+00 -0.4865E-02  0.4391E+00 -0.7807E-02  0.9732E+05  0.9732E+05  0.9732E+05  0.4333E-05  0.9359E-02  0.6169E-10  0.8668E+00  0.4328E-09  0.8678E-02 -0.2206E-01 -0.1392E-01 -0.3292E-01  0.3761E-02  0.4601E-01  0.5574E+00
   150  0.1043E+03  0.2065E-02  0.1239E-02  0.1518E-02  0.2487E-08 -0.1505E-02  0.2448E+00  0.2783E+00  0.3128E-02  0.4421E+00 -0.8878E-02  0.9729E+05  0.9729E+05  0.9729E+05 -0.1733E-03  0.9320E-02  0.6188E-10  0.8513E+00  0.6297E-09  0.8651E-02 -0.2203E-01 -0.1373E-01 -0.3339E-01  0.4694E-02  0.4526E-01  0.5573E+00
   151  0.1050E+03  0.2067E-02  0.1238E-02  0.1513E-02  0.2478E-08 -0.2108E-02  0.2450E+00  0.2812E+00  0.5441E-02  0.4452E+00 -0.7243E-02  0.9724E+05  0.9724E+05  0.9724E+05  0.2502E-06  0.9297E-02  0.6196E-10  0.8570E+00  0.5835E-09  0.8611E-02 -0.2223E-01 -0.1377E-01 -0.2766E-01  0.7012E-02  0.4404E-01  0.5687E+00
