 #NTuple/Z0                                                                      
 output from Ecalc9f version   2.09
  settings: 
    particle type:            2
    pzmin/pzmax:    0.0000000000000000      /   100.00000000000000     
    transverse cuts:    0.0000000000000000        0.0000000000000000     
    longitudinal cut:    0.0000000000000000     
    RF frequency (MHz):    1056.0000000000000     
    sigma cut:    4.0000000000000000     
    subtract out amplitude correlation
    wrnew9 =  F

regn #   Z           Bz          eperp       elong       e6D         Ldim        Pzavg       beta        alpha       betaL       alphaL      n0          n1          n2          Lcan(eVs)   sigmaE      sigmaT      corrE       corrT       sigmaE_c    xavg        yavg        Dx          Dy          Dr          Dr2
     1  0.0000E+00 -0.1084E-15  0.3651E-03  0.1926E-02  0.2686E-09  0.2880E+00  0.2029E+00  0.3920E-01  0.3260E-01  0.3831E+00 -0.2148E-02  0.2454E+05  0.2454E+05  0.2454E+05  0.7276E-03  0.9765E-02  0.7385E-10  0.2243E+01  0.2989E-08  0.9207E-02 -0.9608E-03 -0.9874E-03 -0.1019E-01 -0.1198E-02  0.8702E-02  0.1131E-02
     2  0.6000E+00 -0.9758E-15  0.3683E-03  0.1973E-02  0.2781E-09  0.2840E+00  0.2023E+00  0.2480E-01  0.1009E+00  0.3851E+00 -0.8294E-01  0.2453E+05  0.2453E+05  0.2453E+05  0.7426E-03  0.9772E-02  0.7529E-10  0.2032E+01  0.4730E-08  0.9307E-02 -0.1065E-02 -0.9862E-03 -0.8155E-02 -0.2630E-04  0.1141E-01  0.1255E-02
     3  0.1200E+01 -0.1409E-14  0.3752E-03  0.1979E-02  0.2961E-09  0.2768E+00  0.2028E+00  0.2969E-01 -0.4579E-01  0.4200E+00 -0.1528E+00  0.2443E+05  0.2443E+05  0.2443E+05  0.7072E-03  0.9458E-02  0.7919E-10  0.1880E+01  0.7933E-08  0.9015E-02 -0.1215E-02 -0.1072E-02 -0.5488E-02  0.4012E-03  0.5806E-02  0.1603E-02
     4  0.1800E+01  0.7589E-15  0.3671E-03  0.1973E-02  0.2856E-09  0.2804E+00  0.2032E+00  0.3086E-01  0.3113E-01  0.4636E+00 -0.1617E+00  0.2434E+05  0.2434E+05  0.2434E+05  0.7010E-03  0.9134E-02  0.8287E-10  0.2129E+01  0.8299E-08  0.8592E-02 -0.1069E-02 -0.1027E-02 -0.7001E-02 -0.3599E-03  0.1301E-01  0.1509E-02
     5  0.2400E+01  0.3253E-15  0.3652E-03  0.2004E-02  0.2889E-09  0.2798E+00  0.2036E+00  0.3019E-01  0.6456E-01  0.4991E+00 -0.1480E+00  0.2429E+05  0.2429E+05  0.2429E+05  0.7141E-03  0.8917E-02  0.8689E-10  0.2172E+01  0.1018E-07  0.8340E-02 -0.1044E-02 -0.9673E-03 -0.8439E-02  0.4758E-03  0.1264E-01  0.1460E-02
     6  0.3000E+01  0.1301E-14  0.3631E-03  0.2015E-02  0.2887E-09  0.2778E+00  0.2040E+00  0.2931E-01  0.2802E-01  0.5226E+00 -0.1022E+00  0.2420E+05  0.2420E+05  0.2420E+05  0.6993E-03  0.8772E-02  0.8905E-10  0.2270E+01  0.1055E-07  0.8138E-02 -0.1202E-02 -0.1057E-02 -0.8089E-02 -0.1116E-02  0.1179E-01  0.1875E-02
     7  0.3600E+01 -0.1301E-14  0.3593E-03  0.2008E-02  0.2847E-09  0.2786E+00  0.2045E+00  0.3030E-01  0.2546E-01  0.5300E+00 -0.3627E-01  0.2410E+05  0.2410E+05  0.2410E+05  0.6897E-03  0.8765E-02  0.8924E-10  0.2446E+01  0.1016E-07  0.8043E-02 -0.1165E-02 -0.1026E-02 -0.6560E-02  0.3027E-03  0.1241E-01  0.1785E-02
     8  0.4200E+01 -0.6505E-15  0.3572E-03  0.2001E-02  0.2794E-09  0.2765E+00  0.2048E+00  0.2988E-01  0.4691E-01  0.5178E+00  0.2704E-01  0.2401E+05  0.2401E+05  0.2401E+05  0.6807E-03  0.8908E-02  0.8780E-10  0.2576E+01  0.9553E-08  0.8130E-02 -0.1113E-02 -0.9960E-03 -0.7297E-02  0.3778E-03  0.1288E-01  0.1617E-02
     9  0.4800E+01  0.6505E-15  0.3548E-03  0.2003E-02  0.2735E-09  0.2765E+00  0.2052E+00  0.2951E-01  0.3206E-01  0.4937E+00  0.6569E-01  0.2392E+05  0.2392E+05  0.2392E+05  0.6830E-03  0.9136E-02  0.8568E-10  0.2631E+01  0.9426E-08  0.8355E-02 -0.1201E-02 -0.1049E-02 -0.8908E-02 -0.8041E-03  0.1261E-01  0.1745E-02
    10  0.5400E+01  0.8674E-15  0.3526E-03  0.1997E-02  0.2709E-09  0.2768E+00  0.2056E+00  0.2955E-01  0.3410E-01  0.4654E+00  0.8669E-01  0.2386E+05  0.2386E+05  0.2386E+05  0.6732E-03  0.9416E-02  0.8295E-10  0.2685E+01  0.8965E-08  0.8617E-02 -0.1191E-02 -0.1013E-02 -0.5910E-02  0.5039E-03  0.1114E-01  0.1582E-02
    11  0.6000E+01  0.1301E-14  0.3524E-03  0.1985E-02  0.2676E-09  0.2762E+00  0.2058E+00  0.2937E-01  0.4096E-01  0.4405E+00  0.7967E-01  0.2380E+05  0.2380E+05  0.2380E+05  0.6709E-03  0.9643E-02  0.8037E-10  0.2742E+01  0.8638E-08  0.8834E-02 -0.1198E-02 -0.1017E-02 -0.7248E-02 -0.1087E-02  0.1125E-01  0.1528E-02
    12  0.6600E+01 -0.4337E-15  0.3501E-03  0.1982E-02  0.2628E-09  0.2770E+00  0.2060E+00  0.2900E-01  0.4209E-01  0.4217E+00  0.5013E-01  0.2374E+05  0.2374E+05  0.2374E+05  0.6621E-03  0.9817E-02  0.7847E-10  0.2809E+01  0.8270E-08  0.9010E-02 -0.1193E-02 -0.1019E-02 -0.8236E-02  0.2336E-03  0.1079E-01  0.1468E-02
    13  0.7200E+01  0.4337E-15  0.3482E-03  0.1964E-02  0.2590E-09  0.2739E+00  0.2060E+00  0.2879E-01  0.3376E-01  0.4130E+00  0.1759E-01  0.2366E+05  0.2366E+05  0.2366E+05  0.6580E-03  0.9896E-02  0.7718E-10  0.2877E+01  0.7571E-08  0.9055E-02 -0.1177E-02 -0.1041E-02 -0.7387E-02  0.5758E-04  0.9783E-02  0.1448E-02
    14  0.7800E+01 -0.3253E-15  0.3467E-03  0.1964E-02  0.2574E-09  0.2755E+00  0.2060E+00  0.2882E-01  0.3216E-01  0.4140E+00 -0.1142E-01  0.2362E+05  0.2362E+05  0.2362E+05  0.6711E-03  0.9904E-02  0.7714E-10  0.2929E+01  0.6795E-08  0.9043E-02 -0.1224E-02 -0.1020E-02 -0.7188E-02 -0.2256E-03  0.9692E-02  0.1480E-02
    15  0.8400E+01 -0.1301E-14  0.3464E-03  0.1970E-02  0.2585E-09  0.2740E+00  0.2058E+00  0.2859E-01  0.2337E-01  0.4209E+00 -0.2941E-01  0.2360E+05  0.2360E+05  0.2360E+05  0.6433E-03  0.9869E-02  0.7787E-10  0.2954E+01  0.6511E-08  0.8979E-02 -0.1199E-02 -0.9954E-03 -0.6939E-02 -0.2467E-03  0.9694E-02  0.1426E-02
    16  0.9000E+01 -0.1084E-15  0.3438E-03  0.1967E-02  0.2534E-09  0.2745E+00  0.2056E+00  0.2880E-01  0.2220E-01  0.4287E+00 -0.3509E-01  0.2354E+05  0.2354E+05  0.2354E+05  0.6453E-03  0.9752E-02  0.7852E-10  0.2922E+01  0.5979E-08  0.8883E-02 -0.1153E-02 -0.1041E-02 -0.8029E-02 -0.3816E-03  0.9946E-02  0.1450E-02
    17  0.9600E+01  0.6505E-15  0.3404E-03  0.1957E-02  0.2484E-09  0.2738E+00  0.2052E+00  0.2909E-01  0.1279E-01  0.4374E+00 -0.2603E-01  0.2348E+05  0.2348E+05  0.2348E+05  0.6536E-03  0.9638E-02  0.7915E-10  0.2976E+01  0.5778E-08  0.8758E-02 -0.1177E-02 -0.1023E-02 -0.6615E-02  0.4432E-03  0.1011E-01  0.1491E-02
    18  0.1020E+02  0.0000E+00  0.3401E-03  0.1951E-02  0.2471E-09  0.2729E+00  0.2047E+00  0.2962E-01  0.3495E-01  0.4418E+00 -0.6514E-02  0.2344E+05  0.2344E+05  0.2344E+05  0.6351E-03  0.9569E-02  0.7952E-10  0.2936E+01  0.5460E-08  0.8686E-02 -0.1194E-02 -0.1004E-02 -0.6986E-02 -0.3408E-03  0.1010E-01  0.1509E-02
    19  0.1080E+02 -0.5421E-15  0.3376E-03  0.1948E-02  0.2415E-09  0.2744E+00  0.2042E+00  0.2841E-01  0.2980E-01  0.4388E+00  0.1514E-01  0.2339E+05  0.2339E+05  0.2339E+05  0.6282E-03  0.9543E-02  0.7927E-10  0.2894E+01  0.4964E-08  0.8693E-02 -0.1110E-02 -0.1018E-02 -0.7806E-02 -0.7640E-03  0.1039E-01  0.1414E-02
    20  0.1140E+02 -0.5421E-15  0.3367E-03  0.1940E-02  0.2395E-09  0.2742E+00  0.2038E+00  0.2943E-01 -0.6958E-02  0.4333E+00  0.2681E-01  0.2336E+05  0.2336E+05  0.2336E+05  0.6412E-03  0.9578E-02  0.7873E-10  0.2925E+01  0.4963E-08  0.8721E-02 -0.1111E-02 -0.1022E-02 -0.7438E-02  0.3557E-03  0.1032E-01  0.1407E-02
    21  0.1200E+02 -0.1735E-14  0.3340E-03  0.1944E-02  0.2335E-09  0.2725E+00  0.2035E+00  0.2965E-01  0.3588E-01  0.4230E+00  0.2735E-01  0.2331E+05  0.2331E+05  0.2331E+05  0.6261E-03  0.9595E-02  0.7791E-10  0.2823E+01  0.4457E-08  0.8825E-02 -0.1160E-02 -0.1021E-02 -0.7095E-02  0.2784E-04  0.1026E-01  0.1460E-02
    22  0.1260E+02 -0.5421E-15  0.3320E-03  0.1950E-02  0.2306E-09  0.2739E+00  0.2032E+00  0.2884E-01  0.2419E-01  0.4151E+00  0.1174E-01  0.2329E+05  0.2329E+05  0.2329E+05  0.6171E-03  0.9651E-02  0.7739E-10  0.2783E+01  0.4690E-08  0.8910E-02 -0.1092E-02 -0.1015E-02 -0.7792E-02 -0.3466E-03  0.1045E-01  0.1349E-02
    23  0.1320E+02  0.1626E-14  0.3296E-03  0.1949E-02  0.2260E-09  0.2752E+00  0.2031E+00  0.2960E-01  0.1073E-01  0.4142E+00 -0.1061E-01  0.2324E+05  0.2324E+05  0.2324E+05  0.6272E-03  0.9604E-02  0.7731E-10  0.2735E+01  0.4673E-08  0.8914E-02 -0.1055E-02 -0.1002E-02 -0.7506E-02 -0.4091E-03  0.1014E-01  0.1297E-02
    24  0.1380E+02 -0.1084E-14  0.3271E-03  0.1949E-02  0.2222E-09  0.2776E+00  0.2030E+00  0.2962E-01  0.3177E-01  0.4195E+00 -0.3686E-01  0.2320E+05  0.2320E+05  0.2320E+05  0.6291E-03  0.9528E-02  0.7780E-10  0.2692E+01  0.4616E-08  0.8862E-02 -0.1141E-02 -0.1012E-02 -0.7788E-02  0.3359E-03  0.1087E-01  0.1441E-02
    25  0.1440E+02  0.1626E-14  0.3257E-03  0.1945E-02  0.2204E-09  0.2741E+00  0.2031E+00  0.2940E-01  0.3118E-01  0.4308E+00 -0.5551E-01  0.2315E+05  0.2315E+05  0.2315E+05  0.6034E-03  0.9387E-02  0.7873E-10  0.2617E+01  0.4794E-08  0.8746E-02 -0.1126E-02 -0.1040E-02 -0.6593E-02  0.2325E-03  0.1021E-01  0.1495E-02
    26  0.1500E+02  0.5421E-15  0.3245E-03  0.1950E-02  0.2189E-09  0.2751E+00  0.2033E+00  0.2940E-01  0.3383E-01  0.4463E+00 -0.6045E-01  0.2312E+05  0.2312E+05  0.2312E+05  0.6213E-03  0.9245E-02  0.8020E-10  0.2602E+01  0.5039E-08  0.8612E-02 -0.1082E-02 -0.1007E-02 -0.7721E-02 -0.9494E-03  0.1062E-01  0.1442E-02
    27  0.1560E+02 -0.5421E-15  0.3240E-03  0.1955E-02  0.2189E-09  0.2766E+00  0.2036E+00  0.2949E-01  0.2666E-01  0.4597E+00 -0.5296E-01  0.2309E+05  0.2309E+05  0.2309E+05  0.6167E-03  0.9143E-02  0.8149E-10  0.2594E+01  0.5604E-08  0.8503E-02 -0.1122E-02 -0.9920E-03 -0.8424E-02 -0.9039E-04  0.1127E-01  0.1517E-02
    28  0.1620E+02 -0.6505E-15  0.3230E-03  0.1960E-02  0.2195E-09  0.2796E+00  0.2039E+00  0.2962E-01  0.3960E-01  0.4676E+00 -0.3472E-01  0.2306E+05  0.2306E+05  0.2306E+05  0.6202E-03  0.9100E-02  0.8222E-10  0.2605E+01  0.5939E-08  0.8443E-02 -0.1154E-02 -0.1045E-02 -0.6889E-02 -0.5236E-03  0.1103E-01  0.1648E-02
    29  0.1680E+02  0.1084E-15  0.3201E-03  0.1964E-02  0.2154E-09  0.2800E+00  0.2043E+00  0.2943E-01  0.3458E-01  0.4704E+00 -0.1117E-01  0.2298E+05  0.2298E+05  0.2298E+05  0.6177E-03  0.9068E-02  0.8252E-10  0.2592E+01  0.6553E-08  0.8431E-02 -0.1145E-02 -0.1022E-02 -0.7531E-02  0.4258E-03  0.1057E-01  0.1614E-02
    30  0.1740E+02  0.1084E-15  0.3180E-03  0.1968E-02  0.2118E-09  0.2777E+00  0.2046E+00  0.2939E-01  0.2888E-01  0.4658E+00  0.8134E-02  0.2292E+05  0.2292E+05  0.2292E+05  0.6097E-03  0.9109E-02  0.8212E-10  0.2592E+01  0.6530E-08  0.8491E-02 -0.1142E-02 -0.1014E-02 -0.7941E-02 -0.1366E-03  0.1059E-01  0.1589E-02
    31  0.1800E+02 -0.2168E-15  0.3147E-03  0.1972E-02  0.2075E-09  0.2799E+00  0.2049E+00  0.2977E-01  0.2963E-01  0.4573E+00  0.1796E-01  0.2284E+05  0.2284E+05  0.2284E+05  0.6099E-03  0.9192E-02  0.8133E-10  0.2636E+01  0.6449E-08  0.8587E-02 -0.1180E-02 -0.1021E-02 -0.7500E-02 -0.5581E-03  0.1070E-01  0.1631E-02
    32  0.1860E+02  0.1626E-14  0.3138E-03  0.1969E-02  0.2062E-09  0.2788E+00  0.2051E+00  0.2948E-01  0.4376E-01  0.4488E+00  0.1581E-01  0.2279E+05  0.2279E+05  0.2279E+05  0.5978E-03  0.9282E-02  0.8044E-10  0.2666E+01  0.6368E-08  0.8669E-02 -0.1181E-02 -0.1014E-02 -0.7433E-02  0.1249E-03  0.9881E-02  0.1590E-02
    33  0.1920E+02 -0.1409E-14  0.3135E-03  0.1960E-02  0.2048E-09  0.2779E+00  0.2053E+00  0.2908E-01  0.3191E-01  0.4414E+00  0.9465E-02  0.2273E+05  0.2273E+05  0.2273E+05  0.5985E-03  0.9347E-02  0.7958E-10  0.2687E+01  0.6366E-08  0.8725E-02 -0.1170E-02 -0.1033E-02 -0.7366E-02 -0.7315E-03  0.9767E-02  0.1576E-02
    34  0.1980E+02  0.9758E-15  0.3124E-03  0.1958E-02  0.2028E-09  0.2787E+00  0.2053E+00  0.2932E-01  0.2722E-01  0.4375E+00 -0.4061E-02  0.2269E+05  0.2269E+05  0.2269E+05  0.6019E-03  0.9372E-02  0.7921E-10  0.2660E+01  0.6694E-08  0.8761E-02 -0.1187E-02 -0.1010E-02 -0.8224E-02  0.2632E-03  0.9523E-02  0.1565E-02
    35  0.2040E+02  0.4337E-15  0.3103E-03  0.1951E-02  0.1993E-09  0.2762E+00  0.2053E+00  0.2930E-01  0.2276E-01  0.4386E+00 -0.1141E-01  0.2263E+05  0.2263E+05  0.2263E+05  0.5846E-03  0.9318E-02  0.7921E-10  0.2612E+01  0.7027E-08  0.8734E-02 -0.1172E-02 -0.1028E-02 -0.7419E-02  0.4786E-04  0.9354E-02  0.1579E-02
    36  0.2100E+02 -0.1409E-14  0.3077E-03  0.1947E-02  0.1962E-09  0.2786E+00  0.2052E+00  0.2927E-01  0.2890E-01  0.4392E+00 -0.1200E-01  0.2258E+05  0.2258E+05  0.2258E+05  0.6001E-03  0.9324E-02  0.7920E-10  0.2693E+01  0.7113E-08  0.8716E-02 -0.1193E-02 -0.1018E-02 -0.7134E-02 -0.9591E-03  0.9676E-02  0.1597E-02
    37  0.2160E+02 -0.2168E-15  0.3063E-03  0.1940E-02  0.1941E-09  0.2781E+00  0.2050E+00  0.2935E-01  0.1793E-01  0.4408E+00 -0.9598E-02  0.2254E+05  0.2254E+05  0.2254E+05  0.5708E-03  0.9311E-02  0.7932E-10  0.2754E+01  0.7452E-08  0.8680E-02 -0.1179E-02 -0.1006E-02 -0.7919E-02  0.4998E-03  0.9413E-02  0.1562E-02
    38  0.2220E+02  0.1193E-14  0.3042E-03  0.1931E-02  0.1912E-09  0.2773E+00  0.2047E+00  0.2945E-01  0.3283E-01  0.4419E+00  0.6056E-03  0.2249E+05  0.2249E+05  0.2249E+05  0.5824E-03  0.9293E-02  0.7926E-10  0.2834E+01  0.7199E-08  0.8640E-02 -0.1137E-02 -0.1051E-02 -0.7102E-02 -0.5079E-03  0.9901E-02  0.1564E-02
    39  0.2280E+02 -0.1193E-14  0.3040E-03  0.1918E-02  0.1895E-09  0.2793E+00  0.2044E+00  0.2930E-01  0.2832E-01  0.4393E+00  0.1223E-01  0.2245E+05  0.2245E+05  0.2245E+05  0.5925E-03  0.9310E-02  0.7879E-10  0.2866E+01  0.6718E-08  0.8626E-02 -0.1171E-02 -0.9901E-03 -0.8339E-02  0.6263E-04  0.1006E-01  0.1530E-02
    40  0.2340E+02 -0.5421E-15  0.3026E-03  0.1909E-02  0.1877E-09  0.2765E+00  0.2040E+00  0.2915E-01  0.2478E-01  0.4347E+00  0.1916E-01  0.2240E+05  0.2240E+05  0.2240E+05  0.5610E-03  0.9340E-02  0.7829E-10  0.2919E+01  0.6641E-08  0.8642E-02 -0.1135E-02 -0.1012E-02 -0.6744E-02 -0.5114E-03  0.9378E-02  0.1484E-02
    41  0.2400E+02 -0.8674E-15  0.3005E-03  0.1908E-02  0.1845E-09  0.2810E+00  0.2037E+00  0.2920E-01  0.1925E-01  0.4270E+00  0.2296E-01  0.2237E+05  0.2237E+05  0.2237E+05  0.5864E-03  0.9415E-02  0.7756E-10  0.2981E+01  0.6015E-08  0.8708E-02 -0.1129E-02 -0.1044E-02 -0.7888E-02 -0.4513E-03  0.9961E-02  0.1496E-02
    42  0.2460E+02  0.5421E-15  0.2986E-03  0.1903E-02  0.1808E-09  0.2788E+00  0.2035E+00  0.2960E-01  0.1783E-01  0.4218E+00  0.1462E-01  0.2232E+05  0.2232E+05  0.2232E+05  0.5709E-03  0.9429E-02  0.7702E-10  0.2967E+01  0.5590E-08  0.8743E-02 -0.1129E-02 -0.9916E-03 -0.8190E-02 -0.1752E-03  0.9963E-02  0.1427E-02
    43  0.2520E+02 -0.5421E-15  0.2970E-03  0.1896E-02  0.1790E-09  0.2802E+00  0.2033E+00  0.2956E-01  0.3283E-01  0.4201E+00  0.1069E-02  0.2228E+05  0.2228E+05  0.2228E+05  0.5649E-03  0.9425E-02  0.7672E-10  0.2983E+01  0.5063E-08  0.8738E-02 -0.1102E-02 -0.1016E-02 -0.7144E-02  0.1140E-03  0.1021E-01  0.1418E-02
    44  0.2580E+02  0.0000E+00  0.2961E-03  0.1896E-02  0.1769E-09  0.2777E+00  0.2032E+00  0.2932E-01  0.2950E-01  0.4212E+00 -0.1192E-01  0.2225E+05  0.2225E+05  0.2225E+05  0.5672E-03  0.9372E-02  0.7678E-10  0.2888E+01  0.4448E-08  0.8722E-02 -0.1127E-02 -0.1047E-02 -0.7038E-02 -0.5200E-03  0.9737E-02  0.1502E-02
    45  0.2640E+02 -0.1084E-14  0.2963E-03  0.1893E-02  0.1768E-09  0.2795E+00  0.2032E+00  0.2946E-01  0.2721E-01  0.4262E+00 -0.2431E-01  0.2221E+05  0.2221E+05  0.2221E+05  0.5724E-03  0.9330E-02  0.7720E-10  0.2887E+01  0.4767E-08  0.8667E-02 -0.1123E-02 -0.9893E-03 -0.8543E-02 -0.1991E-03  0.1020E-01  0.1442E-02
    46  0.2700E+02  0.4337E-15  0.2945E-03  0.1895E-02  0.1751E-09  0.2802E+00  0.2033E+00  0.2930E-01  0.2826E-01  0.4334E+00 -0.3277E-01  0.2218E+05  0.2218E+05  0.2218E+05  0.5566E-03  0.9246E-02  0.7785E-10  0.2865E+01  0.4395E-08  0.8603E-02 -0.1085E-02 -0.1003E-02 -0.7228E-02 -0.6142E-04  0.1033E-01  0.1432E-02
    47  0.2760E+02  0.4337E-15  0.2932E-03  0.1895E-02  0.1732E-09  0.2802E+00  0.2034E+00  0.2974E-01  0.3886E-01  0.4409E+00 -0.3213E-01  0.2214E+05  0.2214E+05  0.2214E+05  0.5732E-03  0.9143E-02  0.7849E-10  0.2781E+01  0.4732E-08  0.8533E-02 -0.1139E-02 -0.1050E-02 -0.7547E-02 -0.1827E-03  0.1020E-01  0.1600E-02
    48  0.2820E+02  0.2168E-15  0.2924E-03  0.1893E-02  0.1714E-09  0.2777E+00  0.2036E+00  0.2926E-01  0.3350E-01  0.4472E+00 -0.2364E-01  0.2210E+05  0.2210E+05  0.2210E+05  0.5526E-03  0.9071E-02  0.7895E-10  0.2726E+01  0.4469E-08  0.8474E-02 -0.1141E-02 -0.1007E-02 -0.7833E-02  0.1149E-03  0.9863E-02  0.1571E-02
    49  0.2880E+02  0.1409E-14  0.2896E-03  0.1893E-02  0.1680E-09  0.2772E+00  0.2038E+00  0.2942E-01  0.2984E-01  0.4505E+00 -0.1499E-01  0.2205E+05  0.2205E+05  0.2205E+05  0.5499E-03  0.9019E-02  0.7919E-10  0.2706E+01  0.4692E-08  0.8447E-02 -0.1108E-02 -0.1004E-02 -0.7430E-02 -0.6570E-03  0.9908E-02  0.1536E-02
    50  0.2940E+02 -0.1735E-14  0.2885E-03  0.1895E-02  0.1663E-09  0.2790E+00  0.2041E+00  0.2975E-01  0.2802E-01  0.4505E+00 -0.4648E-02  0.2201E+05  0.2201E+05  0.2201E+05  0.5532E-03  0.9018E-02  0.7919E-10  0.2690E+01  0.4997E-08  0.8459E-02 -0.1158E-02 -0.1030E-02 -0.8404E-02  0.1179E-03  0.1024E-01  0.1652E-02
    51  0.3000E+02  0.6505E-15  0.2870E-03  0.1903E-02  0.1655E-09  0.2794E+00  0.2043E+00  0.2962E-01  0.3546E-01  0.4489E+00 -0.9889E-03  0.2199E+05  0.2199E+05  0.2199E+05  0.5536E-03  0.9034E-02  0.7919E-10  0.2644E+01  0.5534E-08  0.8499E-02 -0.1160E-02 -0.1024E-02 -0.7009E-02  0.3175E-03  0.9641E-02  0.1641E-02
    52  0.3060E+02  0.1301E-14  0.2863E-03  0.1908E-02  0.1643E-09  0.2771E+00  0.2046E+00  0.2948E-01  0.3089E-01  0.4463E+00 -0.1258E-02  0.2196E+05  0.2196E+05  0.2196E+05  0.5442E-03  0.9063E-02  0.7907E-10  0.2621E+01  0.6230E-08  0.8540E-02 -0.1165E-02 -0.1012E-02 -0.8146E-02 -0.8313E-03  0.1002E-01  0.1627E-02
    53  0.3120E+02 -0.9758E-15  0.2838E-03  0.1915E-02  0.1622E-09  0.2798E+00  0.2047E+00  0.2957E-01  0.3081E-01  0.4442E+00 -0.3078E-02  0.2192E+05  0.2192E+05  0.2192E+05  0.5416E-03  0.9092E-02  0.7897E-10  0.2635E+01  0.6168E-08  0.8582E-02 -0.1162E-02 -0.1011E-02 -0.7409E-02 -0.7526E-04  0.9419E-02  0.1609E-02
    54  0.3180E+02 -0.9758E-15  0.2813E-03  0.1905E-02  0.1583E-09  0.2783E+00  0.2048E+00  0.2966E-01  0.3602E-01  0.4446E+00 -0.2331E-02  0.2186E+05  0.2186E+05  0.2186E+05  0.5378E-03  0.9065E-02  0.7876E-10  0.2663E+01  0.6175E-08  0.8559E-02 -0.1178E-02 -0.1038E-02 -0.7595E-02 -0.4860E-03  0.9441E-02  0.1678E-02
    55  0.3240E+02 -0.1518E-14  0.2801E-03  0.1906E-02  0.1573E-09  0.2791E+00  0.2049E+00  0.2937E-01  0.3302E-01  0.4444E+00 -0.2070E-02  0.2183E+05  0.2183E+05  0.2183E+05  0.5380E-03  0.9079E-02  0.7878E-10  0.2702E+01  0.6376E-08  0.8564E-02 -0.1173E-02 -0.1005E-02 -0.7786E-02 -0.4261E-04  0.9061E-02  0.1620E-02
    56  0.3300E+02  0.1193E-14  0.2799E-03  0.1905E-02  0.1574E-09  0.2776E+00  0.2048E+00  0.2927E-01  0.3330E-01  0.4428E+00  0.2637E-03  0.2180E+05  0.2180E+05  0.2180E+05  0.5262E-03  0.9122E-02  0.7864E-10  0.2753E+01  0.6608E-08  0.8576E-02 -0.1168E-02 -0.1017E-02 -0.7410E-02 -0.1439E-03  0.8782E-02  0.1612E-02
    57  0.3360E+02  0.1518E-14  0.2782E-03  0.1899E-02  0.1552E-09  0.2783E+00  0.2047E+00  0.2947E-01  0.1658E-01  0.4416E+00  0.2070E-02  0.2176E+05  0.2176E+05  0.2176E+05  0.5325E-03  0.9135E-02  0.7851E-10  0.2838E+01  0.7210E-08  0.8572E-02 -0.1172E-02 -0.1040E-02 -0.8077E-02 -0.1130E-03  0.9383E-02  0.1646E-02
    58  0.3420E+02 -0.1518E-14  0.2772E-03  0.1893E-02  0.1538E-09  0.2773E+00  0.2046E+00  0.2959E-01  0.3256E-01  0.4381E+00  0.5489E-02  0.2172E+05  0.2172E+05  0.2172E+05  0.5311E-03  0.9157E-02  0.7808E-10  0.2848E+01  0.6870E-08  0.8586E-02 -0.1153E-02 -0.1002E-02 -0.7579E-02 -0.1014E-03  0.9242E-02  0.1557E-02
    59  0.3480E+02  0.1301E-14  0.2743E-03  0.1882E-02  0.1499E-09  0.2801E+00  0.2043E+00  0.2920E-01  0.2926E-01  0.4344E+00  0.9500E-02  0.2166E+05  0.2166E+05  0.2166E+05  0.5268E-03  0.9170E-02  0.7757E-10  0.2929E+01  0.6768E-08  0.8591E-02 -0.1160E-02 -0.1009E-02 -0.7445E-02 -0.3040E-03  0.9144E-02  0.1569E-02
    60  0.3540E+02  0.1518E-14  0.2739E-03  0.1881E-02  0.1493E-09  0.2790E+00  0.2041E+00  0.2940E-01  0.2263E-01  0.4312E+00  0.1128E-01  0.2164E+05  0.2164E+05  0.2164E+05  0.5186E-03  0.9200E-02  0.7724E-10  0.2946E+01  0.6065E-08  0.8613E-02 -0.1161E-02 -0.1034E-02 -0.7314E-02 -0.4464E-03  0.8804E-02  0.1588E-02
    61  0.3600E+02  0.7589E-15  0.2724E-03  0.1878E-02  0.1472E-09  0.2775E+00  0.2039E+00  0.2930E-01  0.2394E-01  0.4266E+00  0.9427E-02  0.2161E+05  0.2161E+05  0.2161E+05  0.5172E-03  0.9235E-02  0.7680E-10  0.2992E+01  0.5625E-08  0.8647E-02 -0.1122E-02 -0.1007E-02 -0.8073E-02  0.1230E-03  0.9321E-02  0.1486E-02
    62  0.3660E+02  0.8674E-15  0.2740E-03  0.1882E-02  0.1497E-09  0.2764E+00  0.2037E+00  0.2956E-01  0.2530E-01  0.4254E+00  0.3524E-02  0.2161E+05  0.2161E+05  0.2161E+05  0.5182E-03  0.9276E-02  0.7682E-10  0.3002E+01  0.5419E-08  0.8662E-02 -0.1122E-02 -0.1026E-02 -0.7289E-02 -0.5646E-03  0.9413E-02  0.1496E-02
    63  0.3720E+02  0.1409E-14  0.2721E-03  0.1875E-02  0.1466E-09  0.2784E+00  0.2035E+00  0.2939E-01  0.3381E-01  0.4251E+00 -0.3736E-02  0.2156E+05  0.2156E+05  0.2156E+05  0.5233E-03  0.9223E-02  0.7668E-10  0.2954E+01  0.5010E-08  0.8643E-02 -0.1142E-02 -0.1012E-02 -0.7891E-02  0.1526E-03  0.9370E-02  0.1521E-02
    64  0.3780E+02 -0.1084E-14  0.2720E-03  0.1873E-02  0.1463E-09  0.2764E+00  0.2033E+00  0.2911E-01  0.2079E-01  0.4276E+00 -0.1204E-01  0.2154E+05  0.2154E+05  0.2154E+05  0.5073E-03  0.9189E-02  0.7687E-10  0.2914E+01  0.4828E-08  0.8609E-02 -0.1112E-02 -0.1013E-02 -0.7442E-02 -0.6183E-03  0.9094E-02  0.1489E-02
    65  0.3840E+02  0.7589E-15  0.2706E-03  0.1866E-02  0.1441E-09  0.2810E+00  0.2033E+00  0.2969E-01  0.2042E-01  0.4311E+00 -0.1515E-01  0.2150E+05  0.2150E+05  0.2150E+05  0.5262E-03  0.9105E-02  0.7703E-10  0.2847E+01  0.4687E-08  0.8556E-02 -0.1115E-02 -0.1022E-02 -0.7548E-02  0.4423E-04  0.9684E-02  0.1532E-02
    66  0.3900E+02  0.1084E-14  0.2680E-03  0.1856E-02  0.1396E-09  0.2782E+00  0.2033E+00  0.2980E-01  0.3202E-01  0.4342E+00 -0.1462E-01  0.2145E+05  0.2145E+05  0.2145E+05  0.5101E-03  0.9020E-02  0.7707E-10  0.2807E+01  0.4195E-08  0.8503E-02 -0.1138E-02 -0.1008E-02 -0.8177E-02 -0.6518E-04  0.9918E-02  0.1578E-02
    67  0.3960E+02  0.9758E-15  0.2680E-03  0.1856E-02  0.1400E-09  0.2805E+00  0.2033E+00  0.2946E-01  0.3377E-01  0.4388E+00 -0.1241E-01  0.2142E+05  0.2142E+05  0.2142E+05  0.5110E-03  0.8974E-02  0.7747E-10  0.2775E+01  0.4395E-08  0.8459E-02 -0.1111E-02 -0.1018E-02 -0.7691E-02 -0.6751E-03  0.9682E-02  0.1564E-02
    68  0.4020E+02 -0.1084E-14  0.2679E-03  0.1856E-02  0.1400E-09  0.2786E+00  0.2035E+00  0.2960E-01  0.2882E-01  0.4404E+00 -0.5165E-02  0.2141E+05  0.2141E+05  0.2141E+05  0.5130E-03  0.8973E-02  0.7759E-10  0.2783E+01  0.4724E-08  0.8447E-02 -0.1121E-02 -0.1011E-02 -0.7712E-02  0.2394E-03  0.9329E-02  0.1569E-02
    69  0.4080E+02  0.5421E-15  0.2668E-03  0.1851E-02  0.1380E-09  0.2787E+00  0.2036E+00  0.2969E-01  0.3024E-01  0.4408E+00 -0.2548E-02  0.2137E+05  0.2137E+05  0.2137E+05  0.5082E-03  0.8930E-02  0.7752E-10  0.2703E+01  0.4984E-08  0.8438E-02 -0.1149E-02 -0.1024E-02 -0.7902E-02 -0.1202E-04  0.9761E-02  0.1648E-02
    70  0.4140E+02  0.4337E-15  0.2651E-03  0.1858E-02  0.1364E-09  0.2748E+00  0.2038E+00  0.2967E-01  0.3310E-01  0.4397E+00 -0.1741E-02  0.2135E+05  0.2135E+05  0.2135E+05  0.4980E-03  0.8935E-02  0.7751E-10  0.2667E+01  0.5106E-08  0.8468E-02 -0.1133E-02 -0.1026E-02 -0.7417E-02 -0.4489E-03  0.9183E-02  0.1622E-02
    71  0.4200E+02 -0.5421E-15  0.2650E-03  0.1859E-02  0.1361E-09  0.2780E+00  0.2040E+00  0.2948E-01  0.3698E-01  0.4380E+00 -0.3472E-02  0.2133E+05  0.2133E+05  0.2133E+05  0.5090E-03  0.8959E-02  0.7735E-10  0.2665E+01  0.5313E-08  0.8492E-02 -0.1145E-02 -0.9948E-03 -0.8352E-02 -0.3307E-03  0.9315E-02  0.1593E-02
    72  0.4260E+02 -0.9758E-15  0.2644E-03  0.1863E-02  0.1358E-09  0.2755E+00  0.2042E+00  0.2948E-01  0.2621E-01  0.4387E+00 -0.1052E-01  0.2130E+05  0.2130E+05  0.2130E+05  0.4911E-03  0.8953E-02  0.7750E-10  0.2619E+01  0.5953E-08  0.8500E-02 -0.1150E-02 -0.1026E-02 -0.7652E-02 -0.1879E-03  0.8964E-02  0.1644E-02
    73  0.4320E+02 -0.7589E-15  0.2621E-03  0.1859E-02  0.1334E-09  0.2742E+00  0.2043E+00  0.2977E-01  0.3549E-01  0.4401E+00 -0.1492E-01  0.2126E+05  0.2126E+05  0.2126E+05  0.5002E-03  0.8949E-02  0.7752E-10  0.2702E+01  0.6261E-08  0.8484E-02 -0.1164E-02 -0.1040E-02 -0.7955E-02 -0.2418E-03  0.9122E-02  0.1691E-02
    74  0.4380E+02 -0.1084E-14  0.2616E-03  0.1861E-02  0.1333E-09  0.2725E+00  0.2045E+00  0.2961E-01  0.3294E-01  0.4440E+00 -0.1789E-01  0.2123E+05  0.2123E+05  0.2123E+05  0.4874E-03  0.8925E-02  0.7793E-10  0.2703E+01  0.6795E-08  0.8456E-02 -0.1165E-02 -0.9961E-03 -0.7755E-02 -0.1680E-03  0.9069E-02  0.1642E-02
    75  0.4440E+02 -0.4337E-15  0.2607E-03  0.1869E-02  0.1329E-09  0.2737E+00  0.2045E+00  0.2951E-01  0.3181E-01  0.4473E+00 -0.1628E-01  0.2119E+05  0.2119E+05  0.2119E+05  0.4863E-03  0.8904E-02  0.7843E-10  0.2685E+01  0.7487E-08  0.8442E-02 -0.1157E-02 -0.1018E-02 -0.7695E-02 -0.5185E-03  0.8968E-02  0.1667E-02
    76  0.4500E+02  0.2168E-15  0.2588E-03  0.1865E-02  0.1304E-09  0.2705E+00  0.2045E+00  0.2961E-01  0.2633E-01  0.4480E+00 -0.1039E-01  0.2114E+05  0.2114E+05  0.2114E+05  0.4770E-03  0.8880E-02  0.7840E-10  0.2692E+01  0.7334E-08  0.8426E-02 -0.1169E-02 -0.1037E-02 -0.8144E-02 -0.1651E-03  0.8991E-02  0.1718E-02
