 #NTuple/Z0                                                                      
 output from Ecalc9f version   2.09
  settings: 
    particle type:            2
    pzmin/pzmax:    0.0000000000000000      /   100.00000000000000     
    transverse cuts:    0.0000000000000000        0.0000000000000000     
    longitudinal cut:    0.0000000000000000     
    RF frequency (MHz):    704.00000000000000     
    sigma cut:    4.0000000000000000     
    subtract out amplitude correlation
    wrnew9 =  F

regn #   Z           Bz          eperp       elong       e6D         Ldim        Pzavg       beta        alpha       betaL       alphaL      n0          n1          n2          Lcan(eVs)   sigmaE      sigmaT      corrE       corrT       sigmaE_c    xavg        yavg        Dx          Dy          Dr          Dr2
     1  0.0000E+00  0.0000E+00  0.3855E-03  0.2064E-02  0.3121E-09  0.1455E+00  0.2076E+00  0.5062E-01  0.3358E-01  0.4411E+00  0.1274E-01  0.2348E+05  0.2348E+05  0.2348E+05  0.3934E-03  0.9297E-02  0.8065E-10  0.1820E+01  0.2828E-08  0.9030E-02 -0.1036E-02 -0.1800E-02 -0.1251E-01  0.8559E-03  0.4803E-02  0.2779E-02
     2  0.6500E+00  0.0000E+00  0.3739E-03  0.2080E-02  0.2936E-09  0.1439E+00  0.2070E+00  0.3353E-01  0.2265E+00  0.4317E+00  0.2817E-01  0.2325E+05  0.2325E+05  0.2325E+05  0.4167E-03  0.9336E-02  0.8029E-10  0.1642E+01  0.3908E-08  0.9146E-02 -0.1214E-02 -0.1780E-02 -0.7173E-02 -0.1792E-03  0.9406E-02  0.2992E-02
     3  0.1300E+01  0.0000E+00  0.3780E-03  0.2060E-02  0.3007E-09  0.1387E+00  0.2067E+00  0.3493E-01 -0.8719E-01  0.4249E+00  0.4012E-01  0.2303E+05  0.2303E+05  0.2303E+05  0.3344E-03  0.9365E-02  0.7957E-10  0.1663E+01  0.6120E-08  0.9168E-02 -0.1339E-02 -0.1841E-02 -0.4974E-02 -0.6933E-03 -0.1085E-02  0.3198E-02
     4  0.1950E+01  0.0000E+00  0.3766E-03  0.2041E-02  0.2956E-09  0.1396E+00  0.2060E+00  0.3880E-01  0.1988E-01  0.4152E+00  0.4704E-01  0.2290E+05  0.2290E+05  0.2290E+05  0.3255E-03  0.9460E-02  0.7846E-10  0.1885E+01  0.6164E-08  0.9215E-02 -0.1057E-02 -0.1808E-02 -0.8012E-02  0.6462E-04  0.5218E-02  0.2694E-02
     5  0.2600E+01  0.0000E+00  0.3674E-03  0.2048E-02  0.2799E-09  0.1438E+00  0.2050E+00  0.3684E-01  0.1908E-01  0.4024E+00  0.2781E-01  0.2279E+05  0.2279E+05  0.2279E+05  0.3947E-03  0.9566E-02  0.7774E-10  0.1932E+01  0.7335E-08  0.9336E-02 -0.1079E-02 -0.1791E-02 -0.1055E-01  0.3259E-03  0.6589E-02  0.2621E-02
     6  0.3250E+01  0.0000E+00  0.3635E-03  0.2050E-02  0.2765E-09  0.1454E+00  0.2040E+00  0.3729E-01  0.1985E-02  0.3958E+00 -0.7421E-02  0.2272E+05  0.2272E+05  0.2272E+05  0.3575E-03  0.9626E-02  0.7748E-10  0.2010E+01  0.7911E-08  0.9383E-02 -0.1187E-02 -0.1834E-02 -0.8574E-02  0.2254E-03  0.5539E-02  0.2788E-02
     7  0.3900E+01  0.0000E+00  0.3598E-03  0.2042E-02  0.2728E-09  0.1479E+00  0.2029E+00  0.3707E-01  0.1231E-01  0.4007E+00 -0.3901E-01  0.2267E+05  0.2267E+05  0.2267E+05  0.3525E-03  0.9577E-02  0.7800E-10  0.2247E+01  0.7133E-08  0.9276E-02 -0.1023E-02 -0.1824E-02 -0.6743E-02 -0.4397E-03  0.6518E-02  0.2572E-02
     8  0.4550E+01  0.0000E+00  0.3571E-03  0.2043E-02  0.2689E-09  0.1494E+00  0.2019E+00  0.3723E-01  0.4001E-02  0.4137E+00 -0.6227E-01  0.2261E+05  0.2261E+05  0.2261E+05  0.3820E-03  0.9453E-02  0.7946E-10  0.2404E+01  0.6405E-08  0.9109E-02 -0.1006E-02 -0.1773E-02 -0.8286E-02 -0.9515E-04  0.7696E-02  0.2504E-02
     9  0.5200E+01  0.0000E+00  0.3545E-03  0.2044E-02  0.2654E-09  0.1515E+00  0.2011E+00  0.3734E-01  0.1673E-01  0.4304E+00 -0.6545E-01  0.2255E+05  0.2255E+05  0.2255E+05  0.3564E-03  0.9279E-02  0.8121E-10  0.2478E+01  0.5376E-08  0.8911E-02 -0.1055E-02 -0.1809E-02 -0.9318E-02  0.6244E-04  0.8424E-02  0.2726E-02
    10  0.5850E+01  0.0000E+00  0.3510E-03  0.2041E-02  0.2610E-09  0.1549E+00  0.2005E+00  0.3715E-01  0.1156E-01  0.4455E+00 -0.4303E-01  0.2250E+05  0.2250E+05  0.2250E+05  0.3586E-03  0.9113E-02  0.8260E-10  0.2557E+01  0.3536E-08  0.8724E-02 -0.9444E-03 -0.1839E-02 -0.8150E-02 -0.8461E-04  0.8774E-02  0.2748E-02
    11  0.6500E+01  0.0000E+00  0.3497E-03  0.2036E-02  0.2581E-09  0.1564E+00  0.2004E+00  0.3758E-01  0.2303E-01  0.4539E+00 -0.6204E-02  0.2247E+05  0.2247E+05  0.2247E+05  0.3947E-03  0.9018E-02  0.8327E-10  0.2577E+01  0.1825E-08  0.8620E-02 -0.9446E-03 -0.1784E-02 -0.8685E-02  0.2051E-03  0.9113E-02  0.2674E-02
    12  0.7150E+01  0.0000E+00  0.3474E-03  0.2037E-02  0.2532E-09  0.1586E+00  0.2005E+00  0.3720E-01  0.2332E-01  0.4504E+00  0.2788E-01  0.2242E+05  0.2242E+05  0.2242E+05  0.3756E-03  0.9027E-02  0.8291E-10  0.2489E+01  0.2336E-09  0.8663E-02 -0.1028E-02 -0.1795E-02 -0.9467E-02  0.9100E-04  0.8838E-02  0.2802E-02
    13  0.7800E+01  0.0000E+00  0.3440E-03  0.2035E-02  0.2480E-09  0.1616E+00  0.2010E+00  0.3742E-01  0.2378E-01  0.4400E+00  0.4745E-01  0.2238E+05  0.2238E+05  0.2238E+05  0.3728E-03  0.9107E-02  0.8177E-10  0.2381E+01 -0.1200E-08  0.8784E-02 -0.9745E-03 -0.1840E-02 -0.7693E-02 -0.1798E-03  0.7982E-02  0.2789E-02
    14  0.8450E+01  0.0000E+00  0.3422E-03  0.2035E-02  0.2437E-09  0.1631E+00  0.2018E+00  0.3768E-01  0.2639E-01  0.4285E+00  0.4427E-01  0.2235E+05  0.2235E+05  0.2235E+05  0.4032E-03  0.9194E-02  0.8049E-10  0.2196E+01 -0.1976E-08  0.8924E-02 -0.1015E-02 -0.1796E-02 -0.7819E-02 -0.2424E-03  0.7828E-02  0.2704E-02
    15  0.9100E+01  0.0000E+00  0.3417E-03  0.2033E-02  0.2401E-09  0.1655E+00  0.2027E+00  0.3781E-01  0.4853E-01  0.4223E+00  0.2468E-01  0.2232E+05  0.2232E+05  0.2232E+05  0.3824E-03  0.9233E-02  0.7961E-10  0.2009E+01 -0.2348E-08  0.9008E-02 -0.1102E-02 -0.1787E-02 -0.1010E-01  0.4667E-03  0.6302E-02  0.2783E-02
    16  0.9750E+01  0.0000E+00  0.3384E-03  0.2033E-02  0.2346E-09  0.1665E+00  0.2037E+00  0.3677E-01  0.3420E-01  0.4220E+00  0.9690E-03  0.2227E+05  0.2227E+05  0.2227E+05  0.3776E-03  0.9214E-02  0.7929E-10  0.1777E+01 -0.2368E-08  0.9041E-02 -0.1030E-02 -0.1855E-02 -0.9070E-02  0.6325E-03  0.4656E-02  0.2857E-02
    17  0.1040E+02  0.0000E+00  0.3347E-03  0.2027E-02  0.2287E-09  0.1688E+00  0.2048E+00  0.3765E-01 -0.4248E-02  0.4279E+00 -0.1554E-01  0.2223E+05  0.2223E+05  0.2223E+05  0.4341E-03  0.9139E-02  0.7940E-10  0.1638E+01 -0.9277E-09  0.8996E-02 -0.1117E-02 -0.1810E-02 -0.7751E-02 -0.6191E-03  0.6125E-02  0.2949E-02
    18  0.1105E+02  0.0000E+00  0.3348E-03  0.2026E-02  0.2288E-09  0.1707E+00  0.2057E+00  0.3941E-01  0.5524E-01  0.4367E+00 -0.1701E-01  0.2220E+05  0.2220E+05  0.2220E+05  0.3900E-03  0.9061E-02  0.7996E-10  0.1527E+01  0.4518E-09  0.8933E-02 -0.1252E-02 -0.1758E-02 -0.6778E-02 -0.1266E-02  0.4656E-02  0.3099E-02
    19  0.1170E+02  0.0000E+00  0.3338E-03  0.2022E-02  0.2254E-09  0.1735E+00  0.2062E+00  0.3565E-01  0.8534E-01  0.4429E+00 -0.2716E-02  0.2217E+05  0.2217E+05  0.2217E+05  0.3619E-03  0.8993E-02  0.8033E-10  0.1447E+01  0.2034E-08  0.8876E-02 -0.1136E-02 -0.1841E-02 -0.9927E-02  0.6231E-03  0.3752E-02  0.3159E-02
    20  0.1235E+02  0.0000E+00  0.3321E-03  0.2015E-02  0.2223E-09  0.1703E+00  0.2065E+00  0.3659E-01 -0.5176E-01  0.4427E+00  0.2086E-01  0.2211E+05  0.2211E+05  0.2211E+05  0.4184E-03  0.8999E-02  0.8012E-10  0.1511E+01  0.3814E-08  0.8874E-02 -0.1095E-02 -0.1867E-02 -0.1028E-01  0.1666E-02  0.2180E-02  0.3156E-02
    21  0.1300E+02  0.0000E+00  0.3285E-03  0.2008E-02  0.2189E-09  0.1726E+00  0.2066E+00  0.3947E-01  0.3491E-01  0.4355E+00  0.4269E-01  0.2207E+05  0.2207E+05  0.2207E+05  0.4330E-03  0.9076E-02  0.7940E-10  0.1588E+01  0.5308E-08  0.8940E-02 -0.1283E-02 -0.1768E-02 -0.6252E-02 -0.1381E-02  0.4819E-02  0.3178E-02
    22  0.1365E+02  0.0000E+00  0.3258E-03  0.2004E-02  0.2152E-09  0.1752E+00  0.2062E+00  0.3640E-01  0.3841E-01  0.4214E+00  0.5042E-01  0.2203E+05  0.2203E+05  0.2203E+05  0.3450E-03  0.9220E-02  0.7826E-10  0.1711E+01  0.6888E-08  0.9071E-02 -0.1223E-02 -0.1782E-02 -0.7343E-02 -0.1264E-02  0.5758E-02  0.3021E-02
    23  0.1430E+02  0.0000E+00  0.3266E-03  0.2000E-02  0.2160E-09  0.1762E+00  0.2056E+00  0.3732E-01  0.6948E-02  0.4093E+00  0.3889E-01  0.2199E+05  0.2199E+05  0.2199E+05  0.3958E-03  0.9362E-02  0.7735E-10  0.1954E+01  0.8324E-08  0.9171E-02 -0.1044E-02 -0.1874E-02 -0.9286E-02  0.2318E-03  0.3640E-02  0.2856E-02
    24  0.1495E+02  0.0000E+00  0.3256E-03  0.1994E-02  0.2147E-09  0.1751E+00  0.2047E+00  0.3719E-01  0.9009E-02  0.4010E+00  0.1688E-01  0.2196E+05  0.2196E+05  0.2196E+05  0.4275E-03  0.9463E-02  0.7664E-10  0.2211E+01  0.7968E-08  0.9217E-02 -0.1159E-02 -0.1797E-02 -0.9714E-02  0.1578E-02  0.5165E-02  0.2775E-02
    25  0.1560E+02  0.0000E+00  0.3226E-03  0.1992E-02  0.2128E-09  0.1747E+00  0.2037E+00  0.3735E-01  0.3495E-02  0.3989E+00 -0.1215E-01  0.2192E+05  0.2192E+05  0.2192E+05  0.3688E-03  0.9491E-02  0.7661E-10  0.2403E+01  0.7499E-08  0.9206E-02 -0.1148E-02 -0.1799E-02 -0.7005E-02 -0.8367E-03  0.5882E-02  0.2734E-02
    26  0.1625E+02  0.0000E+00  0.3205E-03  0.1985E-02  0.2102E-09  0.1805E+00  0.2027E+00  0.3725E-01  0.1343E-01  0.4053E+00 -0.3967E-01  0.2189E+05  0.2189E+05  0.2189E+05  0.3923E-03  0.9423E-02  0.7729E-10  0.2603E+01  0.6680E-08  0.9088E-02 -0.1011E-02 -0.1821E-02 -0.8024E-02 -0.9752E-03  0.6872E-02  0.2630E-02
    27  0.1690E+02  0.0000E+00  0.3189E-03  0.1987E-02  0.2080E-09  0.1822E+00  0.2018E+00  0.3717E-01  0.2849E-03  0.4164E+00 -0.5474E-01  0.2186E+05  0.2186E+05  0.2186E+05  0.4091E-03  0.9303E-02  0.7855E-10  0.2687E+01  0.5426E-08  0.8948E-02 -0.1025E-02 -0.1790E-02 -0.8995E-02  0.4873E-03  0.7160E-02  0.2630E-02
    28  0.1755E+02  0.0000E+00  0.3167E-03  0.1983E-02  0.2051E-09  0.1841E+00  0.2010E+00  0.3769E-01  0.1394E-02  0.4300E+00 -0.5227E-01  0.2182E+05  0.2182E+05  0.2182E+05  0.3930E-03  0.9139E-02  0.7985E-10  0.2726E+01  0.3678E-08  0.8773E-02 -0.1036E-02 -0.1824E-02 -0.9022E-02 -0.1150E-03  0.8296E-02  0.2811E-02
    29  0.1820E+02  0.0000E+00  0.3144E-03  0.1981E-02  0.2024E-09  0.1866E+00  0.2005E+00  0.3769E-01  0.1879E-01  0.4409E+00 -0.2957E-01  0.2180E+05  0.2180E+05  0.2180E+05  0.3995E-03  0.8997E-02  0.8089E-10  0.2700E+01  0.1383E-08  0.8635E-02 -0.9553E-03 -0.1814E-02 -0.7864E-02  0.4581E-03  0.8066E-02  0.2759E-02
    30  0.1885E+02  0.0000E+00  0.3132E-03  0.1982E-02  0.1995E-09  0.1876E+00  0.2003E+00  0.3732E-01  0.1512E-01  0.4446E+00 -0.9947E-03  0.2177E+05  0.2177E+05  0.2177E+05  0.4157E-03  0.8921E-02  0.8129E-10  0.2575E+01 -0.4215E-09  0.8591E-02 -0.9801E-03 -0.1796E-02 -0.8931E-02 -0.4829E-03  0.8536E-02  0.2793E-02
    31  0.1950E+02  0.0000E+00  0.3117E-03  0.1981E-02  0.1967E-09  0.1888E+00  0.2005E+00  0.3774E-01  0.1824E-01  0.4415E+00  0.2287E-01  0.2174E+05  0.2174E+05  0.2174E+05  0.3989E-03  0.8913E-02  0.8097E-10  0.2412E+01 -0.1677E-08  0.8627E-02 -0.1004E-02 -0.1801E-02 -0.8858E-02  0.2060E-03  0.7715E-02  0.2837E-02
    32  0.2015E+02  0.0000E+00  0.3096E-03  0.1978E-02  0.1930E-09  0.1898E+00  0.2009E+00  0.3784E-01  0.2216E-01  0.4341E+00  0.3641E-01  0.2171E+05  0.2171E+05  0.2171E+05  0.4048E-03  0.8945E-02  0.8012E-10  0.2200E+01 -0.2693E-08  0.8710E-02 -0.9808E-03 -0.1831E-02 -0.8111E-02  0.5479E-03  0.7203E-02  0.2861E-02
    33  0.2080E+02  0.0000E+00  0.3087E-03  0.1976E-02  0.1900E-09  0.1904E+00  0.2016E+00  0.3760E-01  0.3550E-01  0.4253E+00  0.3101E-01  0.2168E+05  0.2168E+05  0.2168E+05  0.4171E-03  0.9001E-02  0.7908E-10  0.1954E+01 -0.2824E-08  0.8816E-02 -0.1034E-02 -0.1811E-02 -0.9352E-02 -0.6683E-03  0.6950E-02  0.2863E-02
    34  0.2145E+02  0.0000E+00  0.3071E-03  0.1973E-02  0.1871E-09  0.1909E+00  0.2025E+00  0.3787E-01  0.2289E-01  0.4217E+00  0.1192E-01  0.2165E+05  0.2165E+05  0.2165E+05  0.4026E-03  0.9024E-02  0.7843E-10  0.1792E+01 -0.2353E-08  0.8872E-02 -0.1049E-02 -0.1779E-02 -0.9287E-02  0.3139E-03  0.5584E-02  0.2802E-02
    35  0.2210E+02  0.0000E+00  0.3055E-03  0.1969E-02  0.1846E-09  0.1905E+00  0.2035E+00  0.3786E-01  0.3790E-01  0.4245E+00 -0.6294E-02  0.2163E+05  0.2163E+05  0.2163E+05  0.4080E-03  0.8993E-02  0.7832E-10  0.1659E+01 -0.1423E-08  0.8864E-02 -0.1071E-02 -0.1838E-02 -0.8319E-02 -0.2147E-03  0.5060E-02  0.3006E-02
    36  0.2275E+02  0.0000E+00  0.3039E-03  0.1967E-02  0.1823E-09  0.1937E+00  0.2044E+00  0.3744E-01  0.2522E-01  0.4310E+00 -0.1709E-01  0.2160E+05  0.2160E+05  0.2160E+05  0.4250E-03  0.8935E-02  0.7860E-10  0.1560E+01  0.1946E-09  0.8820E-02 -0.1151E-02 -0.1814E-02 -0.8189E-02 -0.6426E-03  0.5223E-02  0.3126E-02
    37  0.2340E+02  0.0000E+00  0.3027E-03  0.1964E-02  0.1806E-09  0.1949E+00  0.2052E+00  0.3803E-01  0.2978E-01  0.4391E+00 -0.1234E-01  0.2156E+05  0.2156E+05  0.2156E+05  0.3972E-03  0.8864E-02  0.7907E-10  0.1499E+01  0.1953E-08  0.8757E-02 -0.1159E-02 -0.1771E-02 -0.7881E-02 -0.2929E-03  0.4108E-02  0.3093E-02
    38  0.2405E+02  0.0000E+00  0.3014E-03  0.1965E-02  0.1785E-09  0.1950E+00  0.2058E+00  0.3753E-01  0.3474E-01  0.4434E+00  0.4394E-02  0.2153E+05  0.2153E+05  0.2153E+05  0.4008E-03  0.8840E-02  0.7936E-10  0.1514E+01  0.3777E-08  0.8733E-02 -0.1141E-02 -0.1851E-02 -0.9645E-02  0.9483E-03  0.4056E-02  0.3295E-02
    39  0.2470E+02  0.0000E+00  0.3006E-03  0.1962E-02  0.1778E-09  0.1920E+00  0.2061E+00  0.3755E-01  0.1488E-01  0.4407E+00  0.2619E-01  0.2150E+05  0.2150E+05  0.2150E+05  0.4185E-03  0.8885E-02  0.7908E-10  0.1609E+01  0.5562E-08  0.8767E-02 -0.1173E-02 -0.1845E-02 -0.8754E-02  0.2027E-03  0.3827E-02  0.3304E-02
    40  0.2535E+02  0.0000E+00  0.2995E-03  0.1957E-02  0.1774E-09  0.1955E+00  0.2061E+00  0.3768E-01  0.2532E-01  0.4316E+00  0.4326E-01  0.2146E+05  0.2146E+05  0.2146E+05  0.4133E-03  0.8995E-02  0.7822E-10  0.1760E+01  0.6659E-08  0.8852E-02 -0.1211E-02 -0.1753E-02 -0.7303E-02 -0.1157E-02  0.4724E-02  0.3068E-02
    41  0.2600E+02  0.0000E+00  0.2986E-03  0.1951E-02  0.1760E-09  0.1961E+00  0.2058E+00  0.3735E-01  0.2025E-01  0.4208E+00  0.4620E-01  0.2142E+05  0.2142E+05  0.2142E+05  0.3805E-03  0.9116E-02  0.7728E-10  0.1951E+01  0.7459E-08  0.8943E-02 -0.1167E-02 -0.1824E-02 -0.8713E-02 -0.6476E-03  0.5204E-02  0.3083E-02
    42  0.2665E+02  0.0000E+00  0.2969E-03  0.1947E-02  0.1740E-09  0.1991E+00  0.2052E+00  0.3736E-01  0.8453E-02  0.4088E+00  0.3602E-01  0.2138E+05  0.2138E+05  0.2138E+05  0.4188E-03  0.9238E-02  0.7629E-10  0.2107E+01  0.8064E-08  0.9042E-02 -0.1117E-02 -0.1859E-02 -0.8696E-02  0.9875E-03  0.4434E-02  0.2991E-02
    43  0.2730E+02  0.0000E+00  0.2962E-03  0.1944E-02  0.1735E-09  0.1966E+00  0.2044E+00  0.3757E-01  0.4170E-02  0.4012E+00  0.1312E-01  0.2136E+05  0.2136E+05  0.2136E+05  0.4140E-03  0.9321E-02  0.7570E-10  0.2304E+01  0.7781E-08  0.9089E-02 -0.1145E-02 -0.1785E-02 -0.8455E-02  0.4286E-03  0.5175E-02  0.2803E-02
    44  0.2795E+02  0.0000E+00  0.2945E-03  0.1944E-02  0.1724E-09  0.1994E+00  0.2035E+00  0.3749E-01  0.9356E-02  0.4011E+00 -0.1498E-01  0.2133E+05  0.2133E+05  0.2133E+05  0.3939E-03  0.9329E-02  0.7589E-10  0.2494E+01  0.7192E-08  0.9061E-02 -0.1099E-02 -0.1801E-02 -0.8174E-02 -0.1500E-02  0.6637E-02  0.2763E-02
    45  0.2860E+02  0.0000E+00  0.2932E-03  0.1940E-02  0.1709E-09  0.2008E+00  0.2025E+00  0.3748E-01  0.6076E-02  0.4068E+00 -0.3601E-01  0.2130E+05  0.2130E+05  0.2130E+05  0.4048E-03  0.9262E-02  0.7651E-10  0.2629E+01  0.5881E-08  0.8962E-02 -0.1034E-02 -0.1814E-02 -0.8347E-02  0.3266E-03  0.6329E-02  0.2725E-02
    46  0.2925E+02  0.0000E+00  0.2929E-03  0.1936E-02  0.1702E-09  0.2009E+00  0.2017E+00  0.3770E-01  0.6032E-02  0.4173E+00 -0.4505E-01  0.2127E+05  0.2127E+05  0.2127E+05  0.4084E-03  0.9139E-02  0.7757E-10  0.2698E+01  0.4303E-08  0.8817E-02 -0.1044E-02 -0.1815E-02 -0.9144E-02  0.9067E-04  0.7213E-02  0.2799E-02
    47  0.2990E+02  0.0000E+00  0.2910E-03  0.1931E-02  0.1681E-09  0.2012E+00  0.2010E+00  0.3747E-01  0.1356E-01  0.4285E+00 -0.4079E-01  0.2124E+05  0.2124E+05  0.2124E+05  0.3986E-03  0.9001E-02  0.7862E-10  0.2732E+01  0.2584E-08  0.8665E-02 -0.9986E-03 -0.1812E-02 -0.8314E-02  0.6609E-03  0.7243E-02  0.2804E-02
    48  0.3055E+02  0.0000E+00  0.2893E-03  0.1928E-02  0.1656E-09  0.2016E+00  0.2005E+00  0.3746E-01  0.5321E-02  0.4364E+00 -0.2126E-01  0.2121E+05  0.2121E+05  0.2121E+05  0.4094E-03  0.8875E-02  0.7939E-10  0.2644E+01  0.1069E-08  0.8561E-02 -0.9834E-03 -0.1810E-02 -0.7964E-02 -0.1539E-03  0.7624E-02  0.2851E-02
    49  0.3120E+02  0.0000E+00  0.2883E-03  0.1924E-02  0.1633E-09  0.2041E+00  0.2004E+00  0.3807E-01  0.1324E-01  0.4390E+00  0.2397E-02  0.2120E+05  0.2120E+05  0.2120E+05  0.4048E-03  0.8811E-02  0.7958E-10  0.2543E+01 -0.4924E-09  0.8520E-02 -0.1008E-02 -0.1799E-02 -0.9438E-02 -0.6175E-03  0.8515E-02  0.2903E-02
    50  0.3185E+02  0.0000E+00  0.2870E-03  0.1920E-02  0.1613E-09  0.2053E+00  0.2005E+00  0.3763E-01  0.2851E-01  0.4357E+00  0.2140E-01  0.2118E+05  0.2118E+05  0.2118E+05  0.3996E-03  0.8803E-02  0.7918E-10  0.2378E+01 -0.1758E-08  0.8551E-02 -0.9620E-03 -0.1800E-02 -0.7941E-02  0.4481E-03  0.7096E-02  0.2840E-02
    51  0.3250E+02  0.0000E+00  0.2862E-03  0.1918E-02  0.1591E-09  0.2059E+00  0.2010E+00  0.3762E-01  0.1509E-01  0.4290E+00  0.2744E-01  0.2115E+05  0.2115E+05  0.2115E+05  0.4185E-03  0.8831E-02  0.7841E-10  0.2144E+01 -0.2321E-08  0.8628E-02 -0.1015E-02 -0.1833E-02 -0.8739E-02 -0.5989E-04  0.6819E-02  0.2977E-02
    52  0.3315E+02  0.0000E+00  0.2848E-03  0.1917E-02  0.1564E-09  0.2083E+00  0.2016E+00  0.3821E-01  0.2294E-01  0.4235E+00  0.1839E-01  0.2113E+05  0.2113E+05  0.2113E+05  0.4088E-03  0.8860E-02  0.7770E-10  0.1920E+01 -0.2517E-08  0.8700E-02 -0.1049E-02 -0.1806E-02 -0.9438E-02 -0.1528E-03  0.6897E-02  0.2958E-02
    53  0.3380E+02  0.0000E+00  0.2830E-03  0.1913E-02  0.1540E-09  0.2093E+00  0.2025E+00  0.3794E-01  0.3188E-01  0.4226E+00  0.3915E-02  0.2110E+05  0.2110E+05  0.2110E+05  0.4074E-03  0.8858E-02  0.7730E-10  0.1769E+01 -0.1996E-08  0.8725E-02 -0.1021E-02 -0.1786E-02 -0.8264E-02  0.5837E-04  0.5784E-02  0.2880E-02
    54  0.3445E+02  0.0000E+00  0.2825E-03  0.1909E-02  0.1525E-09  0.2115E+00  0.2034E+00  0.3797E-01  0.2829E-01  0.4264E+00 -0.1050E-01  0.2108E+05  0.2108E+05  0.2108E+05  0.4258E-03  0.8816E-02  0.7729E-10  0.1605E+01 -0.1010E-08  0.8704E-02 -0.1097E-02 -0.1835E-02 -0.9024E-02 -0.2700E-03  0.5150E-02  0.3152E-02
    55  0.3510E+02  0.0000E+00  0.2813E-03  0.1907E-02  0.1511E-09  0.2119E+00  0.2042E+00  0.3796E-01  0.3124E-01  0.4336E+00 -0.1511E-01  0.2106E+05  0.2106E+05  0.2106E+05  0.4155E-03  0.8749E-02  0.7768E-10  0.1479E+01  0.8098E-09  0.8654E-02 -0.1146E-02 -0.1816E-02 -0.8285E-02  0.3212E-03  0.4579E-02  0.3242E-02
    56  0.3575E+02  0.0000E+00  0.2802E-03  0.1905E-02  0.1495E-09  0.2119E+00  0.2050E+00  0.3784E-01  0.2898E-01  0.4397E+00 -0.7081E-02  0.2103E+05  0.2103E+05  0.2103E+05  0.4056E-03  0.8699E-02  0.7801E-10  0.1432E+01  0.2604E-08  0.8610E-02 -0.1125E-02 -0.1794E-02 -0.8614E-02 -0.8686E-03  0.4693E-02  0.3209E-02
    57  0.3640E+02  0.0000E+00  0.2795E-03  0.1905E-02  0.1489E-09  0.2128E+00  0.2055E+00  0.3801E-01  0.2248E-01  0.4418E+00  0.9912E-02  0.2101E+05  0.2101E+05  0.2101E+05  0.4175E-03  0.8704E-02  0.7812E-10  0.1513E+01  0.4469E-08  0.8605E-02 -0.1146E-02 -0.1823E-02 -0.9362E-02  0.7050E-03  0.4259E-02  0.3324E-02
    58  0.3705E+02  0.0000E+00  0.2780E-03  0.1903E-02  0.1478E-09  0.2119E+00  0.2057E+00  0.3776E-01  0.2550E-01  0.4374E+00  0.2826E-01  0.2098E+05  0.2098E+05  0.2098E+05  0.4151E-03  0.8769E-02  0.7771E-10  0.1638E+01  0.6081E-08  0.8656E-02 -0.1187E-02 -0.1838E-02 -0.7926E-02 -0.1818E-03  0.4203E-02  0.3387E-02
    59  0.3770E+02  0.0000E+00  0.2774E-03  0.1901E-02  0.1475E-09  0.2151E+00  0.2057E+00  0.3761E-01  0.1681E-01  0.4284E+00  0.4106E-01  0.2095E+05  0.2095E+05  0.2095E+05  0.4149E-03  0.8881E-02  0.7694E-10  0.1812E+01  0.7265E-08  0.8742E-02 -0.1171E-02 -0.1781E-02 -0.8354E-02 -0.6139E-03  0.4837E-02  0.3137E-02
    60  0.3835E+02  0.0000E+00  0.2769E-03  0.1897E-02  0.1471E-09  0.2138E+00  0.2054E+00  0.3775E-01  0.1533E-01  0.4177E+00  0.3947E-01  0.2093E+05  0.2093E+05  0.2093E+05  0.4014E-03  0.9012E-02  0.7604E-10  0.2068E+01  0.8048E-08  0.8835E-02 -0.1140E-02 -0.1818E-02 -0.8663E-02  0.9699E-04  0.5070E-02  0.3082E-02
    61  0.3900E+02  0.0000E+00  0.2757E-03  0.1895E-02  0.1464E-09  0.2160E+00  0.2048E+00  0.3740E-01  0.1074E-01  0.4077E+00  0.2791E-01  0.2091E+05  0.2091E+05  0.2091E+05  0.4244E-03  0.9123E-02  0.7526E-10  0.2239E+01  0.8127E-08  0.8918E-02 -0.1152E-02 -0.1850E-02 -0.8017E-02 -0.9749E-05  0.5157E-02  0.3091E-02
    62  0.3965E+02  0.0000E+00  0.2748E-03  0.1892E-02  0.1455E-09  0.2148E+00  0.2041E+00  0.3780E-01  0.1644E-02  0.4026E+00  0.5353E-02  0.2088E+05  0.2088E+05  0.2088E+05  0.4046E-03  0.9180E-02  0.7487E-10  0.2437E+01  0.7526E-08  0.8941E-02 -0.1128E-02 -0.1777E-02 -0.8644E-02  0.1870E-04  0.5798E-02  0.2842E-02
    63  0.4030E+02  0.0000E+00  0.2737E-03  0.1892E-02  0.1449E-09  0.2177E+00  0.2032E+00  0.3783E-01  0.1005E-01  0.4042E+00 -0.1846E-01  0.2085E+05  0.2085E+05  0.2085E+05  0.4055E-03  0.9166E-02  0.7518E-10  0.2573E+01  0.6497E-08  0.8898E-02 -0.1051E-02 -0.1805E-02 -0.8310E-02 -0.7250E-03  0.6833E-02  0.2796E-02
    64  0.4095E+02  0.0000E+00  0.2721E-03  0.1890E-02  0.1431E-09  0.2191E+00  0.2024E+00  0.3756E-01  0.4565E-02  0.4100E+00 -0.3474E-01  0.2082E+05  0.2082E+05  0.2082E+05  0.4213E-03  0.9095E-02  0.7582E-10  0.2683E+01  0.5250E-08  0.8805E-02 -0.1074E-02 -0.1835E-02 -0.8567E-02  0.4123E-03  0.6400E-02  0.2920E-02
    65  0.4160E+02  0.0000E+00  0.2717E-03  0.1886E-02  0.1426E-09  0.2174E+00  0.2016E+00  0.3789E-01  0.7759E-02  0.4198E+00 -0.3937E-01  0.2080E+05  0.2080E+05  0.2080E+05  0.4009E-03  0.8977E-02  0.7678E-10  0.2744E+01  0.3509E-08  0.8669E-02 -0.1049E-02 -0.1807E-02 -0.8517E-02  0.2651E-03  0.6930E-02  0.2882E-02
    66  0.4225E+02  0.0000E+00  0.2701E-03  0.1880E-02  0.1408E-09  0.2171E+00  0.2009E+00  0.3745E-01  0.1618E-01  0.4292E+00 -0.2900E-01  0.2077E+05  0.2077E+05  0.2077E+05  0.4020E-03  0.8852E-02  0.7764E-10  0.2777E+01  0.1577E-08  0.8539E-02 -0.9722E-03 -0.1798E-02 -0.7834E-02 -0.5756E-04  0.6952E-02  0.2821E-02
    67  0.4290E+02  0.0000E+00  0.2693E-03  0.1876E-02  0.1386E-09  0.2201E+00  0.2005E+00  0.3768E-01 -0.5771E-03  0.4340E+00 -0.1047E-01  0.2074E+05  0.2074E+05  0.2074E+05  0.4164E-03  0.8746E-02  0.7808E-10  0.2633E+01 -0.2395E-09  0.8466E-02 -0.1011E-02 -0.1810E-02 -0.9469E-02 -0.9878E-03  0.8094E-02  0.2973E-02
    68  0.4355E+02  0.0000E+00  0.2681E-03  0.1874E-02  0.1370E-09  0.2214E+00  0.2004E+00  0.3829E-01  0.1694E-01  0.4334E+00  0.8074E-02  0.2072E+05  0.2072E+05  0.2072E+05  0.3997E-03  0.8708E-02  0.7803E-10  0.2449E+01 -0.1525E-08  0.8466E-02 -0.9968E-03 -0.1800E-02 -0.8578E-02  0.6944E-03  0.7409E-02  0.2946E-02
    69  0.4420E+02  0.0000E+00  0.2669E-03  0.1873E-02  0.1352E-09  0.2205E+00  0.2006E+00  0.3772E-01  0.2492E-01  0.4293E+00  0.2058E-01  0.2069E+05  0.2069E+05  0.2069E+05  0.4096E-03  0.8711E-02  0.7759E-10  0.2246E+01 -0.2176E-08  0.8510E-02 -0.9767E-03 -0.1828E-02 -0.8112E-02  0.9603E-04  0.6484E-02  0.2983E-02
    70  0.4485E+02  0.0000E+00  0.2665E-03  0.1867E-02  0.1334E-09  0.2207E+00  0.2011E+00  0.3791E-01  0.1738E-01  0.4234E+00  0.1998E-01  0.2067E+05  0.2067E+05  0.2067E+05  0.4137E-03  0.8729E-02  0.7683E-10  0.2022E+01 -0.2701E-08  0.8569E-02 -0.1026E-02 -0.1809E-02 -0.9383E-02  0.7067E-04  0.6356E-02  0.2999E-02
    71  0.4550E+02  0.0000E+00  0.2656E-03  0.1864E-02  0.1320E-09  0.2218E+00  0.2017E+00  0.3814E-01  0.2523E-01  0.4209E+00  0.7899E-02  0.2065E+05  0.2065E+05  0.2065E+05  0.4041E-03  0.8734E-02  0.7636E-10  0.1809E+01 -0.1961E-08  0.8606E-02 -0.1032E-02 -0.1793E-02 -0.8660E-02 -0.2020E-03  0.5986E-02  0.2975E-02
    72  0.4615E+02  0.0000E+00  0.2649E-03  0.1861E-02  0.1307E-09  0.2238E+00  0.2025E+00  0.3814E-01  0.2645E-01  0.4230E+00 -0.6925E-02  0.2063E+05  0.2063E+05  0.2063E+05  0.4118E-03  0.8714E-02  0.7625E-10  0.1689E+01 -0.7476E-09  0.8602E-02 -0.1047E-02 -0.1819E-02 -0.8948E-02 -0.3320E-03  0.5569E-02  0.3091E-02
    73  0.4680E+02  0.0000E+00  0.2632E-03  0.1859E-02  0.1289E-09  0.2256E+00  0.2033E+00  0.3808E-01  0.2734E-01  0.4284E+00 -0.1719E-01  0.2060E+05  0.2060E+05  0.2060E+05  0.4203E-03  0.8665E-02  0.7648E-10  0.1567E+01  0.5526E-09  0.8570E-02 -0.1098E-02 -0.1823E-02 -0.8230E-02  0.3883E-03  0.4651E-02  0.3226E-02
    74  0.4745E+02  0.0000E+00  0.2627E-03  0.1858E-02  0.1281E-09  0.2262E+00  0.2041E+00  0.3814E-01  0.2908E-01  0.4358E+00 -0.1681E-01  0.2058E+05  0.2058E+05  0.2058E+05  0.4142E-03  0.8610E-02  0.7693E-10  0.1535E+01  0.2543E-08  0.8518E-02 -0.1135E-02 -0.1804E-02 -0.8793E-02 -0.5226E-03  0.4874E-02  0.3295E-02
    75  0.4810E+02  0.0000E+00  0.2619E-03  0.1860E-02  0.1276E-09  0.2290E+00  0.2048E+00  0.3800E-01  0.2703E-01  0.4411E+00 -0.3939E-02  0.2057E+05  0.2057E+05  0.2057E+05  0.4108E-03  0.8585E-02  0.7733E-10  0.1574E+01  0.4611E-08  0.8488E-02 -0.1118E-02 -0.1799E-02 -0.9383E-02 -0.6513E-03  0.4965E-02  0.3290E-02
    76  0.4875E+02  0.0000E+00  0.2608E-03  0.1861E-02  0.1272E-09  0.2296E+00  0.2052E+00  0.3791E-01  0.1705E-01  0.4412E+00  0.1427E-01  0.2055E+05  0.2055E+05  0.2055E+05  0.4253E-03  0.8609E-02  0.7731E-10  0.1645E+01  0.6089E-08  0.8504E-02 -0.1147E-02 -0.1831E-02 -0.7896E-02  0.9061E-03  0.3948E-02  0.3405E-02
    77  0.4940E+02  0.0000E+00  0.2601E-03  0.1862E-02  0.1266E-09  0.2295E+00  0.2054E+00  0.3815E-01  0.2059E-01  0.4360E+00  0.3144E-01  0.2053E+05  0.2053E+05  0.2053E+05  0.4178E-03  0.8695E-02  0.7689E-10  0.1828E+01  0.7556E-08  0.8566E-02 -0.1208E-02 -0.1833E-02 -0.8812E-02 -0.3163E-03  0.5057E-02  0.3461E-02
    78  0.5005E+02  0.0000E+00  0.2589E-03  0.1863E-02  0.1262E-09  0.2293E+00  0.2054E+00  0.3795E-01  0.1715E-01  0.4266E+00  0.4024E-01  0.2050E+05  0.2050E+05  0.2050E+05  0.4030E-03  0.8815E-02  0.7615E-10  0.1996E+01  0.8114E-08  0.8664E-02 -0.1120E-02 -0.1779E-02 -0.8154E-02  0.2573E-03  0.4985E-02  0.3091E-02
    79  0.5070E+02  0.0000E+00  0.2590E-03  0.1862E-02  0.1264E-09  0.2281E+00  0.2050E+00  0.3785E-01  0.2010E-01  0.4154E+00  0.3863E-01  0.2047E+05  0.2047E+05  0.2047E+05  0.4219E-03  0.8950E-02  0.7522E-10  0.2222E+01  0.8447E-08  0.8766E-02 -0.1145E-02 -0.1833E-02 -0.8583E-02 -0.9189E-03  0.5685E-02  0.3163E-02
    80  0.5135E+02  0.0000E+00  0.2585E-03  0.1862E-02  0.1263E-09  0.2310E+00  0.2045E+00  0.3759E-01  0.9617E-02  0.4063E+00  0.2407E-01  0.2046E+05  0.2046E+05  0.2046E+05  0.4120E-03  0.9055E-02  0.7451E-10  0.2384E+01  0.7889E-08  0.8843E-02 -0.1171E-02 -0.1816E-02 -0.8617E-02  0.2071E-03  0.5330E-02  0.3079E-02
    81  0.5200E+02  0.0000E+00  0.2576E-03  0.1859E-02  0.1256E-09  0.2294E+00  0.2038E+00  0.3776E-01  0.5355E-02  0.4024E+00  0.1553E-02  0.2044E+05  0.2044E+05  0.2044E+05  0.3972E-03  0.9089E-02  0.7422E-10  0.2540E+01  0.7057E-08  0.8853E-02 -0.1069E-02 -0.1792E-02 -0.7813E-02  0.3962E-03  0.5256E-02  0.2834E-02
