 #NTuple/Z0                                                                      
 output from Ecalc9f version   2.09
  settings: 
    particle type:            2
    pzmin/pzmax:    0.0000000000000000      /   100.00000000000000     
    transverse cuts:    0.0000000000000000        0.0000000000000000     
    longitudinal cut:    0.0000000000000000     
    RF frequency (MHz):    704.00000000000000     
    sigma cut:    4.0000000000000000     
    subtract out amplitude correlation
    wrnew9 =  F

regn #   Z           Bz          eperp       elong       e6D         Ldim        Pzavg       beta        alpha       betaL       alphaL      n0          n1          n2          Lcan(eVs)   sigmaE      sigmaT      corrE       corrT       sigmaE_c    xavg        yavg        Dx          Dy          Dr          Dr2
     1  0.0000E+00  0.2168E-15  0.1917E-03  0.1648E-02  0.6143E-10  0.4126E-01  0.2019E+00  0.2005E-01  0.3992E-01  0.4905E+00 -0.6050E-02  0.1731E+05  0.1731E+05  0.1731E+05  0.3508E-04  0.7739E-02  0.7745E-10  0.2563E+01  0.2799E-08  0.7503E-02 -0.1130E-02 -0.1343E-02 -0.7472E-02 -0.5654E-03  0.5763E-02  0.2726E-02
     2  0.6000E+00 -0.3524E-15  0.1937E-03  0.1670E-02  0.6323E-10  0.3905E-01  0.2018E+00  0.1473E-01  0.8668E-01  0.4938E+00 -0.8043E-01  0.1728E+05  0.1728E+05  0.1728E+05  0.9218E-04  0.7751E-02  0.7831E-10  0.2324E+01  0.4650E-08  0.7548E-02 -0.1235E-02 -0.1258E-02 -0.6732E-02  0.4270E-03  0.6187E-02  0.2748E-02
     3  0.1200E+01  0.9758E-15  0.1957E-03  0.1656E-02  0.6496E-10  0.3022E-01  0.2022E+00  0.1623E-01  0.2262E-01  0.5301E+00 -0.1398E+00  0.1717E+05  0.1717E+05  0.1717E+05 -0.1920E-04  0.7493E-02  0.8092E-10  0.2105E+01  0.9070E-08  0.7310E-02 -0.1266E-02 -0.1255E-02 -0.4610E-02 -0.5707E-03  0.3922E-02  0.2998E-02
     4  0.1800E+01 -0.6776E-15  0.1928E-03  0.1643E-02  0.6251E-10  0.3029E-01  0.2024E+00  0.1654E-01  0.4793E-01  0.5726E+00 -0.1624E+00  0.1708E+05  0.1708E+05  0.1708E+05  0.3332E-05  0.7228E-02  0.8374E-10  0.2171E+01  0.1016E-07  0.7035E-02 -0.1194E-02 -0.1320E-02 -0.6174E-02 -0.1227E-02  0.6096E-02  0.3225E-02
     5  0.2400E+01 -0.3253E-15  0.1915E-03  0.1652E-02  0.6189E-10  0.2456E-01  0.2026E+00  0.1630E-01  0.5382E-01  0.6095E+00 -0.1614E+00  0.1700E+05  0.1700E+05  0.1700E+05  0.2707E-04  0.7010E-02  0.8687E-10  0.2008E+01  0.1408E-07  0.6841E-02 -0.1218E-02 -0.1273E-02 -0.7228E-02  0.8764E-03  0.5381E-02  0.3359E-02
     6  0.3000E+01  0.1111E-14  0.1882E-03  0.1656E-02  0.6049E-10  0.1871E-01  0.2028E+00  0.1643E-01  0.3157E-01  0.6456E+00 -0.1344E+00  0.1692E+05  0.1692E+05  0.1692E+05 -0.6630E-05  0.6812E-02  0.8968E-10  0.2094E+01  0.1719E-07  0.6634E-02 -0.1254E-02 -0.1287E-02 -0.5974E-02 -0.5406E-03  0.5314E-02  0.3701E-02
     7  0.3600E+01 -0.4337E-15  0.1874E-03  0.1659E-02  0.6037E-10  0.1967E-01  0.2029E+00  0.1675E-01  0.5269E-01  0.6693E+00 -0.8425E-01  0.1685E+05  0.1685E+05  0.1685E+05  0.1753E-05  0.6694E-02  0.9148E-10  0.2223E+01  0.1869E-07  0.6489E-02 -0.1240E-02 -0.1301E-02 -0.5872E-02 -0.3853E-03  0.5931E-02  0.3841E-02
     8  0.4200E+01 -0.1138E-14  0.1859E-03  0.1661E-02  0.5967E-10  0.1575E-01  0.2029E+00  0.1635E-01  0.4068E-01  0.6784E+00 -0.2263E-01  0.1678E+05  0.1678E+05  0.1678E+05  0.2621E-07  0.6651E-02  0.9237E-10  0.2348E+01  0.2112E-07  0.6428E-02 -0.1232E-02 -0.1277E-02 -0.5953E-02 -0.1010E-03  0.5805E-02  0.3790E-02
     9  0.4800E+01 -0.1193E-14  0.1845E-03  0.1662E-02  0.5877E-10  0.1307E-01  0.2030E+00  0.1664E-01  0.4618E-01  0.6733E+00  0.3998E-01  0.1670E+05  0.1670E+05  0.1670E+05 -0.8220E-05  0.6708E-02  0.9210E-10  0.2525E+01  0.2176E-07  0.6459E-02 -0.1255E-02 -0.1284E-02 -0.6647E-02 -0.5968E-03  0.6482E-02  0.3823E-02
    10  0.5400E+01 -0.7860E-15  0.1842E-03  0.1664E-02  0.5886E-10  0.1083E-01  0.2029E+00  0.1637E-01  0.4933E-01  0.6531E+00  0.9532E-01  0.1665E+05  0.1665E+05  0.1665E+05 -0.1582E-04  0.6863E-02  0.9089E-10  0.2699E+01  0.2234E-07  0.6585E-02 -0.1239E-02 -0.1300E-02 -0.5499E-02  0.2387E-03  0.5774E-02  0.3648E-02
    11  0.6000E+01 -0.9487E-15  0.1840E-03  0.1660E-02  0.5875E-10  0.7203E-02  0.2028E+00  0.1629E-01  0.3939E-01  0.6226E+00  0.1315E+00  0.1660E+05  0.1660E+05  0.1660E+05 -0.3550E-05  0.7073E-02  0.8883E-10  0.2889E+01  0.2310E-07  0.6763E-02 -0.1241E-02 -0.1287E-02 -0.6048E-02 -0.7511E-04  0.6032E-02  0.3406E-02
    12  0.6600E+01  0.1355E-15  0.1832E-03  0.1660E-02  0.5826E-10  0.5167E-02  0.2028E+00  0.1634E-01  0.5299E-01  0.5851E+00  0.1464E+00  0.1654E+05  0.1654E+05  0.1654E+05 -0.2475E-04  0.7336E-02  0.8609E-10  0.3139E+01  0.2220E-07  0.6987E-02 -0.1242E-02 -0.1277E-02 -0.6244E-02 -0.6150E-03  0.6300E-02  0.3147E-02
    13  0.7200E+01  0.9758E-15  0.1827E-03  0.1664E-02  0.5823E-10  0.5702E-02  0.2026E+00  0.1608E-01  0.4950E-01  0.5504E+00  0.1357E+00  0.1648E+05  0.1648E+05  0.1648E+05 -0.2153E-04  0.7554E-02  0.8367E-10  0.3213E+01  0.2193E-07  0.7199E-02 -0.1221E-02 -0.1289E-02 -0.5528E-02 -0.4745E-03  0.5812E-02  0.2944E-02
    14  0.7800E+01  0.1328E-14  0.1818E-03  0.1658E-02  0.5747E-10  0.2246E-02  0.2025E+00  0.1609E-01  0.5458E-01  0.5221E+00  0.1080E+00  0.1642E+05  0.1642E+05  0.1642E+05 -0.1842E-04  0.7762E-02  0.8119E-10  0.3539E+01  0.2003E-07  0.7351E-02 -0.1234E-02 -0.1287E-02 -0.6339E-02  0.1256E-03  0.5620E-02  0.2811E-02
    15  0.8400E+01  0.1247E-14  0.1814E-03  0.1662E-02  0.5755E-10 -0.1946E-02  0.2024E+00  0.1583E-01  0.5515E-01  0.5013E+00  0.6088E-01  0.1638E+05  0.1638E+05  0.1638E+05 -0.3229E-04  0.7904E-02  0.7956E-10  0.3618E+01  0.1851E-07  0.7479E-02 -0.1228E-02 -0.1294E-02 -0.5924E-02 -0.5533E-03  0.5471E-02  0.2711E-02
    16  0.9000E+01  0.1301E-14  0.1811E-03  0.1658E-02  0.5749E-10 -0.3202E-02  0.2023E+00  0.1592E-01  0.5025E-01  0.4952E+00  0.3003E-02  0.1631E+05  0.1631E+05  0.1631E+05 -0.2066E-04  0.7963E-02  0.7879E-10  0.3784E+01  0.1654E-07  0.7499E-02 -0.1218E-02 -0.1286E-02 -0.5822E-02 -0.1696E-03  0.5399E-02  0.2632E-02
    17  0.9600E+01  0.5421E-15  0.1816E-03  0.1652E-02  0.5791E-10 -0.4791E-02  0.2022E+00  0.1578E-01  0.5273E-01  0.5049E+00 -0.5035E-01  0.1627E+05  0.1627E+05  0.1627E+05 -0.3536E-04  0.7934E-02  0.7925E-10  0.3965E+01  0.1466E-07  0.7419E-02 -0.1218E-02 -0.1280E-02 -0.6186E-02 -0.3904E-03  0.5845E-02  0.2637E-02
    18  0.1020E+02 -0.8132E-15  0.1813E-03  0.1647E-02  0.5787E-10 -0.4344E-02  0.2021E+00  0.1593E-01  0.5675E-01  0.5248E+00 -0.9422E-01  0.1622E+05  0.1622E+05  0.1622E+05 -0.2680E-04  0.7812E-02  0.8049E-10  0.3979E+01  0.1243E-07  0.7286E-02 -0.1219E-02 -0.1289E-02 -0.5367E-02 -0.6075E-03  0.5507E-02  0.2737E-02
    19  0.1080E+02 -0.6505E-15  0.1803E-03  0.1638E-02  0.5683E-10 -0.8175E-02  0.2020E+00  0.1577E-01  0.5195E-01  0.5530E+00 -0.1141E+00  0.1615E+05  0.1615E+05  0.1615E+05 -0.4035E-04  0.7619E-02  0.8221E-10  0.3947E+01  0.9684E-08  0.7092E-02 -0.1228E-02 -0.1287E-02 -0.6125E-02  0.1523E-03  0.5452E-02  0.2889E-02
    20  0.1140E+02  0.1382E-14  0.1790E-03  0.1639E-02  0.5585E-10 -0.1072E-01  0.2020E+00  0.1598E-01  0.3484E-01  0.5811E+00 -0.1131E+00  0.1608E+05  0.1608E+05  0.1608E+05 -0.4605E-04  0.7413E-02  0.8420E-10  0.3795E+01  0.8027E-08  0.6919E-02 -0.1200E-02 -0.1293E-02 -0.5880E-02 -0.1570E-04  0.5578E-02  0.3000E-02
    21  0.1200E+02 -0.8403E-15  0.1763E-03  0.1639E-02  0.5405E-10 -0.1363E-01  0.2020E+00  0.1603E-01  0.4122E-01  0.6066E+00 -0.9203E-01  0.1603E+05  0.1603E+05  0.1603E+05 -0.2338E-04  0.7208E-02  0.8598E-10  0.3681E+01  0.6970E-08  0.6758E-02 -0.1215E-02 -0.1284E-02 -0.5174E-02 -0.4406E-03  0.5520E-02  0.3184E-02
    22  0.1260E+02 -0.8132E-15  0.1752E-03  0.1641E-02  0.5273E-10 -0.1521E-01  0.2020E+00  0.1653E-01  0.3266E-01  0.6252E+00 -0.5776E-01  0.1598E+05  0.1598E+05  0.1598E+05 -0.4869E-04  0.7044E-02  0.8728E-10  0.3477E+01  0.6104E-08  0.6643E-02 -0.1249E-02 -0.1274E-02 -0.6732E-02 -0.5544E-03  0.6887E-02  0.3404E-02
    23  0.1320E+02  0.7047E-15  0.1736E-03  0.1637E-02  0.5141E-10 -0.1859E-01  0.2021E+00  0.1656E-01  0.5978E-01  0.6336E+00 -0.1269E-01  0.1592E+05  0.1592E+05  0.1592E+05 -0.6528E-04  0.6924E-02  0.8771E-10  0.3219E+01  0.4799E-08  0.6582E-02 -0.1194E-02 -0.1289E-02 -0.5664E-02  0.8051E-04  0.5748E-02  0.3409E-02
    24  0.1380E+02 -0.1464E-14  0.1726E-03  0.1633E-02  0.5042E-10 -0.1996E-01  0.2021E+00  0.1625E-01  0.4738E-01  0.6305E+00  0.3405E-01  0.1587E+05  0.1587E+05  0.1587E+05 -0.2671E-04  0.6908E-02  0.8737E-10  0.3094E+01  0.4656E-08  0.6595E-02 -0.1219E-02 -0.1296E-02 -0.5667E-02 -0.6286E-03  0.5786E-02  0.3514E-02
    25  0.1440E+02  0.1409E-14  0.1730E-03  0.1633E-02  0.5000E-10 -0.2132E-01  0.2023E+00  0.1672E-01  0.3897E-01  0.6162E+00  0.7001E-01  0.1583E+05  0.1583E+05  0.1583E+05 -0.5311E-04  0.6951E-02  0.8636E-10  0.2831E+01  0.5460E-08  0.6687E-02 -0.1266E-02 -0.1272E-02 -0.7061E-02  0.4805E-03  0.5722E-02  0.3533E-02
    26  0.1500E+02  0.2982E-15  0.1706E-03  0.1633E-02  0.4847E-10 -0.2622E-01  0.2024E+00  0.1642E-01  0.7330E-01  0.5928E+00  0.9386E-01  0.1577E+05  0.1577E+05  0.1577E+05 -0.7536E-04  0.7058E-02  0.8468E-10  0.2721E+01  0.5808E-08  0.6834E-02 -0.1193E-02 -0.1303E-02 -0.6048E-02 -0.4889E-03  0.5461E-02  0.3324E-02
    27  0.1560E+02  0.1708E-14  0.1702E-03  0.1631E-02  0.4795E-10 -0.2450E-01  0.2025E+00  0.1611E-01  0.2728E-01  0.5669E+00  0.9860E-01  0.1573E+05  0.1573E+05  0.1573E+05 -0.1453E-04  0.7182E-02  0.8274E-10  0.2534E+01  0.6109E-08  0.6990E-02 -0.1234E-02 -0.1279E-02 -0.5862E-02 -0.1390E-02  0.5396E-02  0.3251E-02
    28  0.1620E+02  0.1193E-14  0.1704E-03  0.1633E-02  0.4791E-10 -0.2539E-01  0.2027E+00  0.1671E-01  0.6042E-01  0.5428E+00  0.8021E-01  0.1569E+05  0.1569E+05  0.1569E+05 -0.7953E-04  0.7316E-02  0.8104E-10  0.2450E+01  0.8438E-08  0.7141E-02 -0.1282E-02 -0.1257E-02 -0.6550E-02  0.2259E-03  0.4846E-02  0.3201E-02
    29  0.1680E+02  0.7860E-15  0.1701E-03  0.1627E-02  0.4758E-10 -0.3058E-01  0.2029E+00  0.1603E-01  0.7549E-01  0.5259E+00  0.5052E-01  0.1564E+05  0.1564E+05  0.1564E+05 -0.8663E-04  0.7406E-02  0.7960E-10  0.2453E+01  0.8608E-08  0.7232E-02 -0.1200E-02 -0.1329E-02 -0.6260E-02 -0.1785E-03  0.4472E-02  0.3107E-02
    30  0.1740E+02  0.1708E-14  0.1701E-03  0.1626E-02  0.4746E-10 -0.2882E-01  0.2031E+00  0.1595E-01  0.3134E-01  0.5194E+00  0.8876E-02  0.1559E+05  0.1559E+05  0.1559E+05 -0.1480E-04  0.7445E-02  0.7911E-10  0.2499E+01  0.1060E-07  0.7270E-02 -0.1236E-02 -0.1290E-02 -0.6843E-02  0.4388E-04  0.4620E-02  0.3066E-02
    31  0.1800E+02 -0.1897E-15  0.1697E-03  0.1626E-02  0.4760E-10 -0.3167E-01  0.2033E+00  0.1631E-01  0.6007E-01  0.5207E+00 -0.3658E-01  0.1555E+05  0.1555E+05  0.1555E+05 -0.6880E-04  0.7445E-02  0.7927E-10  0.2453E+01  0.1216E-07  0.7272E-02 -0.1291E-02 -0.1256E-02 -0.5860E-02 -0.4395E-03  0.4404E-02  0.3120E-02
    32  0.1860E+02  0.8132E-15  0.1692E-03  0.1628E-02  0.4749E-10 -0.3052E-01  0.2034E+00  0.1587E-01  0.5805E-01  0.5352E+00 -0.7157E-01  0.1551E+05  0.1551E+05  0.1551E+05 -0.8013E-04  0.7374E-02  0.8043E-10  0.2497E+01  0.1329E-07  0.7195E-02 -0.1249E-02 -0.1309E-02 -0.5774E-02 -0.8100E-03  0.4503E-02  0.3216E-02
    33  0.1920E+02  0.1355E-14  0.1696E-03  0.1629E-02  0.4772E-10 -0.3245E-01  0.2036E+00  0.1602E-01  0.5136E-01  0.5574E+00 -0.9694E-01  0.1548E+05  0.1548E+05  0.1548E+05 -0.4625E-04  0.7260E-02  0.8217E-10  0.2550E+01  0.1514E-07  0.7068E-02 -0.1244E-02 -0.1297E-02 -0.7096E-02  0.3401E-03  0.4713E-02  0.3275E-02
    34  0.1980E+02 -0.3524E-15  0.1688E-03  0.1631E-02  0.4784E-10 -0.3506E-01  0.2037E+00  0.1614E-01  0.4292E-01  0.5835E+00 -0.1040E+00  0.1544E+05  0.1544E+05  0.1544E+05 -0.5991E-04  0.7131E-02  0.8424E-10  0.2641E+01  0.1727E-07  0.6922E-02 -0.1272E-02 -0.1271E-02 -0.6092E-02 -0.7693E-03  0.4886E-02  0.3401E-02
    35  0.2040E+02 -0.1301E-14  0.1679E-03  0.1630E-02  0.4757E-10 -0.3331E-01  0.2037E+00  0.1639E-01  0.6422E-01  0.6081E+00 -0.8472E-01  0.1539E+05  0.1539E+05  0.1539E+05 -0.6580E-04  0.7008E-02  0.8598E-10  0.2809E+01  0.1794E-07  0.6768E-02 -0.1278E-02 -0.1286E-02 -0.6036E-02 -0.3482E-03  0.4965E-02  0.3580E-02
    36  0.2100E+02 -0.1355E-15  0.1675E-03  0.1639E-02  0.4776E-10 -0.3688E-01  0.2037E+00  0.1595E-01  0.4920E-01  0.6228E+00 -0.5519E-01  0.1535E+05  0.1535E+05  0.1535E+05 -0.7504E-04  0.6953E-02  0.8730E-10  0.2938E+01  0.1887E-07  0.6690E-02 -0.1260E-02 -0.1303E-02 -0.5986E-02 -0.1205E-03  0.5096E-02  0.3636E-02
    37  0.2160E+02 -0.6776E-15  0.1677E-03  0.1643E-02  0.4809E-10 -0.3623E-01  0.2037E+00  0.1634E-01  0.4426E-01  0.6283E+00 -0.1519E-01  0.1531E+05  0.1531E+05  0.1531E+05 -0.5255E-04  0.6939E-02  0.8788E-10  0.2984E+01  0.1970E-07  0.6660E-02 -0.1261E-02 -0.1285E-02 -0.5861E-02 -0.3396E-04  0.4995E-02  0.3601E-02
    38  0.2220E+02 -0.1681E-14  0.1659E-03  0.1644E-02  0.4704E-10 -0.4134E-01  0.2036E+00  0.1610E-01  0.5884E-01  0.6235E+00  0.2632E-01  0.1526E+05  0.1526E+05  0.1526E+05 -0.7336E-04  0.6987E-02  0.8753E-10  0.3175E+01  0.1942E-07  0.6687E-02 -0.1276E-02 -0.1282E-02 -0.6281E-02 -0.5305E-03  0.5610E-02  0.3587E-02
    39  0.2280E+02 -0.1166E-14  0.1649E-03  0.1650E-02  0.4657E-10 -0.3921E-01  0.2035E+00  0.1616E-01  0.3536E-01  0.6091E+00  0.6068E-01  0.1523E+05  0.1523E+05  0.1523E+05 -0.7305E-04  0.7087E-02  0.8671E-10  0.3250E+01  0.1951E-07  0.6787E-02 -0.1261E-02 -0.1292E-02 -0.5878E-02 -0.6008E-03  0.5466E-02  0.3472E-02
    40  0.2340E+02 -0.5421E-15  0.1644E-03  0.1653E-02  0.4633E-10 -0.4083E-01  0.2034E+00  0.1639E-01  0.5684E-01  0.5899E+00  0.8341E-01  0.1520E+05  0.1520E+05  0.1520E+05 -0.7111E-04  0.7236E-02  0.8531E-10  0.3434E+01  0.1788E-07  0.6911E-02 -0.1253E-02 -0.1286E-02 -0.6238E-02  0.1361E-03  0.5423E-02  0.3292E-02
    41  0.2400E+02  0.7589E-15  0.1639E-03  0.1651E-02  0.4592E-10 -0.4177E-01  0.2033E+00  0.1598E-01  0.4610E-01  0.5658E+00  0.8870E-01  0.1515E+05  0.1515E+05  0.1515E+05 -0.6974E-04  0.7385E-02  0.8346E-10  0.3522E+01  0.1661E-07  0.7052E-02 -0.1258E-02 -0.1292E-02 -0.6291E-02 -0.3214E-03  0.5465E-02  0.3186E-02
    42  0.2460E+02 -0.1545E-14  0.1642E-03  0.1650E-02  0.4616E-10 -0.4469E-01  0.2032E+00  0.1620E-01  0.5571E-01  0.5448E+00  0.7525E-01  0.1511E+05  0.1511E+05  0.1511E+05 -0.7293E-04  0.7512E-02  0.8189E-10  0.3544E+01  0.1562E-07  0.7175E-02 -0.1256E-02 -0.1289E-02 -0.5907E-02 -0.3429E-03  0.5205E-02  0.3063E-02
    43  0.2520E+02 -0.1003E-14  0.1641E-03  0.1652E-02  0.4609E-10 -0.4294E-01  0.2030E+00  0.1584E-01  0.5428E-01  0.5287E+00  0.5114E-01  0.1507E+05  0.1507E+05  0.1507E+05 -0.7545E-04  0.7616E-02  0.8068E-10  0.3592E+01  0.1455E-07  0.7272E-02 -0.1247E-02 -0.1273E-02 -0.6018E-02 -0.6791E-03  0.5429E-02  0.2922E-02
    44  0.2580E+02 -0.7047E-15  0.1649E-03  0.1652E-02  0.4659E-10 -0.4106E-01  0.2030E+00  0.1598E-01  0.5135E-01  0.5219E+00  0.1829E-01  0.1504E+05  0.1504E+05  0.1504E+05 -0.7719E-04  0.7665E-02  0.8017E-10  0.3618E+01  0.1404E-07  0.7310E-02 -0.1248E-02 -0.1289E-02 -0.6156E-02 -0.3231E-03  0.4995E-02  0.2917E-02
    45  0.2640E+02 -0.1355E-15  0.1636E-03  0.1650E-02  0.4581E-10 -0.4664E-01  0.2029E+00  0.1601E-01  0.4907E-01  0.5227E+00 -0.1587E-01  0.1499E+05  0.1499E+05  0.1499E+05 -0.7808E-04  0.7668E-02  0.8004E-10  0.3787E+01  0.1181E-07  0.7297E-02 -0.1240E-02 -0.1301E-02 -0.6364E-02 -0.1831E-04  0.5146E-02  0.2927E-02
    46  0.2700E+02  0.1897E-15  0.1636E-03  0.1652E-02  0.4609E-10 -0.4655E-01  0.2029E+00  0.1585E-01  0.5661E-01  0.5298E+00 -0.4667E-01  0.1495E+05  0.1495E+05  0.1495E+05 -0.6500E-04  0.7626E-02  0.8062E-10  0.3714E+01  0.1130E-07  0.7260E-02 -0.1239E-02 -0.1277E-02 -0.5629E-02 -0.2278E-03  0.4625E-02  0.2898E-02
    47  0.2760E+02 -0.3524E-15  0.1643E-03  0.1644E-02  0.4629E-10 -0.4719E-01  0.2028E+00  0.1607E-01  0.4803E-01  0.5470E+00 -0.6512E-01  0.1491E+05  0.1491E+05  0.1491E+05 -0.8518E-04  0.7525E-02  0.8163E-10  0.3782E+01  0.9414E-08  0.7134E-02 -0.1256E-02 -0.1278E-02 -0.6233E-02 -0.7044E-03  0.5266E-02  0.3019E-02
    48  0.2820E+02 -0.1518E-14  0.1637E-03  0.1643E-02  0.4595E-10 -0.4920E-01  0.2028E+00  0.1591E-01  0.6408E-01  0.5660E+00 -0.7330E-01  0.1487E+05  0.1487E+05  0.1487E+05 -0.8682E-04  0.7397E-02  0.8296E-10  0.3731E+01  0.8413E-08  0.7014E-02 -0.1227E-02 -0.1300E-02 -0.6123E-02 -0.1644E-04  0.4941E-02  0.3105E-02
    49  0.2880E+02  0.9758E-15  0.1632E-03  0.1636E-02  0.4559E-10 -0.5255E-01  0.2029E+00  0.1585E-01  0.4831E-01  0.5836E+00 -0.6483E-01  0.1482E+05  0.1482E+05  0.1482E+05 -0.6881E-04  0.7282E-02  0.8399E-10  0.3761E+01  0.7179E-08  0.6889E-02 -0.1241E-02 -0.1290E-02 -0.5873E-02 -0.3030E-03  0.4829E-02  0.3213E-02
    50  0.2940E+02  0.5963E-15  0.1621E-03  0.1637E-02  0.4474E-10 -0.5236E-01  0.2029E+00  0.1621E-01  0.4126E-01  0.5975E+00 -0.4731E-01  0.1477E+05  0.1477E+05  0.1477E+05 -0.8355E-04  0.7154E-02  0.8495E-10  0.3569E+01  0.6046E-08  0.6806E-02 -0.1267E-02 -0.1268E-02 -0.5678E-02 -0.4564E-03  0.5019E-02  0.3338E-02
    51  0.3000E+02 -0.1355E-14  0.1606E-03  0.1634E-02  0.4358E-10 -0.5626E-01  0.2030E+00  0.1624E-01  0.6022E-01  0.6061E+00 -0.2244E-01  0.1472E+05  0.1472E+05  0.1472E+05 -0.1075E-03  0.7066E-02  0.8546E-10  0.3440E+01  0.5990E-08  0.6748E-02 -0.1233E-02 -0.1294E-02 -0.6362E-02 -0.2506E-03  0.5068E-02  0.3406E-02
    52  0.3060E+02  0.1247E-14  0.1600E-03  0.1638E-02  0.4321E-10 -0.5752E-01  0.2031E+00  0.1609E-01  0.4108E-01  0.6065E+00  0.5391E-02  0.1469E+05  0.1469E+05  0.1469E+05 -0.6792E-04  0.7044E-02  0.8552E-10  0.3316E+01  0.5324E-08  0.6753E-02 -0.1242E-02 -0.1302E-02 -0.5672E-02 -0.4314E-03  0.4709E-02  0.3474E-02
    53  0.3120E+02  0.1166E-14  0.1602E-03  0.1638E-02  0.4304E-10 -0.5826E-01  0.2033E+00  0.1632E-01  0.5809E-01  0.6003E+00  0.2908E-01  0.1466E+05  0.1466E+05  0.1466E+05 -0.8572E-04  0.7055E-02  0.8505E-10  0.3127E+01  0.5961E-08  0.6795E-02 -0.1288E-02 -0.1271E-02 -0.6363E-02  0.4700E-04  0.4841E-02  0.3505E-02
    54  0.3180E+02 -0.4879E-15  0.1589E-03  0.1638E-02  0.4221E-10 -0.5899E-01  0.2035E+00  0.1623E-01  0.4740E-01  0.5892E+00  0.4600E-01  0.1462E+05  0.1462E+05  0.1462E+05 -0.1131E-03  0.7102E-02  0.8421E-10  0.3029E+01  0.6044E-08  0.6868E-02 -0.1246E-02 -0.1300E-02 -0.6129E-02 -0.7616E-03  0.5175E-02  0.3433E-02
    55  0.3240E+02 -0.1355E-14  0.1593E-03  0.1639E-02  0.4226E-10 -0.5708E-01  0.2036E+00  0.1631E-01  0.5569E-01  0.5755E+00  0.4905E-01  0.1458E+05  0.1458E+05  0.1458E+05 -0.6254E-04  0.7170E-02  0.8326E-10  0.2889E+01  0.7436E-08  0.6956E-02 -0.1247E-02 -0.1288E-02 -0.6281E-02 -0.3862E-04  0.4598E-02  0.3340E-02
    56  0.3300E+02  0.3795E-15  0.1585E-03  0.1639E-02  0.4164E-10 -0.6330E-01  0.2038E+00  0.1615E-01  0.5146E-01  0.5619E+00  0.4799E-01  0.1454E+05  0.1454E+05  0.1454E+05 -0.9846E-04  0.7234E-02  0.8221E-10  0.2774E+01  0.7286E-08  0.7043E-02 -0.1299E-02 -0.1279E-02 -0.6439E-02 -0.7852E-04  0.4546E-02  0.3399E-02
    57  0.3360E+02 -0.1518E-14  0.1586E-03  0.1635E-02  0.4166E-10 -0.5998E-01  0.2040E+00  0.1616E-01  0.6070E-01  0.5518E+00  0.3625E-01  0.1451E+05  0.1451E+05  0.1451E+05 -0.9816E-04  0.7280E-02  0.8137E-10  0.2715E+01  0.8356E-08  0.7100E-02 -0.1268E-02 -0.1302E-02 -0.5833E-02 -0.7445E-03  0.4497E-02  0.3337E-02
    58  0.3420E+02 -0.1491E-14  0.1585E-03  0.1637E-02  0.4160E-10 -0.6323E-01  0.2041E+00  0.1596E-01  0.5658E-01  0.5450E+00  0.1578E-01  0.1448E+05  0.1448E+05  0.1448E+05 -0.8231E-04  0.7323E-02  0.8094E-10  0.2714E+01  0.1017E-07  0.7148E-02 -0.1268E-02 -0.1281E-02 -0.6248E-02 -0.7680E-06  0.4160E-02  0.3245E-02
    59  0.3480E+02 -0.4879E-15  0.1593E-03  0.1638E-02  0.4212E-10 -0.6471E-01  0.2043E+00  0.1610E-01  0.5508E-01  0.5449E+00 -0.5555E-02  0.1445E+05  0.1445E+05  0.1445E+05 -0.9884E-04  0.7340E-02  0.8098E-10  0.2736E+01  0.1136E-07  0.7154E-02 -0.1298E-02 -0.1287E-02 -0.6447E-02 -0.6161E-03  0.4491E-02  0.3329E-02
    60  0.3540E+02 -0.1599E-14  0.1595E-03  0.1639E-02  0.4241E-10 -0.6367E-01  0.2044E+00  0.1599E-01  0.6327E-01  0.5479E+00 -0.2431E-01  0.1442E+05  0.1442E+05  0.1442E+05 -0.9943E-04  0.7329E-02  0.8126E-10  0.2726E+01  0.1238E-07  0.7141E-02 -0.1276E-02 -0.1296E-02 -0.5865E-02  0.1434E-03  0.4024E-02  0.3304E-02
    61  0.3600E+02 -0.1220E-14  0.1598E-03  0.1637E-02  0.4260E-10 -0.6532E-01  0.2044E+00  0.1569E-01  0.6696E-01  0.5573E+00 -0.3725E-01  0.1439E+05  0.1439E+05  0.1439E+05 -0.8830E-04  0.7296E-02  0.8190E-10  0.2913E+01  0.1296E-07  0.7080E-02 -0.1282E-02 -0.1292E-02 -0.6568E-02 -0.1621E-03  0.4148E-02  0.3343E-02
    62  0.3660E+02 -0.4879E-15  0.1591E-03  0.1636E-02  0.4244E-10 -0.6579E-01  0.2045E+00  0.1568E-01  0.4346E-01  0.5670E+00 -0.4331E-01  0.1435E+05  0.1435E+05  0.1435E+05 -0.9226E-04  0.7256E-02  0.8265E-10  0.3038E+01  0.1466E-07  0.7021E-02 -0.1295E-02 -0.1285E-02 -0.6054E-02 -0.8719E-03  0.4590E-02  0.3400E-02
    63  0.3720E+02 -0.1328E-14  0.1583E-03  0.1633E-02  0.4226E-10 -0.6441E-01  0.2046E+00  0.1600E-01  0.5464E-01  0.5781E+00 -0.4063E-01  0.1432E+05  0.1432E+05  0.1432E+05 -0.9847E-04  0.7210E-02  0.8344E-10  0.3224E+01  0.1575E-07  0.6949E-02 -0.1292E-02 -0.1279E-02 -0.5654E-02 -0.1911E-03  0.4314E-02  0.3421E-02
    64  0.3780E+02  0.8132E-16  0.1590E-03  0.1637E-02  0.4279E-10 -0.6344E-01  0.2045E+00  0.1585E-01  0.6635E-01  0.5872E+00 -0.3162E-01  0.1429E+05  0.1429E+05  0.1429E+05 -0.9971E-04  0.7185E-02  0.8424E-10  0.3289E+01  0.1630E-07  0.6900E-02 -0.1287E-02 -0.1299E-02 -0.6248E-02 -0.4439E-03  0.4783E-02  0.3487E-02
    65  0.3840E+02 -0.2711E-15  0.1582E-03  0.1640E-02  0.4244E-10 -0.6519E-01  0.2045E+00  0.1569E-01  0.5188E-01  0.5914E+00 -0.1473E-01  0.1424E+05  0.1424E+05  0.1424E+05 -0.8758E-04  0.7163E-02  0.8463E-10  0.3332E+01  0.1650E-07  0.6877E-02 -0.1288E-02 -0.1287E-02 -0.6027E-02  0.9993E-04  0.4300E-02  0.3471E-02
    66  0.3900E+02  0.9216E-15  0.1572E-03  0.1638E-02  0.4194E-10 -0.7148E-01  0.2044E+00  0.1584E-01  0.3755E-01  0.5927E+00  0.5488E-02  0.1420E+05  0.1420E+05  0.1420E+05 -0.1063E-03  0.7169E-02  0.8462E-10  0.3496E+01  0.1582E-07  0.6863E-02 -0.1289E-02 -0.1287E-02 -0.5946E-02 -0.2384E-03  0.4912E-02  0.3472E-02
